4108491;191116;155001.55;512145.7687N;091142.7246E;436.254176;290.00;-0.39;-179.40;5.00
4108541;191116;155002.53;512145.7687N;091142.7246E;436.254176;290.00;-0.39;-179.40;5.00
4108590;191116;155003.54;512145.7687N;091142.7246E;436.254176;290.00;-0.39;-179.40;5.00
4108640;191116;155004.54;512145.7687N;091142.7246E;436.254176;290.00;-0.39;-179.40;5.00
4108690;191116;155005.53;512145.7687N;091142.7246E;436.254176;290.00;-0.39;-179.40;5.00
4108740;191116;155006.52;512145.7687N;091142.7246E;436.254176;290.00;-0.39;-179.40;5.00
4108790;191116;155007.54;512145.7687N;091142.7246E;436.254176;290.00;-0.39;-179.40;5.00
4108839;191116;155008.53;512145.7687N;091142.7246E;436.254176;290.00;-0.39;-179.40;5.00
4108889;191116;155009.37;512145.7687N;091142.7246E;436.254176;290.00;-0.39;-179.40;5.00
4108939;191116;155010.54;512145.7687N;091142.7246E;436.254176;290.00;-0.39;-179.40;5.00
4108985;191116;155011.37;512145.7687N;091142.7246E;436.254176;290.00;-0.39;-179.40;5.00
4109035;191116;155012.37;512145.7687N;091142.7246E;436.254176;290.00;-0.39;-179.40;5.00
4109086;191116;155013.37;512145.7687N;091142.7246E;436.254176;290.00;-0.39;-179.40;5.00
4109136;191116;155014.37;512145.7687N;091142.7246E;436.254176;290.00;-0.39;-179.40;5.00
4109186;191116;155015.37;512145.7687N;091142.7246E;436.254176;290.00;-0.39;-179.40;5.00
4109236;191116;155016.57;512145.7687N;091142.7246E;436.254176;290.00;-0.39;-179.40;5.00
4109286;191116;155017.37;512145.7687N;091142.7246E;436.254176;290.00;-0.39;-179.40;5.00
4109336;191116;155018.37;512145.7687N;091142.7246E;436.254176;290.00;-0.39;-179.40;5.00
4109386;191116;155019.37;512145.7687N;091142.7246E;436.254176;290.00;-0.39;-179.40;5.00
4109436;191116;155020.37;512145.7687N;091142.7246E;436.254176;290.00;-0.39;-179.40;5.00
4109486;191116;155021.37;512145.7687N;091142.7246E;436.254176;290.00;-0.39;-179.40;5.00
4109536;191116;155022.57;512145.7687N;091142.7246E;436.254176;290.00;-0.39;-179.40;5.00
4109586;191116;155023.37;512145.7687N;091142.7246E;436.254176;290.00;-0.39;-179.40;5.00
4109637;191116;155024.58;512145.7687N;091142.7246E;436.254176;290.00;-0.39;-179.40;5.00
4109687;191116;155025.37;512145.7687N;091142.7246E;436.254176;290.00;-0.39;-179.40;5.00
4109737;191116;155026.57;512145.7687N;091142.7246E;436.254176;290.00;-0.39;-179.40;5.00
4109787;191116;155027.58;512145.7687N;091142.7246E;436.254176;290.00;-0.39;-179.40;5.00
4109837;191116;155028.37;512145.7687N;091142.7246E;436.254176;290.00;-0.39;-179.40;5.00
4109887;191116;155029.58;512145.7687N;091142.7246E;436.254176;290.00;-0.39;-179.40;5.00
4109937;191116;155030.58;512145.7687N;091142.7246E;436.254176;290.00;-0.39;-179.40;5.00
4109986;191116;155031.37;512145.7687N;091142.7246E;436.254176;290.00;-0.39;-179.40;5.00
4110036;191116;155032.57;512145.7687N;091142.7246E;436.254176;290.00;-0.39;-179.40;5.00
4110078;191116;155033.58;512145.7687N;091142.7246E;436.254176;290.00;-0.39;-179.40;5.00
4110127;191116;155034.57;512145.7687N;091142.7246E;436.254176;290.00;-0.39;-179.40;5.00
4110177;191116;155035.37;512145.7687N;091142.7246E;436.254176;290.00;-0.39;-179.40;5.00
4110227;191116;155036.37;512145.7687N;091142.7246E;436.254176;290.00;-0.39;-179.40;5.00
4110277;191116;155037.58;512145.7687N;091142.7246E;436.254176;290.00;-0.39;-179.40;5.00
4110327;191116;155038.58;512145.7687N;091142.7246E;436.254176;290.00;-0.39;-179.40;5.00
4110377;191116;155039.48;512145.7687N;091142.7246E;436.254176;290.00;-0.39;-179.40;5.00
4110428;191116;155040.48;512145.7687N;091142.7246E;436.254176;290.00;-0.39;-179.40;5.00
4110478;191116;155041.48;512145.7687N;091142.7246E;436.254176;290.00;-0.39;-179.40;5.00
4110528;191116;155042.48;512145.7687N;091142.7246E;436.254176;290.00;-0.39;-179.40;5.00
4110579;191116;155043.48;512145.7687N;091142.7246E;436.254176;290.00;-0.39;-179.40;5.00
4110629;191116;155044.48;512145.7687N;091142.7246E;436.254176;290.00;-0.39;-179.40;5.00
4110679;191116;155045.48;512145.7687N;091142.7246E;436.254176;290.00;-0.39;-179.40;5.00
4110729;191116;155046.48;512145.7687N;091142.7246E;436.254176;290.00;-0.39;-179.40;5.00
4110779;191116;155047.48;512145.7687N;091142.7246E;436.254176;290.00;-0.39;-179.40;5.00
4110830;191116;155048.48;512145.7687N;091142.7246E;436.254176;290.00;-0.39;-179.40;5.00
4110880;191116;155049.48;512145.7687N;091142.7246E;436.254176;290.00;-0.39;-179.40;5.00
4110930;191116;155050.48;512145.7687N;091142.7246E;436.254176;290.00;-0.39;-179.40;5.00
4110980;191116;155051.48;512145.7687N;091142.7246E;436.254176;290.00;-0.39;-179.40;5.00
4111030;191116;155052.48;512145.7687N;091142.7246E;436.254176;290.00;-0.39;-179.40;5.00
4111080;191116;155053.48;512145.7687N;091142.7246E;436.254176;290.00;-0.39;-179.40;5.00
4111130;191116;155054.48;512145.7687N;091142.7246E;436.254176;290.00;-0.39;-179.40;5.00
4111180;191116;155055.48;512145.7687N;091142.7246E;436.254176;290.00;-0.39;-179.40;5.00
4111230;191116;155056.48;512145.7687N;091142.7246E;436.254176;290.00;-0.39;-179.40;5.00
4111280;191116;155057.48;512145.7687N;091142.7246E;436.254176;290.00;-0.39;-179.40;5.00
4111330;191116;155058.48;512145.7687N;091142.7246E;436.254176;290.00;-0.39;-179.40;5.00
4111380;191116;155059.48;512145.7687N;091142.7246E;436.254176;290.00;-0.39;-179.40;5.00
4111430;191116;155100.48;512145.7687N;091142.7246E;436.254176;290.00;-0.39;-179.40;5.00
4111480;191116;155101.48;512145.7687N;091142.7246E;436.254176;290.00;-0.39;-179.40;5.00
4111530;191116;155102.48;512145.7687N;091142.7246E;436.254176;290.00;-0.39;-179.40;5.00
4111580;191116;155103.48;512145.7569N;091142.7468E;437.869998;290.00;-0.39;-179.40;5.00
4111630;191116;155104.48;512145.7569N;091142.7468E;437.869998;290.00;-0.39;-179.40;5.00
4111680;191116;155105.48;512145.7569N;091142.7468E;437.869998;290.00;-0.39;-179.40;5.00
4111730;191116;155106.48;512145.7569N;091142.7468E;437.869998;290.00;-0.39;-179.40;5.00
4111780;191116;155107.48;512145.7569N;091142.7468E;437.869998;290.00;-0.39;-179.40;5.00
4111830;191116;155108.48;512145.7569N;091142.7468E;437.869998;290.00;-0.39;-179.40;5.00
4111880;191116;155109.48;512145.7569N;091142.7468E;437.869998;290.00;-0.39;-179.40;5.00
4111930;191116;155110.48;512145.7569N;091142.7468E;437.869998;290.00;-0.39;-179.40;5.00
4111980;191116;155111.48;512145.7569N;091142.7468E;437.869998;290.00;-0.39;-179.40;5.00
4112030;191116;155112.48;512145.7569N;091142.7468E;437.869998;290.00;-0.39;-179.40;5.00
4112080;191116;155113.48;512145.7569N;091142.7468E;437.869998;290.00;-0.39;-179.40;5.00
4112130;191116;155114.48;512145.7569N;091142.7468E;437.869998;290.00;-0.39;-179.40;5.00
4112180;191116;155115.48;512145.7569N;091142.7468E;437.869998;290.00;-0.39;-179.40;5.00
4112230;191116;155116.48;512145.7569N;091142.7468E;437.869998;290.00;-0.39;-179.40;5.00
4112280;191116;155117.48;512145.7569N;091142.7468E;437.869998;290.00;-0.39;-179.40;5.00
4112330;191116;155118.48;512145.7569N;091142.7468E;437.869998;290.00;-0.39;-179.40;5.00
4112380;191116;155119.48;512145.7569N;091142.7468E;437.869998;290.00;-0.39;-179.40;5.00
4112430;191116;155120.48;512145.7569N;091142.7468E;437.869998;290.00;-0.39;-179.40;5.00
4112480;191116;155121.48;512145.7569N;091142.7468E;437.869998;290.00;-0.39;-179.40;5.00
4112530;191116;155122.48;512145.7569N;091142.7468E;437.869998;290.00;-0.39;-179.40;5.00
4112580;191116;155123.48;512145.7569N;091142.7468E;437.869998;290.00;-0.39;-179.40;5.00
4112630;191116;155124.48;512145.7569N;091142.7468E;437.869998;290.00;-0.39;-179.40;5.00
4112681;191116;155125.48;512145.7569N;091142.7468E;437.869998;290.00;-0.39;-179.40;5.00
4112731;191116;155126.48;512145.7569N;091142.7468E;437.869998;290.00;-0.39;-179.40;5.00
4112781;191116;155127.48;512145.7569N;091142.7468E;437.869998;290.00;-0.39;-179.40;5.00
4112831;191116;155128.48;512145.7569N;091142.7468E;437.869998;290.00;-0.39;-179.40;5.00
4112881;191116;155129.48;512145.7569N;091142.7468E;437.869998;290.00;-0.39;-179.40;5.00
4112931;191116;155130.48;512145.7569N;091142.7468E;437.869998;290.00;-0.39;-179.40;5.00
4112976;191116;155131.48;512145.7569N;091142.7468E;437.869998;290.00;-0.39;-179.40;5.00
4113026;191116;155132.48;512145.7569N;091142.7468E;437.869998;290.00;-0.39;-179.40;5.00
4113076;191116;155133.48;512145.7569N;091142.7468E;437.869998;290.00;-0.39;-179.40;5.00
4113126;191116;155134.48;512145.7569N;091142.7468E;437.869998;290.00;-0.39;-179.40;5.00
4113177;191116;155135.48;512145.7569N;091142.7468E;437.869998;290.00;-0.39;-179.40;5.00
4113227;191116;155136.48;512145.7569N;091142.7468E;437.869998;290.00;-0.39;-179.40;5.00
4113276;191116;155137.48;512145.7569N;091142.7468E;437.869998;290.00;-0.39;-179.40;5.00
4113321;191116;155138.48;512145.7569N;091142.7468E;437.869998;290.00;-0.39;-179.40;5.00
4113371;191116;155139.48;512145.7569N;091142.7468E;437.869998;290.00;-0.39;-179.40;5.00
4113421;191116;155140.48;512145.7569N;091142.7468E;437.869998;290.00;-0.39;-179.40;5.00
4113472;191116;155141.48;512145.7569N;091142.7468E;437.869998;290.00;-0.39;-179.40;5.00
4113522;191116;155142.48;512145.7569N;091142.7468E;437.869998;290.00;-0.39;-179.40;5.00
4113573;191116;155143.48;512145.7569N;091142.7468E;437.869998;290.00;-0.39;-179.40;5.00
4113623;191116;155144.48;512145.7569N;091142.7468E;437.869998;290.00;-0.39;-179.40;5.00
4113673;191116;155145.48;512145.7569N;091142.7468E;437.869998;290.00;-0.39;-179.40;5.00
4113723;191116;155146.48;512145.7569N;091142.7468E;437.869998;290.00;-0.39;-179.40;5.00
4113773;191116;155147.48;512145.7569N;091142.7468E;437.869998;290.00;-0.39;-179.40;5.00
4113823;191116;155148.73;512145.7569N;091142.7468E;437.869998;290.00;-0.39;-179.40;5.00
4113873;191116;155149.73;512145.7569N;091142.7468E;437.869998;290.00;-0.39;-179.40;5.00
4113923;191116;155150.48;512145.7569N;091142.7468E;437.869998;290.00;-0.39;-179.40;5.00
4113973;191116;155151.73;512145.7569N;091142.7468E;437.869998;290.00;-0.39;-179.40;5.00
4114023;191116;155152.48;512145.7569N;091142.7468E;437.869998;290.00;-0.39;-179.40;5.00
4114073;191116;155153.48;512145.7569N;091142.7468E;437.869998;290.00;-0.39;-179.40;5.00
4114123;191116;155154.74;512145.7569N;091142.7468E;437.869998;290.00;-0.39;-179.40;5.00
4114173;191116;155155.74;512145.7569N;091142.7468E;437.869998;290.00;-0.39;-179.40;5.00
4114223;191116;155156.48;512145.7569N;091142.7468E;437.869998;290.00;-0.39;-179.40;5.00
4114273;191116;155157.48;512145.7569N;091142.7468E;437.869998;290.00;-0.39;-179.40;5.00
4114323;191116;155158.48;512145.7569N;091142.7468E;437.869998;290.00;-0.39;-179.40;5.00
4114373;191116;155159.48;512145.7569N;091142.7468E;437.869998;290.00;-0.39;-179.40;5.00
4114423;191116;155200.48;512145.7569N;091142.7468E;437.869998;290.00;-0.39;-179.40;5.00
4114473;191116;155201.48;512145.7569N;091142.7468E;437.869998;290.00;-0.39;-179.40;5.00
4114523;191116;155202.48;512145.7569N;091142.7468E;437.869998;290.00;-0.39;-179.40;5.00
4114574;191116;155203.57;512145.7569N;091142.7468E;437.869998;290.00;-0.39;-179.40;5.00
4114625;191116;155204.57;512145.7569N;091142.7468E;437.869998;290.00;-0.39;-179.40;5.00
4114675;191116;155205.57;512145.7569N;091142.7468E;437.869998;290.00;-0.39;-179.40;5.00
4114725;191116;155206.57;512145.7569N;091142.7468E;437.869998;290.00;-0.39;-179.40;5.00
4114775;191116;155207.57;512145.7569N;091142.7468E;437.869998;290.00;-0.39;-179.40;5.00
4114826;191116;155208.57;512145.7569N;091142.7468E;437.869998;290.00;-0.39;-179.40;5.00
4114876;191116;155209.79;512145.7569N;091142.7468E;437.869998;290.00;-0.39;-179.40;5.00
4114926;191116;155210.79;512145.7569N;091142.7468E;437.869998;290.00;-0.39;-179.40;5.00
4114976;191116;155211.57;512145.7569N;091142.7468E;437.869998;290.00;-0.39;-179.40;5.00
4115026;191116;155212.79;512145.7569N;091142.7468E;437.869998;290.00;-0.39;-179.40;5.00
4115076;191116;155213.57;512145.7569N;091142.7468E;437.869998;290.00;-0.39;-179.40;5.00
4115126;191116;155214.79;512145.7569N;091142.7468E;437.869998;290.00;-0.39;-179.40;5.00
4115176;191116;155215.79;512145.7569N;091142.7468E;437.869998;290.00;-0.39;-179.40;5.00
4115226;191116;155216.79;512145.7569N;091142.7468E;437.869998;290.00;-0.39;-179.40;5.00
4115276;191116;155217.57;512145.7569N;091142.7468E;437.869998;290.00;-0.39;-179.40;5.00
4115326;191116;155218.79;512145.7569N;091142.7468E;437.869998;290.00;-0.39;-179.40;5.00
4115376;191116;155219.79;512145.7569N;091142.7468E;437.869998;290.00;-0.39;-179.40;5.00
4115426;191116;155220.57;512145.7569N;091142.7468E;437.869998;290.00;-0.39;-179.40;5.00
4115476;191116;155221.79;512145.7569N;091142.7468E;437.869998;290.00;-0.39;-179.40;5.00
4115526;191116;155222.79;512145.7569N;091142.7468E;437.869998;290.00;-0.39;-179.40;5.00
4115576;191116;155223.79;512145.7569N;091142.7468E;437.869998;290.00;-0.39;-179.40;5.00
4115626;191116;155224.79;512145.7569N;091142.7468E;437.869998;290.00;-0.39;-179.40;5.00
4115676;191116;155225.80;512145.7569N;091142.7468E;437.869998;290.00;-0.39;-179.40;5.00
4115726;191116;155226.57;512145.7569N;091142.7468E;437.869998;290.00;-0.39;-179.40;5.00
4115776;191116;155227.78;512145.7569N;091142.7468E;437.869998;290.00;-0.39;-179.40;5.00
4115826;191116;155228.57;512145.7569N;091142.7468E;437.869998;290.00;-0.39;-179.40;5.00
4115876;191116;155229.57;512145.7569N;091142.7468E;437.869998;290.00;-0.39;-179.40;5.00
4115926;191116;155230.79;512145.7569N;091142.7468E;437.869998;290.00;-0.39;-179.40;5.00
4115977;191116;155231.57;512145.7569N;091142.7468E;437.869998;290.00;-0.39;-179.40;5.00
4116027;191116;155232.57;512145.7569N;091142.7468E;437.869998;290.00;-0.39;-179.40;5.00
4116077;191116;155233.57;512145.7569N;091142.7468E;437.869998;290.00;-0.39;-179.40;5.00
4116127;191116;155234.57;512145.7569N;091142.7468E;437.869998;290.00;-0.39;-179.40;5.00
4116177;191116;155235.57;512145.7569N;091142.7468E;437.869998;290.00;-0.39;-179.40;5.00
4116227;191116;155236.77;512145.7569N;091142.7468E;437.869998;290.00;-0.39;-179.40;5.00
4116277;191116;155237.57;512145.7569N;091142.7468E;437.869998;290.00;-0.39;-179.40;5.00
4116327;191116;155238.57;512145.7569N;091142.7468E;437.869998;290.00;-0.39;-179.40;5.00
4116377;191116;155239.57;512145.7283N;091142.7489E;437.338867;290.00;-0.39;-179.40;5.00
4116427;191116;155240.57;512145.7283N;091142.7489E;437.338867;290.00;-0.39;-179.40;5.00
4116477;191116;155241.80;512145.7283N;091142.7489E;437.338867;290.00;-0.39;-179.40;5.00
4116527;191116;155242.57;512145.7283N;091142.7489E;437.338867;290.00;-0.39;-179.40;5.00
4116577;191116;155243.57;512145.7283N;091142.7489E;437.338867;290.00;-0.39;-179.40;5.00
4116620;191116;155244.57;512145.7283N;091142.7489E;437.338867;290.00;-0.39;-179.40;5.00
4116670;191116;155245.57;512145.7283N;091142.7489E;437.338867;290.00;-0.39;-179.40;5.00
4116720;191116;155246.80;512145.7283N;091142.7489E;437.338867;290.00;-0.39;-179.40;5.00
4116770;191116;155247.57;512145.7283N;091142.7489E;437.338867;290.00;-0.39;-179.40;5.00
4116820;191116;155248.57;512145.7283N;091142.7489E;437.338867;290.00;-0.39;-179.40;5.00
4116870;191116;155249.57;512145.7283N;091142.7489E;437.338867;290.00;-0.39;-179.40;5.00
4116920;191116;155250.57;512145.7283N;091142.7489E;437.338867;290.00;-0.39;-179.40;5.00
4116970;191116;155251.57;512145.7283N;091142.7489E;437.338867;290.00;-0.39;-179.40;5.00
4117020;191116;155252.57;512145.7283N;091142.7489E;437.338867;290.00;-0.39;-179.40;5.00
4117070;191116;155253.80;512145.7283N;091142.7489E;437.338867;290.00;-0.39;-179.40;5.00
4117120;191116;155254.57;512145.7283N;091142.7489E;437.338867;290.00;-0.39;-179.40;5.00
4117170;191116;155255.78;512145.7283N;091142.7489E;437.338867;290.00;-0.39;-179.40;5.00
4117220;191116;155256.57;512145.7283N;091142.7489E;437.338867;290.00;-0.39;-179.40;5.00
4117270;191116;155257.57;512145.7283N;091142.7489E;437.338867;290.00;-0.39;-179.40;5.00
4117320;191116;155258.57;512145.7283N;091142.7489E;437.338867;290.00;-0.39;-179.40;5.00
4117371;191116;155259.67;512145.7283N;091142.7489E;437.338867;290.00;-0.39;-179.40;5.00
4117421;191116;155300.67;512145.7283N;091142.7489E;437.338867;290.00;-0.39;-179.40;5.00
4117471;191116;155301.67;512145.7283N;091142.7489E;437.338867;290.00;-0.39;-179.40;5.00
4117521;191116;155302.67;512145.7283N;091142.7489E;437.338867;290.00;-0.39;-179.40;5.00
4117571;191116;155303.67;512145.7283N;091142.7489E;437.338867;290.00;-0.39;-179.40;5.00
4117621;191116;155304.67;512145.7283N;091142.7489E;437.338867;290.00;-0.39;-179.40;5.00
4117671;191116;155305.67;512145.7283N;091142.7489E;437.338867;290.00;-0.39;-179.40;5.00
4117721;191116;155306.67;512145.7283N;091142.7489E;437.338867;290.00;-0.39;-179.40;5.00
4117767;191116;155307.67;512145.7283N;091142.7489E;437.338867;290.00;-0.39;-179.40;5.00
4117812;191116;155308.67;512145.7283N;091142.7489E;437.338867;290.00;-0.39;-179.40;5.00
4117862;191116;155309.67;512145.7283N;091142.7489E;437.338867;290.00;-0.39;-179.40;5.00
4117913;191116;155310.67;512145.7283N;091142.7489E;437.338867;290.00;-0.39;-179.40;5.00
4117963;191116;155311.67;512145.7283N;091142.7489E;437.338867;290.00;-0.39;-179.40;5.00
4118013;191116;155312.67;512145.7283N;091142.7489E;437.338867;290.00;-0.39;-179.40;5.00
4118063;191116;155313.67;512145.7283N;091142.7489E;437.338867;290.00;-0.39;-179.40;5.00
4118113;191116;155314.67;512145.7283N;091142.7489E;437.338867;290.00;-0.39;-179.40;5.00
4118163;191116;155315.67;512145.7283N;091142.7489E;437.338867;290.00;-0.39;-179.40;5.00
4118213;191116;155316.67;512145.7283N;091142.7489E;437.338867;290.00;-0.39;-179.40;5.00
4118263;191116;155317.67;512145.7283N;091142.7489E;437.338867;290.00;-0.39;-179.40;5.00
4118313;191116;155318.67;512145.7283N;091142.7489E;437.338867;290.00;-0.39;-179.40;5.00
4118363;191116;155319.67;512145.7283N;091142.7489E;437.338867;290.00;-0.39;-179.40;5.00
4118413;191116;155320.67;512145.7283N;091142.7489E;437.338867;290.00;-0.39;-179.40;5.00
4118463;191116;155321.67;512145.7283N;091142.7489E;437.338867;290.00;-0.39;-179.40;5.00
4118513;191116;155322.67;512145.7283N;091142.7489E;437.338867;290.00;-0.39;-179.40;5.00
4118563;191116;155323.83;512145.7283N;091142.7489E;437.338867;290.00;-0.39;-179.40;5.00
4118613;191116;155324.67;512145.7283N;091142.7489E;437.338867;290.00;-0.39;-179.40;5.00
4118663;191116;155325.67;512145.7283N;091142.7489E;437.338867;290.00;-0.39;-179.40;5.00
4118713;191116;155326.67;512145.7283N;091142.7489E;437.338867;290.00;-0.39;-179.40;5.00
4118763;191116;155327.67;512145.7586N;091142.7579E;437.995360;290.00;-0.39;-179.40;5.00
4118813;191116;155328.67;512145.7586N;091142.7579E;437.995360;290.00;-0.39;-179.40;5.00
4118863;191116;155329.88;512145.7586N;091142.7579E;437.995360;290.00;-0.39;-179.40;5.00
4118913;191116;155330.88;512145.7586N;091142.7579E;437.995360;290.00;-0.39;-179.40;5.00
4118963;191116;155331.87;512145.7586N;091142.7579E;437.995360;290.00;-0.39;-179.40;5.00
4119013;191116;155332.86;512145.7586N;091142.7579E;437.995360;290.00;-0.39;-179.40;5.00
4119063;191116;155333.88;512145.7586N;091142.7579E;437.995360;290.00;-0.39;-179.40;5.00
4119112;191116;155334.87;512145.7586N;091142.7579E;437.995360;290.00;-0.39;-179.40;5.00
4119162;191116;155335.87;512145.7586N;091142.7579E;437.995360;290.00;-0.39;-179.40;5.00
4119212;191116;155336.88;512145.7586N;091142.7579E;437.995360;290.00;-0.39;-179.40;5.00
4119262;191116;155337.87;512145.7586N;091142.7579E;437.995360;290.00;-0.39;-179.40;5.00
4119312;191116;155338.87;512145.7586N;091142.7579E;437.995360;290.00;-0.39;-179.40;5.00
4119362;191116;155339.67;512145.7586N;091142.7579E;437.995360;290.00;-0.39;-179.40;5.00
4119412;191116;155340.67;512145.7586N;091142.7579E;437.995360;290.00;-0.39;-179.40;5.00
4119462;191116;155341.87;512145.7586N;091142.7579E;437.995360;290.00;-0.39;-179.40;5.00
4119510;191116;155342.67;512145.7586N;091142.7579E;437.995360;290.00;-0.39;-179.40;5.00
4119557;191116;155343.88;512145.7586N;091142.7579E;437.995360;290.00;-0.39;-179.40;5.00
4119607;191116;155344.86;512145.7586N;091142.7579E;437.995360;290.00;-0.39;-179.40;5.00
4119657;191116;155345.67;512145.7586N;091142.7579E;437.995360;290.00;-0.39;-179.40;5.00
4119707;191116;155346.67;512145.7586N;091142.7579E;437.995360;290.00;-0.39;-179.40;5.00
4119757;191116;155347.87;512145.7586N;091142.7579E;437.995360;290.00;-0.39;-179.40;5.00
4119807;191116;155348.88;512145.7586N;091142.7579E;437.995360;290.00;-0.39;-179.40;5.00
4119857;191116;155349.87;512145.7586N;091142.7579E;437.995360;290.00;-0.39;-179.40;5.00
4119907;191116;155350.88;512145.7586N;091142.7579E;437.995360;290.00;-0.39;-179.40;5.00
4119957;191116;155351.88;512145.7586N;091142.7579E;437.995360;290.00;-0.39;-179.40;5.00
4120007;191116;155352.67;512145.7586N;091142.7579E;437.995360;290.00;-0.39;-179.40;5.00
4120057;191116;155353.87;512145.7586N;091142.7579E;437.995360;290.00;-0.39;-179.40;5.00
4120107;191116;155354.88;512145.7586N;091142.7579E;437.995360;290.00;-0.39;-179.40;5.00
4120158;191116;155355.77;512145.7586N;091142.7579E;437.995360;290.00;-0.39;-179.40;5.00
4120209;191116;155356.77;512145.7586N;091142.7579E;437.995360;290.00;-0.39;-179.40;5.00
4120259;191116;155357.77;512145.7586N;091142.7579E;437.995360;290.00;-0.39;-179.40;5.00
4120310;191116;155358.77;512145.7586N;091142.7579E;437.995360;290.00;-0.39;-179.40;5.00
4120360;191116;155359.77;512145.7586N;091142.7579E;437.995360;290.00;-0.39;-179.40;5.00
4120410;191116;155400.94;512145.7586N;091142.7579E;437.995360;290.00;-0.39;-179.40;5.00
4120460;191116;155401.93;512145.7586N;091142.7579E;437.995360;290.00;-0.39;-179.40;5.00
4120510;191116;155402.77;512145.7586N;091142.7579E;437.995360;290.00;-0.39;-179.40;5.00
4120560;191116;155403.94;512145.7586N;091142.7579E;437.995360;290.00;-0.39;-179.40;5.00
4120610;191116;155404.93;512145.7586N;091142.7579E;437.995360;290.00;-0.39;-179.40;5.00
4120660;191116;155405.77;512145.7586N;091142.7579E;437.995360;290.00;-0.39;-179.40;5.00
4120710;191116;155406.77;512145.7586N;091142.7579E;437.995360;290.00;-0.39;-179.40;5.00
4120760;191116;155407.77;512145.7586N;091142.7579E;437.995360;290.00;-0.39;-179.40;5.00
4120810;191116;155408.77;512145.7586N;091142.7579E;437.995360;290.00;-0.39;-179.40;5.00
4120860;191116;155409.94;512145.7586N;091142.7579E;437.995360;290.00;-0.39;-179.40;5.00
4120910;191116;155410.93;512145.7586N;091142.7579E;437.995360;290.00;-0.39;-179.40;5.00
4120960;191116;155411.77;512145.7586N;091142.7579E;437.995360;290.00;-0.39;-179.40;5.00
4121003;191116;155412.94;512145.7586N;091142.7579E;437.995360;290.00;-0.39;-179.40;5.00
4121053;191116;155413.93;512145.7586N;091142.7579E;437.995360;290.00;-0.39;-179.40;5.00
4121103;191116;155414.77;512145.7586N;091142.7579E;437.995360;290.00;-0.39;-179.40;5.00
4121153;191116;155415.94;512145.7586N;091142.7579E;437.995360;290.00;-0.39;-179.40;5.00
4121203;191116;155416.94;512145.7586N;091142.7579E;437.995360;290.00;-0.39;-179.40;5.00
4121253;191116;155417.77;512145.7586N;091142.7579E;437.995360;290.00;-0.39;-179.40;5.00
4121303;191116;155418.94;512145.7586N;091142.7579E;437.995360;290.00;-0.39;-179.40;5.00
4121353;191116;155419.93;512145.7586N;091142.7579E;437.995360;290.00;-0.39;-179.40;5.00
4121403;191116;155420.77;512145.7586N;091142.7579E;437.995360;290.00;-0.39;-179.40;5.00
4121453;191116;155421.94;512145.7586N;091142.7579E;437.995360;290.00;-0.39;-179.40;5.00
4121503;191116;155422.93;512145.7586N;091142.7579E;437.995360;290.00;-0.39;-179.40;5.00
4121555;191116;155423.77;512145.7586N;091142.7579E;437.995360;290.00;-0.39;-179.40;5.00
4121605;191116;155424.77;512145.7586N;091142.7579E;437.995360;290.00;-0.39;-179.40;5.00
4121655;191116;155425.77;512145.7586N;091142.7579E;437.995360;290.00;-0.39;-179.40;5.00
4121705;191116;155426.95;512145.7586N;091142.7579E;437.995360;290.00;-0.39;-179.40;5.00
4121755;191116;155427.77;512145.7586N;091142.7579E;437.995360;290.00;-0.39;-179.40;5.00
4121805;191116;155428.96;512145.7586N;091142.7579E;437.995360;290.00;-0.39;-179.40;5.00
4121855;191116;155429.95;512145.7586N;091142.7579E;437.995360;290.00;-0.39;-179.40;5.00
4121905;191116;155430.77;512145.7586N;091142.7579E;437.995360;290.00;-0.39;-179.40;5.00
4121955;191116;155431.96;512145.7586N;091142.7579E;437.995360;290.00;-0.39;-179.40;5.00
4122005;191116;155432.95;512145.7334N;091142.7681E;438.196469;290.00;-0.39;-179.40;5.00
4122055;191116;155433.77;512145.7334N;091142.7681E;438.196469;290.00;-0.39;-179.40;5.00
4122105;191116;155434.96;512145.7334N;091142.7681E;438.196469;290.00;-0.39;-179.40;5.00
4122155;191116;155435.95;512145.7334N;091142.7681E;438.196469;290.00;-0.39;-179.40;5.00
4122205;191116;155436.77;512145.7334N;091142.7681E;438.196469;290.00;-0.39;-179.40;5.00
4122255;191116;155437.77;512145.7334N;091142.7681E;438.196469;290.00;-0.39;-179.40;5.00
4122305;191116;155438.95;512145.7334N;091142.7681E;438.196469;290.00;-0.39;-179.40;5.00
4122355;191116;155439.77;512145.7334N;091142.7681E;438.196469;290.00;-0.39;-179.40;5.00
4122405;191116;155440.96;512145.7334N;091142.7681E;438.196469;290.00;-0.39;-179.40;5.00
4122455;191116;155441.95;512145.7334N;091142.7681E;438.196469;290.00;-0.39;-179.40;5.00
4122505;191116;155442.77;512145.7334N;091142.7681E;438.196469;290.00;-0.39;-179.40;5.00
4122555;191116;155443.96;512145.7334N;091142.7681E;438.196469;290.00;-0.39;-179.40;5.00
4122605;191116;155444.95;512145.7180N;091142.7435E;438.307862;290.00;-0.39;-179.40;5.00
4122655;191116;155445.97;512145.7180N;091142.7435E;438.307862;290.00;-0.39;-179.40;5.00
4122705;191116;155446.97;512145.7180N;091142.7435E;438.307862;290.00;-0.39;-179.40;5.00
4122755;191116;155447.96;512145.7180N;091142.7435E;438.307862;290.00;-0.39;-179.40;5.00
4122805;191116;155448.77;512145.7180N;091142.7435E;438.307862;290.00;-0.39;-179.40;5.00
4122855;191116;155449.96;512145.7180N;091142.7435E;438.307862;290.00;-0.39;-179.40;5.00
4122905;191116;155450.95;512145.7180N;091142.7435E;438.307862;290.00;-0.39;-179.40;5.00
4122955;191116;155451.77;512145.7180N;091142.7435E;438.307862;290.00;-0.39;-179.40;5.00
4123006;191116;155452.77;512145.7180N;091142.7435E;438.307862;290.00;-0.39;-179.40;5.00
4123056;191116;155453.77;512145.7180N;091142.7435E;438.307862;290.00;-0.39;-179.40;5.00
4123106;191116;155454.77;512145.7180N;091142.7435E;438.307862;290.00;-0.39;-179.40;5.00
4123156;191116;155455.77;512145.7180N;091142.7435E;438.307862;290.00;-0.39;-179.40;5.00
4123206;191116;155457.01;512145.7180N;091142.7435E;438.307862;290.00;-0.39;-179.40;5.00
4123256;191116;155458.00;512145.7180N;091142.7435E;438.307862;290.00;-0.39;-179.40;5.00
4123306;191116;155459.00;512145.7180N;091142.7435E;438.307862;290.00;-0.39;-179.40;5.00
4123356;191116;155500.01;512145.7180N;091142.7435E;438.307862;290.00;-0.39;-179.40;5.00
4123406;191116;155501.00;512145.7180N;091142.7435E;438.307862;290.00;-0.39;-179.40;5.00
4123456;191116;155501.99;512145.7180N;091142.7435E;438.307862;290.00;-0.39;-179.40;5.00
4123506;191116;155503.01;512145.7424N;091142.7007E;438.702535;290.00;-0.39;-179.40;5.00
4123556;191116;155504.01;512145.7424N;091142.7007E;438.702535;290.00;-0.39;-179.40;5.00
4123598;191116;155505.00;512145.7424N;091142.7007E;438.702535;290.00;-0.39;-179.40;5.00
4123649;191116;155505.77;512145.7424N;091142.7007E;438.702535;290.00;-0.39;-179.40;5.00
4123696;191116;155507.00;512145.7424N;091142.7007E;438.702535;290.00;-0.39;-179.40;5.00
4123746;191116;155508.00;512145.7424N;091142.7007E;438.702535;290.00;-0.39;-179.40;5.00
4123796;191116;155509.00;512145.7424N;091142.7007E;438.702535;290.00;-0.39;-179.40;5.00
4123846;191116;155510.00;512145.7424N;091142.7007E;438.702535;290.00;-0.39;-179.40;5.00
4123896;191116;155510.77;512145.7424N;091142.7007E;438.702535;290.00;-0.39;-179.40;5.00
4123946;191116;155512.01;512145.7424N;091142.7007E;438.702535;290.00;-0.39;-179.40;5.00
4123996;191116;155513.00;512145.7424N;091142.7007E;438.702535;290.00;-0.39;-179.40;5.00
4124046;191116;155513.77;512145.7424N;091142.7007E;438.702535;290.00;-0.39;-179.40;5.00
4124096;191116;155515.01;512145.7424N;091142.7007E;438.702535;290.00;-0.39;-179.40;5.00
4124146;191116;155516.00;512145.7424N;091142.7007E;438.702535;290.00;-0.39;-179.40;5.00
4124196;191116;155517.00;512145.7424N;091142.7007E;438.702535;290.00;-0.39;-179.40;5.00
4124246;191116;155518.01;512145.7424N;091142.7007E;438.702535;290.00;-0.39;-179.40;5.00
4124296;191116;155519.01;512145.7424N;091142.7007E;438.702535;290.00;-0.39;-179.40;5.00
4124347;191116;155519.87;512145.7424N;091142.7007E;438.702535;290.00;-0.39;-179.40;5.00
4124397;191116;155520.87;512145.7424N;091142.7007E;438.702535;290.00;-0.39;-179.40;5.00
4124447;191116;155521.87;512145.7424N;091142.7007E;438.702535;290.00;-0.39;-179.40;5.00
4124497;191116;155522.87;512145.7424N;091142.7007E;438.702535;290.00;-0.39;-179.40;5.00
4124547;191116;155524.04;512145.7424N;091142.7007E;438.702535;290.00;-0.39;-179.40;5.00
4124597;191116;155524.87;512145.7424N;091142.7007E;438.702535;290.00;-0.39;-179.40;5.00
4124647;191116;155526.03;512145.7424N;091142.7007E;438.702535;290.00;-0.39;-179.40;5.00
4124698;191116;155527.04;512145.7424N;091142.7007E;438.702535;290.00;-0.39;-179.40;5.00
4124748;191116;155527.87;512145.7424N;091142.7007E;438.702535;290.00;-0.39;-179.40;5.00
4124798;191116;155529.05;512145.7424N;091142.7007E;438.702535;290.00;-0.39;-179.40;5.00
4124848;191116;155530.04;512145.7424N;091142.7007E;438.702535;290.00;-0.39;-179.40;5.00
4124898;191116;155530.87;512145.7424N;091142.7007E;438.702535;290.00;-0.39;-179.40;5.00
4124948;191116;155532.05;512145.7424N;091142.7007E;438.702535;290.00;-0.39;-179.40;5.00
4124998;191116;155533.04;512145.7048N;091142.6749E;438.726918;290.00;-0.39;-179.40;5.00
4125048;191116;155534.03;512145.7048N;091142.6749E;438.726918;290.00;-0.39;-179.40;5.00
4125098;191116;155535.05;512145.7048N;091142.6749E;438.726918;290.00;-0.39;-179.40;5.00
4125148;191116;155535.87;512145.7048N;091142.6749E;438.726918;290.00;-0.39;-179.40;5.00
4125198;191116;155536.87;512145.7048N;091142.6749E;438.726918;290.00;-0.39;-179.40;5.00
4125248;191116;155537.87;512145.7048N;091142.6749E;438.726918;290.00;-0.39;-179.40;5.00
4125298;191116;155539.04;512145.7048N;091142.6749E;438.726918;290.00;-0.39;-179.40;5.00
4125348;191116;155539.87;512145.7048N;091142.6749E;438.726918;290.00;-0.39;-179.40;5.00
4125398;191116;155540.87;512145.7048N;091142.6749E;438.726918;290.00;-0.39;-179.40;5.00
4125448;191116;155542.04;512145.7048N;091142.6749E;438.726918;290.00;-0.39;-179.40;5.00
4125498;191116;155542.87;512145.7048N;091142.6749E;438.726918;290.00;-0.39;-179.40;5.00
4125548;191116;155544.05;512145.7048N;091142.6749E;438.726918;290.00;-0.39;-179.40;5.00
4125598;191116;155545.04;512145.7000N;091142.6909E;436.764873;290.00;-0.39;-179.40;5.00
4125648;191116;155545.87;512145.7000N;091142.6909E;436.764873;290.00;-0.39;-179.40;5.00
4125698;191116;155546.87;512145.7000N;091142.6909E;436.764873;290.00;-0.39;-179.40;5.00
4125749;191116;155547.87;512145.7000N;091142.6909E;436.764873;290.00;-0.39;-179.40;5.00
4125799;191116;155548.87;512145.7000N;091142.6909E;436.764873;290.00;-0.39;-179.40;5.00
4125850;191116;155549.87;512145.7000N;091142.6909E;436.764873;290.00;-0.39;-179.40;5.00
4125900;191116;155550.87;512145.7000N;091142.6909E;436.764873;290.00;-0.39;-179.40;5.00
4125950;191116;155552.09;512145.7000N;091142.6909E;436.764873;290.00;-0.39;-179.40;5.00
4126000;191116;155553.08;512145.7000N;091142.6909E;436.764873;290.00;-0.39;-179.40;5.00
4126050;191116;155553.87;512145.7000N;091142.6909E;436.764873;290.00;-0.39;-179.40;5.00
4126100;191116;155555.09;512145.7000N;091142.6909E;436.764873;290.00;-0.39;-179.40;5.00
4126150;191116;155556.08;512145.7000N;091142.6909E;436.764873;290.00;-0.39;-179.40;5.00
4126200;191116;155556.87;512145.7000N;091142.6909E;436.764873;290.00;-0.39;-179.40;5.00
4126250;191116;155558.09;512145.7000N;091142.6909E;436.764873;290.00;-0.39;-179.40;5.00
4126300;191116;155559.08;512145.7000N;091142.6909E;436.764873;290.00;-0.39;-179.40;5.00
4126350;191116;155559.87;512145.7000N;091142.6909E;436.764873;290.00;-0.39;-179.40;5.00
4126400;191116;155601.09;512145.7000N;091142.6909E;436.764873;290.00;-0.39;-179.40;5.00
4126450;191116;155602.08;512145.7000N;091142.6909E;436.764873;290.00;-0.39;-179.40;5.00
4126500;191116;155602.87;512145.7000N;091142.6909E;436.764873;290.00;-0.39;-179.40;5.00
4126550;191116;155604.09;512145.7000N;091142.6909E;436.764873;290.00;-0.39;-179.40;5.00
4126600;191116;155605.09;512145.7000N;091142.6909E;436.764873;290.00;-0.39;-179.40;5.00
4126650;191116;155605.87;512145.7000N;091142.6909E;436.764873;290.00;-0.39;-179.40;5.00
4126700;191116;155607.09;512145.7000N;091142.6909E;436.764873;290.00;-0.39;-179.40;5.00
4126747;191116;155608.08;512145.7000N;091142.6909E;436.764873;290.00;-0.39;-179.40;5.00
4126793;191116;155608.87;512145.7000N;091142.6909E;436.764873;290.00;-0.39;-179.40;5.00
4126843;191116;155610.09;512145.7000N;091142.6909E;436.764873;290.00;-0.39;-179.40;5.00
4126893;191116;155611.08;512145.7000N;091142.6909E;436.764873;290.00;-0.39;-179.40;5.00
4126943;191116;155611.87;512145.7000N;091142.6909E;436.764873;290.00;-0.39;-179.40;5.00
4126993;191116;155612.87;512145.7000N;091142.6909E;436.764873;290.00;-0.39;-179.40;5.00
4127043;191116;155614.09;512145.7000N;091142.6909E;436.764873;290.00;-0.39;-179.40;5.00
4127093;191116;155614.87;512145.7000N;091142.6909E;436.764873;290.00;-0.39;-179.40;5.00
4127143;191116;155615.97;512145.7000N;091142.6909E;436.764873;290.00;-0.39;-179.40;5.00
4127194;191116;155616.97;512145.7000N;091142.6909E;436.764873;290.00;-0.39;-179.40;5.00
4127244;191116;155617.97;512145.7000N;091142.6909E;436.764873;290.00;-0.39;-179.40;5.00
4127294;191116;155618.97;512145.7000N;091142.6909E;436.764873;290.00;-0.39;-179.40;5.00
4127344;191116;155619.97;512145.7000N;091142.6909E;436.764873;290.00;-0.39;-179.40;5.00
4127394;191116;155620.97;512145.7000N;091142.6909E;436.764873;290.00;-0.39;-179.40;5.00
4127445;191116;155621.97;512145.7000N;091142.6909E;436.764873;290.00;-0.39;-179.40;5.00
4127495;191116;155622.97;512145.7000N;091142.6909E;436.764873;290.00;-0.39;-179.40;5.00
4127545;191116;155624.13;512145.7000N;091142.6909E;436.764873;290.00;-0.39;-179.40;5.00
4127595;191116;155625.12;512145.7000N;091142.6909E;436.764873;290.00;-0.39;-179.40;5.00
4127645;191116;155625.97;512145.7000N;091142.6909E;436.764873;290.00;-0.39;-179.40;5.00
4127695;191116;155626.97;512145.7000N;091142.6909E;436.764873;290.00;-0.39;-179.40;5.00
4127745;191116;155628.12;512145.7000N;091142.6909E;436.764873;290.00;-0.39;-179.40;5.00
4127795;191116;155628.97;512145.7000N;091142.6909E;436.764873;290.00;-0.39;-179.40;5.00
4127845;191116;155630.13;512145.7000N;091142.6909E;436.764873;290.00;-0.39;-179.40;5.00
4127895;191116;155631.12;512145.7000N;091142.6909E;436.764873;290.00;-0.39;-179.40;5.00
4127945;191116;155631.97;512145.7000N;091142.6909E;436.764873;290.00;-0.39;-179.40;5.00
4127995;191116;155633.13;512145.7000N;091142.6909E;436.764873;290.00;-0.39;-179.40;5.00
4128045;191116;155634.12;512145.7000N;091142.6909E;436.764873;290.00;-0.39;-179.40;5.00
4128095;191116;155634.97;512145.7000N;091142.6909E;436.764873;290.00;-0.39;-179.40;5.00
4128145;191116;155636.13;512145.7000N;091142.6909E;436.764873;290.00;-0.39;-179.40;5.00
4128195;191116;155637.12;512145.7000N;091142.6909E;436.764873;290.00;-0.39;-179.40;5.00
4128245;191116;155637.97;512145.7000N;091142.6909E;436.764873;290.00;-0.39;-179.40;5.00
4128295;191116;155639.13;512145.7000N;091142.6909E;436.764873;290.00;-0.39;-179.40;5.00
4128345;191116;155640.13;512145.7000N;091142.6909E;436.764873;290.00;-0.39;-179.40;5.00
4128395;191116;155640.97;512145.7000N;091142.6909E;436.764873;290.00;-0.39;-179.40;5.00
4128445;191116;155642.13;512145.7000N;091142.6909E;436.764873;290.00;-0.39;-179.40;5.00
4128495;191116;155643.12;512145.7000N;091142.6909E;436.764873;290.00;-0.39;-179.40;5.00
4128545;191116;155643.97;512145.7000N;091142.6909E;436.764873;290.00;-0.39;-179.40;5.00
4128596;191116;155644.97;512145.7000N;091142.6909E;436.764873;290.00;-0.39;-179.40;5.00
4128647;191116;155645.97;512145.7000N;091142.6909E;436.764873;290.00;-0.39;-179.40;5.00
4128697;191116;155646.97;512145.7000N;091142.6909E;436.764873;290.00;-0.39;-179.40;5.00
4128748;191116;155647.97;512145.7000N;091142.6909E;436.764873;290.00;-0.39;-179.40;5.00
4128798;191116;155649.18;512145.7000N;091142.6909E;436.764873;290.00;-0.39;-179.40;5.00
4128848;191116;155650.17;512145.7000N;091142.6909E;436.764873;290.00;-0.39;-179.40;5.00
4128898;191116;155650.97;512145.7000N;091142.6909E;436.764873;290.00;-0.39;-179.40;5.00
4128948;191116;155652.18;512145.7000N;091142.6909E;436.764873;290.00;-0.39;-179.40;5.00
4128998;191116;155653.18;512145.7000N;091142.6909E;436.764873;290.00;-0.39;-179.40;5.00
4129048;191116;155653.97;512145.7000N;091142.6909E;436.764873;290.00;-0.39;-179.40;5.00
4129098;191116;155655.18;512145.7000N;091142.6909E;436.764873;290.00;-0.39;-179.40;5.00
4129148;191116;155656.17;512145.7000N;091142.6909E;436.764873;290.00;-0.39;-179.40;5.00
4129198;191116;155656.97;512145.7000N;091142.6909E;436.764873;290.00;-0.39;-179.40;5.00
4129248;191116;155658.18;512145.7000N;091142.6909E;436.764873;290.00;-0.39;-179.40;5.00
4129298;191116;155659.17;512145.7000N;091142.6909E;436.764873;290.00;-0.39;-179.40;5.00
4129348;191116;155659.97;512145.7000N;091142.6909E;436.764873;290.00;-0.39;-179.40;5.00
4129398;191116;155701.18;512145.7000N;091142.6909E;436.764873;290.00;-0.39;-179.40;5.00
4129448;191116;155702.17;512145.7000N;091142.6909E;436.764873;290.00;-0.39;-179.40;5.00
4129498;191116;155703.17;512145.7000N;091142.6909E;436.764873;290.00;-0.39;-179.40;5.00
4129548;191116;155704.18;512145.7000N;091142.6909E;436.764873;290.00;-0.39;-179.40;5.00
4129598;191116;155705.17;512145.7000N;091142.6909E;436.764873;290.00;-0.39;-179.40;5.00
4129648;191116;155706.19;512145.7000N;091142.6909E;436.764873;290.00;-0.39;-179.40;5.00
4129698;191116;155707.18;512145.7000N;091142.6909E;436.764873;290.00;-0.39;-179.40;5.00
4129748;191116;155708.17;512145.7000N;091142.6909E;436.764873;290.00;-0.39;-179.40;5.00
4129798;191116;155709.17;512145.7000N;091142.6909E;436.764873;290.00;-0.39;-179.40;5.00
4129848;191116;155710.18;512145.7000N;091142.6909E;436.764873;290.00;-0.39;-179.40;5.00
4129898;191116;155711.17;512145.7000N;091142.6909E;436.764873;290.00;-0.39;-179.40;5.00
4129949;191116;155712.07;512145.7000N;091142.6909E;436.764873;290.00;-0.39;-179.40;5.00
4129999;191116;155713.07;512145.7000N;091142.6909E;436.764873;290.00;-0.39;-179.40;5.00
4130049;191116;155714.07;512145.7000N;091142.6909E;436.764873;290.00;-0.39;-179.40;5.00
4130099;191116;155715.07;512145.7000N;091142.6909E;436.764873;290.00;-0.39;-179.40;5.00
4130150;191116;155716.07;512145.7000N;091142.6909E;436.764873;290.00;-0.39;-179.40;5.00
4130200;191116;155717.23;512145.7000N;091142.6909E;436.764873;290.00;-0.39;-179.40;5.00
4130250;191116;155718.22;512145.7000N;091142.6909E;436.764873;290.00;-0.39;-179.40;5.00
4130300;191116;155719.07;512145.7000N;091142.6909E;436.764873;290.00;-0.39;-179.40;5.00
4130350;191116;155720.23;512145.7000N;091142.6909E;436.764873;290.00;-0.39;-179.40;5.00
4130400;191116;155721.23;512145.7000N;091142.6909E;436.764873;290.00;-0.39;-179.40;5.00
4130450;191116;155722.07;512145.7000N;091142.6909E;436.764873;290.00;-0.39;-179.40;5.00
4130500;191116;155723.23;512145.7000N;091142.6909E;436.764873;290.00;-0.39;-179.40;5.00
4130550;191116;155724.07;512145.7000N;091142.6909E;436.764873;290.00;-0.39;-179.40;5.00
4130600;191116;155725.07;512145.7000N;091142.6909E;436.764873;290.00;-0.39;-179.40;5.00
4130650;191116;155726.23;512145.7000N;091142.6909E;436.764873;290.00;-0.39;-179.40;5.00
4130700;191116;155727.23;512145.7000N;091142.6909E;436.764873;290.00;-0.39;-179.40;5.00
4130750;191116;155728.07;512145.7000N;091142.6909E;436.764873;290.00;-0.39;-179.40;5.00
4130800;191116;155729.23;512145.7000N;091142.6909E;436.764873;290.00;-0.39;-179.40;5.00
4130850;191116;155730.22;512145.7000N;091142.6909E;436.764873;290.00;-0.39;-179.40;5.00
4130901;191116;155731.07;512145.7000N;091142.6909E;436.764873;290.00;-0.39;-179.40;5.00
4130951;191116;155732.23;512145.7000N;091142.6909E;436.764873;290.00;-0.39;-179.40;5.00
4131001;191116;155733.22;512145.7000N;091142.6909E;436.764873;290.00;-0.39;-179.40;5.00
4131051;191116;155734.24;512145.7000N;091142.6909E;436.764873;290.00;-0.39;-179.40;5.00
4131101;191116;155735.23;512145.7000N;091142.6909E;436.764873;290.00;-0.39;-179.40;5.00
4131151;191116;155736.22;512145.7000N;091142.6909E;436.764873;290.00;-0.39;-179.40;5.00
4131201;191116;155737.07;512145.7000N;091142.6909E;436.764873;290.00;-0.39;-179.40;5.00
4131251;191116;155738.23;512145.7000N;091142.6909E;436.764873;290.00;-0.39;-179.40;5.00
4131301;191116;155739.22;512145.7000N;091142.6909E;436.764873;290.00;-0.39;-179.40;5.00
4131351;191116;155740.07;512145.7000N;091142.6909E;436.764873;290.00;-0.39;-179.40;5.00
4131401;191116;155741.26;512145.7000N;091142.6909E;436.764873;290.00;-0.39;-179.40;5.00
4131451;191116;155742.25;512145.7000N;091142.6909E;436.764873;290.00;-0.39;-179.40;5.00
4131501;191116;155743.07;512145.7000N;091142.6909E;436.764873;290.00;-0.39;-179.40;5.00
4131552;191116;155744.07;512145.7000N;091142.6909E;436.764873;290.00;-0.39;-179.40;5.00
4131602;191116;155745.25;512145.7000N;091142.6909E;436.764873;290.00;-0.39;-179.40;5.00
4131652;191116;155746.07;512145.7000N;091142.6909E;436.764873;290.00;-0.39;-179.40;5.00
4131702;191116;155747.07;512145.7000N;091142.6909E;436.764873;290.00;-0.39;-179.40;5.00
4131752;191116;155748.25;512145.7000N;091142.6909E;436.764873;290.00;-0.39;-179.40;5.00
4131802;191116;155749.07;512145.7000N;091142.6909E;436.764873;290.00;-0.39;-179.40;5.00
4131852;191116;155750.26;512145.7000N;091142.6909E;436.764873;290.00;-0.39;-179.40;5.00
4131902;191116;155751.25;512145.7000N;091142.6909E;436.764873;290.00;-0.39;-179.40;5.00
4131952;191116;155752.07;512145.7000N;091142.6909E;436.764873;290.00;-0.39;-179.40;5.00
4132002;191116;155753.26;512145.7000N;091142.6909E;436.764873;290.00;-0.39;-179.40;5.00
4132052;191116;155754.25;512145.7000N;091142.6909E;436.764873;290.00;-0.39;-179.40;5.00
4132098;191116;155755.07;512145.7000N;091142.6909E;436.764873;290.00;-0.39;-179.40;5.00
4132148;191116;155756.07;512145.7000N;091142.6909E;436.764873;290.00;-0.39;-179.40;5.00
4132198;191116;155757.25;512145.7000N;091142.6909E;436.764873;290.00;-0.39;-179.40;5.00
4132248;191116;155758.07;512145.7000N;091142.6909E;436.764873;290.00;-0.39;-179.40;5.00
4132298;191116;155759.26;512145.7000N;091142.6909E;436.764873;290.00;-0.39;-179.40;5.00
4132348;191116;155800.25;512145.7000N;091142.6909E;436.764873;290.00;-0.39;-179.40;5.00
4132398;191116;155801.07;512145.7000N;091142.6909E;436.764873;290.00;-0.39;-179.40;5.00
4132448;191116;155802.07;512145.7000N;091142.6909E;436.764873;290.00;-0.39;-179.40;5.00
4132498;191116;155803.25;512145.7000N;091142.6909E;436.764873;290.00;-0.39;-179.40;5.00
4132548;191116;155804.07;512145.7000N;091142.6909E;436.764873;290.00;-0.39;-179.40;5.00
4132598;191116;155805.26;512145.7000N;091142.6909E;436.764873;290.00;-0.39;-179.40;5.00
4132648;191116;155806.25;512145.7000N;091142.6909E;436.764873;290.00;-0.39;-179.40;5.00
4132698;191116;155807.07;512145.7000N;091142.6909E;436.764873;290.00;-0.39;-179.40;5.00
4132749;191116;155808.07;512145.7000N;091142.6909E;436.764873;290.00;-0.39;-179.40;5.00
4132795;191116;155809.07;512145.7000N;091142.6909E;436.764873;290.00;-0.39;-179.40;5.00
4132845;191116;155810.07;512145.7000N;091142.6909E;436.764873;290.00;-0.39;-179.40;5.00
4132895;191116;155811.29;512145.7000N;091142.6909E;436.764873;290.00;-0.39;-179.40;5.00
4132946;191116;155812.07;512145.7000N;091142.6909E;436.764873;290.00;-0.39;-179.40;5.00
4132996;191116;155813.30;512145.7000N;091142.6909E;436.764873;290.00;-0.39;-179.40;5.00
4133046;191116;155814.31;512145.7000N;091142.6909E;436.764873;290.00;-0.39;-179.40;5.00
4133096;191116;155815.07;512145.7000N;091142.6909E;436.764873;290.00;-0.39;-179.40;5.00
4133147;191116;155816.30;512145.7000N;091142.6909E;436.764873;290.00;-0.39;-179.40;5.00
4133197;191116;155817.30;512145.7000N;091142.6909E;436.764873;290.00;-0.39;-179.40;5.00
4133247;191116;155818.32;512145.7000N;091142.6909E;436.764873;290.00;-0.39;-179.40;5.00
4133297;191116;155819.30;512145.7000N;091142.6909E;436.764873;290.00;-0.39;-179.40;5.00
4133347;191116;155820.30;512145.7000N;091142.6909E;436.764873;290.00;-0.39;-179.40;5.00
4133397;191116;155821.31;512145.7000N;091142.6909E;436.764873;290.00;-0.39;-179.40;5.00
4133447;191116;155822.30;512145.7000N;091142.6909E;436.764873;290.00;-0.39;-179.40;5.00
4133497;191116;155823.30;512145.7000N;091142.6909E;436.764873;290.00;-0.39;-179.40;5.00
4133547;191116;155824.31;512145.7000N;091142.6909E;436.764873;290.00;-0.39;-179.40;5.00
4133597;191116;155825.30;512145.7000N;091142.6909E;436.764873;290.00;-0.39;-179.40;5.00
4133647;191116;155826.30;512145.7000N;091142.6909E;436.764873;290.00;-0.39;-179.40;5.00
4133697;191116;155827.31;512145.7000N;091142.6909E;436.764873;290.00;-0.39;-179.40;5.00
4133747;191116;155828.30;512145.7000N;091142.6909E;436.764873;290.00;-0.39;-179.40;5.00
4133797;191116;155829.29;512145.7000N;091142.6909E;436.764873;290.00;-0.39;-179.40;5.00
4133847;191116;155830.31;512145.7000N;091142.6909E;436.764873;290.00;-0.39;-179.40;5.00
4133897;191116;155831.30;512145.7000N;091142.6909E;436.764873;290.00;-0.39;-179.40;5.00
4133947;191116;155832.07;512145.7000N;091142.6909E;436.764873;290.00;-0.39;-179.40;5.00
4133997;191116;155833.07;512145.7000N;091142.6909E;436.764873;290.00;-0.39;-179.40;5.00
4134047;191116;155834.30;512145.7000N;091142.6909E;436.764873;290.00;-0.39;-179.40;5.00
4134097;191116;155835.30;512145.7000N;091142.6909E;436.764873;290.00;-0.39;-179.40;5.00
4134147;191116;155836.17;512145.7000N;091142.6909E;436.764873;290.00;-0.39;-179.40;5.00
4134197;191116;155837.33;512145.7000N;091142.6909E;436.764873;290.00;-0.39;-179.40;5.00
4134247;191116;155838.17;512145.7000N;091142.6909E;436.764873;290.00;-0.39;-179.40;5.00
4134297;191116;155839.34;512145.7000N;091142.6909E;436.764873;290.00;-0.39;-179.40;5.00
4134347;191116;155840.33;512145.7000N;091142.6909E;436.764873;290.00;-0.39;-179.40;5.00
4134398;191116;155841.17;512145.7000N;091142.6909E;436.764873;290.00;-0.39;-179.40;5.00
4134448;191116;155842.34;512145.7000N;091142.6909E;436.764873;290.00;-0.39;-179.40;5.00
4134498;191116;155843.33;512145.7000N;091142.6909E;436.764873;290.00;-0.39;-179.40;5.00
4134548;191116;155844.17;512145.7000N;091142.6909E;436.764873;290.00;-0.39;-179.40;5.00
4134598;191116;155845.34;512145.7000N;091142.6909E;436.764873;290.00;-0.39;-179.40;5.00
4134648;191116;155846.33;512145.7000N;091142.6909E;436.764873;290.00;-0.39;-179.40;5.00
4134698;191116;155847.17;512145.7000N;091142.6909E;436.764873;290.00;-0.39;-179.40;5.00
4134746;191116;155848.34;512145.7000N;091142.6909E;436.764873;290.00;-0.39;-179.40;5.00
4134796;191116;155849.33;512145.7000N;091142.6909E;436.764873;290.00;-0.39;-179.40;5.00
4134846;191116;155850.17;512145.7000N;091142.6909E;436.764873;290.00;-0.39;-179.40;5.00
4134896;191116;155851.34;512145.7000N;091142.6909E;436.764873;290.00;-0.39;-179.40;5.00
4134946;191116;155852.35;512145.7000N;091142.6909E;436.764873;290.00;-0.39;-179.40;5.00
4134996;191116;155853.35;512145.7000N;091142.6909E;436.764873;290.00;-0.39;-179.40;5.00
4135046;191116;155854.34;512145.7000N;091142.6909E;436.764873;290.00;-0.39;-179.40;5.00
4135096;191116;155855.33;512145.7000N;091142.6909E;436.764873;290.00;-0.39;-179.40;5.00
4135146;191116;155856.35;512145.7000N;091142.6909E;436.764873;290.00;-0.39;-179.40;5.00
4135196;191116;155857.34;512145.7000N;091142.6909E;436.764873;290.00;-0.39;-179.40;5.00
4135246;191116;155858.33;512145.7000N;091142.6909E;436.764873;290.00;-0.39;-179.40;5.00
4135296;191116;155859.17;512145.7000N;091142.6909E;436.764873;290.00;-0.39;-179.40;5.00
4135346;191116;155900.34;512145.7000N;091142.6909E;436.764873;290.00;-0.39;-179.40;5.00
4135396;191116;155901.33;512145.7000N;091142.6909E;436.764873;290.00;-0.39;-179.40;5.00
4135446;191116;155902.17;512145.7000N;091142.6909E;436.764873;290.00;-0.39;-179.40;5.00
4135496;191116;155903.34;512145.7000N;091142.6909E;436.764873;290.00;-0.39;-179.40;5.00
4135547;191116;155904.17;512145.7000N;091142.6909E;436.764873;290.00;-0.39;-179.40;5.00
4135597;191116;155905.17;512145.7000N;091142.6909E;436.764873;290.00;-0.39;-179.40;5.00
4135647;191116;155906.17;512145.7000N;091142.6909E;436.764873;290.00;-0.39;-179.40;5.00
4135697;191116;155907.17;512145.7000N;091142.6909E;436.764873;290.00;-0.39;-179.40;5.00
4135747;191116;155908.38;512145.7000N;091142.6909E;436.764873;290.00;-0.39;-179.40;5.00
4135798;191116;155909.17;512145.7000N;091142.6909E;436.764873;290.00;-0.39;-179.40;5.00
4135848;191116;155910.17;512145.7000N;091142.6909E;436.764873;290.00;-0.39;-179.40;5.00
4135898;191116;155911.38;512145.7000N;091142.6909E;436.764873;290.00;-0.39;-179.40;5.00
4135948;191116;155912.17;512145.7000N;091142.6909E;436.764873;290.00;-0.39;-179.40;5.00
4135998;191116;155913.40;512145.7000N;091142.6909E;436.764873;290.00;-0.39;-179.40;5.00
4136048;191116;155914.38;512145.7000N;091142.6909E;436.764873;290.00;-0.39;-179.40;5.00
4136098;191116;155915.40;512145.7000N;091142.6909E;436.764873;290.00;-0.39;-179.40;5.00
4136148;191116;155916.39;512145.7000N;091142.6909E;436.764873;290.00;-0.39;-179.40;5.00
4136198;191116;155917.38;512145.7000N;091142.6909E;436.764873;290.00;-0.39;-179.40;5.00
4136248;191116;155918.40;512145.7000N;091142.6909E;436.764873;290.00;-0.39;-179.40;5.00
4136298;191116;155919.39;512145.7000N;091142.6909E;436.764873;290.00;-0.39;-179.40;5.00
4136348;191116;155920.38;512145.7000N;091142.6909E;436.764873;290.00;-0.39;-179.40;5.00
4136398;191116;155921.40;512145.7000N;091142.6909E;436.764873;290.00;-0.39;-179.40;5.00
4136448;191116;155922.39;512145.7000N;091142.6909E;436.764873;290.00;-0.39;-179.40;5.00
4136498;191116;155923.38;512145.7000N;091142.6909E;436.764873;290.00;-0.39;-179.40;5.00
4136548;191116;155924.40;512145.7000N;091142.6909E;436.764873;290.00;-0.39;-179.40;5.00
4136598;191116;155925.39;512145.7000N;091142.6909E;436.764873;290.00;-0.39;-179.40;5.00
4136648;191116;155926.39;512145.7000N;091142.6909E;436.764873;290.00;-0.39;-179.40;5.00
4136698;191116;155927.40;512145.7000N;091142.6909E;436.764873;290.00;-0.39;-179.40;5.00
4136748;191116;155928.39;512145.7000N;091142.6909E;436.764873;290.00;-0.39;-179.40;5.00
4136798;191116;155929.17;512145.7000N;091142.6909E;436.764873;290.00;-0.39;-179.40;5.00
4136848;191116;155930.40;512145.7000N;091142.6909E;436.764873;290.00;-0.39;-179.40;5.00
4136898;191116;155931.39;512145.7000N;091142.6909E;436.764873;290.00;-0.39;-179.40;5.00
4136949;191116;155932.27;512145.7000N;091142.6909E;436.764873;290.00;-0.39;-179.40;5.00
4137000;191116;155933.27;512145.7000N;091142.6909E;436.764873;290.00;-0.39;-179.40;5.00
4137050;191116;155934.27;512145.7000N;091142.6909E;436.764873;290.00;-0.39;-179.40;5.00
4137100;191116;155935.44;512145.7000N;091142.6909E;436.764873;290.00;-0.39;-179.40;5.00
4137151;191116;155936.27;512145.7000N;091142.6909E;436.764873;290.00;-0.39;-179.40;5.00
4137201;191116;155937.27;512145.7000N;091142.6909E;436.764873;290.00;-0.39;-179.40;5.00
4137250;191116;155938.44;512145.7000N;091142.6909E;436.764873;290.00;-0.39;-179.40;5.00
4137300;191116;155939.43;512145.7000N;091142.6909E;436.764873;290.00;-0.39;-179.40;5.00
4137351;191116;155940.27;512145.7000N;091142.6909E;436.764873;290.00;-0.39;-179.40;5.00
4137400;191116;155941.44;512145.7000N;091142.6909E;436.764873;290.00;-0.39;-179.40;5.00
4137449;191116;155942.43;512145.7000N;091142.6909E;436.764873;290.00;-0.39;-179.40;5.00
4137500;191116;155943.27;512145.7000N;091142.6909E;436.764873;290.00;-0.39;-179.40;5.00
4137549;191116;155944.44;512145.7000N;091142.6909E;436.764873;290.00;-0.39;-179.40;5.00
4137599;191116;155945.43;512145.7000N;091142.6909E;436.764873;290.00;-0.39;-179.40;5.00
4137650;191116;155946.27;512145.7000N;091142.6909E;436.764873;290.00;-0.39;-179.40;5.00
4137699;191116;155947.44;512145.7000N;091142.6909E;436.764873;290.00;-0.39;-179.40;5.00
4137749;191116;155948.44;512145.7000N;091142.6909E;436.764873;290.00;-0.39;-179.40;5.00
4137800;191116;155949.27;512145.7000N;091142.6909E;436.764873;290.00;-0.39;-179.40;5.00
4137849;191116;155950.44;512145.7000N;091142.6909E;436.764873;290.00;-0.39;-179.40;5.00
4137899;191116;155951.43;512145.7000N;091142.6909E;436.764873;290.00;-0.39;-179.40;5.00
4137950;191116;155952.27;512145.7000N;091142.6909E;436.764873;290.00;-0.39;-179.40;5.00
4137999;191116;155953.44;512145.7000N;091142.6909E;436.764873;290.00;-0.39;-179.40;5.00
4138049;191116;155954.43;512145.7000N;091142.6909E;436.764873;290.00;-0.39;-179.40;5.00
4138100;191116;155955.27;512145.7000N;091142.6909E;436.764873;290.00;-0.39;-179.40;5.00
4138149;191116;155956.44;512145.7000N;091142.6909E;436.764873;290.00;-0.39;-179.40;5.00
4138199;191116;155957.43;512145.7000N;091142.6909E;436.764873;290.00;-0.39;-179.40;5.00
4138250;191116;155958.44;512145.7000N;091142.6909E;436.764873;290.00;-0.39;-179.40;5.00
4138299;191116;155959.44;512145.7000N;091142.6909E;436.764873;290.00;-0.39;-179.40;5.00
4138351;191116;160000.27;512145.7000N;091142.6909E;436.764873;290.00;-0.39;-179.40;5.00
