4138401;191116;160001.27;512145.7000N;091142.6909E;436.764873;290.00;-0.39;-179.40;5.00
4138451;191116;160002.48;512145.7000N;091142.6909E;436.764873;290.00;-0.39;-179.40;5.00
4138501;191116;160003.27;512145.7000N;091142.6909E;436.764873;290.00;-0.39;-179.40;5.00
4138551;191116;160004.48;512145.7000N;091142.6909E;436.764873;290.00;-0.39;-179.40;5.00
4138601;191116;160005.27;512145.7000N;091142.6909E;436.764873;290.00;-0.39;-179.40;5.00
4138651;191116;160006.46;512145.7000N;091142.6909E;436.764873;290.00;-0.39;-179.40;5.00
4138701;191116;160007.48;512145.7000N;091142.6909E;436.764873;290.00;-0.39;-179.40;5.00
4138751;191116;160008.47;512145.7000N;091142.6909E;436.764873;290.00;-0.39;-179.40;5.00
4138801;191116;160009.46;512145.7000N;091142.6909E;436.764873;290.00;-0.39;-179.40;5.00
4138851;191116;160010.48;512145.7000N;091142.6909E;436.764873;290.00;-0.39;-179.40;5.00
4138901;191116;160011.27;512145.7000N;091142.6909E;436.764873;290.00;-0.39;-179.40;5.00
4138952;191116;160012.27;512145.7000N;091142.6909E;436.764873;290.00;-0.39;-179.40;5.00
4139002;191116;160013.48;512145.7000N;091142.6909E;436.764873;290.00;-0.39;-179.40;5.00
4139052;191116;160014.47;512145.7000N;091142.6909E;436.764873;290.00;-0.39;-179.40;5.00
4139102;191116;160015.27;512145.7000N;091142.6909E;436.764873;290.00;-0.39;-179.40;5.00
4139152;191116;160016.48;512145.7000N;091142.6909E;436.764873;290.00;-0.39;-179.40;5.00
4139202;191116;160017.47;512145.7000N;091142.6909E;436.764873;290.00;-0.39;-179.40;5.00
4139252;191116;160018.27;512145.7000N;091142.6909E;436.764873;290.00;-0.39;-179.40;5.00
4139301;191116;160019.48;512145.7000N;091142.6909E;436.764873;290.00;-0.39;-179.40;5.00
4139352;191116;160020.47;512145.7000N;091142.6909E;436.764873;290.00;-0.39;-179.40;5.00
4139402;191116;160021.27;512145.7000N;091142.6909E;436.764873;290.00;-0.39;-179.40;5.00
4139449;191116;160022.27;512145.7000N;091142.6909E;436.764873;290.00;-0.39;-179.40;5.00
4139499;191116;160023.47;512145.7000N;091142.6909E;436.764873;290.00;-0.39;-179.40;5.00
4139549;191116;160024.27;512145.7000N;091142.6909E;436.764873;290.00;-0.39;-179.40;5.00
4139599;191116;160025.48;512145.7000N;091142.6909E;436.764873;290.00;-0.39;-179.40;5.00
4139649;191116;160026.47;512145.7000N;091142.6909E;436.764873;290.00;-0.39;-179.40;5.00
4139699;191116;160027.46;512145.7000N;091142.6909E;436.764873;290.00;-0.39;-179.40;5.00
4139749;191116;160028.37;512145.7000N;091142.6909E;436.764873;290.00;-0.39;-179.40;5.00
4139800;191116;160029.37;512145.7000N;091142.6909E;436.764873;290.00;-0.39;-179.40;5.00
4139850;191116;160030.37;512145.7000N;091142.6909E;436.764873;290.00;-0.39;-179.40;5.00
4139899;191116;160031.37;512145.7000N;091142.6909E;436.764873;290.00;-0.39;-179.40;5.00
4139949;191116;160032.53;512145.7000N;091142.6909E;436.764873;290.00;-0.39;-179.40;5.00
4139999;191116;160033.37;512145.7000N;091142.6909E;436.764873;290.00;-0.39;-179.40;5.00
4140049;191116;160034.54;512145.7000N;091142.6909E;436.764873;290.00;-0.39;-179.40;5.00
4140100;191116;160035.37;512145.7000N;091142.6909E;436.764873;290.00;-0.39;-179.40;5.00
4140150;191116;160036.37;512145.7000N;091142.6909E;436.764873;290.00;-0.39;-179.40;5.00
4140200;191116;160037.37;512145.7000N;091142.6909E;436.764873;290.00;-0.39;-179.40;5.00
4140250;191116;160038.53;512145.7000N;091142.6909E;436.764873;290.00;-0.39;-179.40;5.00
4140300;191116;160039.55;512145.7000N;091142.6909E;436.764873;290.00;-0.39;-179.40;5.00
4140350;191116;160040.54;512145.7000N;091142.6909E;436.764873;290.00;-0.39;-179.40;5.00
4140399;191116;160041.53;512145.7000N;091142.6909E;436.764873;290.00;-0.39;-179.40;5.00
4140450;191116;160042.55;512145.7000N;091142.6909E;436.764873;290.00;-0.39;-179.40;5.00
4140500;191116;160043.54;512145.7000N;091142.6909E;436.764873;290.00;-0.39;-179.40;5.00
4140550;191116;160044.37;512145.7000N;091142.6909E;436.764873;290.00;-0.39;-179.40;5.00
4140600;191116;160045.37;512145.7000N;091142.6909E;436.764873;290.00;-0.39;-179.40;5.00
4140650;191116;160046.54;512145.7000N;091142.6909E;436.764873;290.00;-0.39;-179.40;5.00
4140700;191116;160047.37;512145.7000N;091142.6909E;436.764873;290.00;-0.39;-179.40;5.00
4140750;191116;160048.55;512145.7000N;091142.6909E;436.764873;290.00;-0.39;-179.40;5.00
4140800;191116;160049.54;512145.7000N;091142.6909E;436.764873;290.00;-0.39;-179.40;5.00
4140849;191116;160050.37;512145.7000N;091142.6909E;436.764873;290.00;-0.39;-179.40;5.00
4140899;191116;160051.55;512145.7000N;091142.6909E;436.764873;290.00;-0.39;-179.40;5.00
4140949;191116;160052.54;512145.7000N;091142.6909E;436.764873;290.00;-0.39;-179.40;5.00
4140999;191116;160053.37;512145.7000N;091142.6909E;436.764873;290.00;-0.39;-179.40;5.00
4141049;191116;160054.55;512145.7000N;091142.6909E;436.764873;290.00;-0.39;-179.40;5.00
4141096;191116;160055.37;512145.7000N;091142.6909E;436.764873;290.00;-0.39;-179.40;5.00
4141145;191116;160056.37;512145.7000N;091142.6909E;436.764873;290.00;-0.39;-179.40;5.00
4141196;191116;160057.55;512145.7000N;091142.6909E;436.764873;290.00;-0.39;-179.40;5.00
4141246;191116;160058.57;512145.7000N;091142.6909E;436.764873;290.00;-0.39;-179.40;5.00
4141296;191116;160059.37;512145.7000N;091142.6909E;436.764873;290.00;-0.39;-179.40;5.00
4141346;191116;160100.55;512145.7000N;091142.6909E;436.764873;290.00;-0.39;-179.40;5.00
4141396;191116;160101.37;512145.7000N;091142.6909E;436.764873;290.00;-0.39;-179.40;5.00
4141446;191116;160102.56;512145.7000N;091142.6909E;436.764873;290.00;-0.39;-179.40;5.00
4141496;191116;160103.55;512145.7000N;091142.6909E;436.764873;290.00;-0.39;-179.40;5.00
4141546;191116;160104.57;512145.7000N;091142.6909E;436.764873;290.00;-0.39;-179.40;5.00
4141596;191116;160105.56;512145.7000N;091142.6909E;436.764873;290.00;-0.39;-179.40;5.00
4141645;191116;160106.37;512145.7000N;091142.6909E;436.764873;290.00;-0.39;-179.40;5.00
4141695;191116;160107.57;512145.7000N;091142.6909E;436.764873;290.00;-0.39;-179.40;5.00
4141745;191116;160108.56;512145.7000N;091142.6909E;436.764873;290.00;-0.39;-179.40;5.00
4141795;191116;160109.37;512145.7000N;091142.6909E;436.764873;290.00;-0.39;-179.40;5.00
4141845;191116;160110.57;512145.7000N;091142.6909E;436.764873;290.00;-0.39;-179.40;5.00
4141895;191116;160111.56;512145.7000N;091142.6909E;436.764873;290.00;-0.39;-179.40;5.00
4141945;191116;160112.55;512145.7000N;091142.6909E;436.764873;290.00;-0.39;-179.40;5.00
4141995;191116;160113.57;512145.7000N;091142.6909E;436.764873;290.00;-0.39;-179.40;5.00
4142045;191116;160114.56;512145.7000N;091142.6909E;436.764873;290.00;-0.39;-179.40;5.00
4142095;191116;160115.55;512145.7000N;091142.6909E;436.764873;290.00;-0.39;-179.40;5.00
4142145;191116;160116.57;512145.7000N;091142.6909E;436.764873;290.00;-0.39;-179.40;5.00
4142195;191116;160117.37;512145.7000N;091142.6909E;436.764873;290.00;-0.39;-179.40;5.00
4142245;191116;160118.55;512145.7000N;091142.6909E;436.764873;290.00;-0.39;-179.40;5.00
4142295;191116;160119.57;512145.7000N;091142.6909E;436.764873;290.00;-0.39;-179.40;5.00
4142345;191116;160120.37;512145.7000N;091142.6909E;436.764873;290.00;-0.39;-179.40;5.00
4142395;191116;160121.56;512145.7000N;091142.6909E;436.764873;290.00;-0.39;-179.40;5.00
4142445;191116;160122.57;512145.7000N;091142.6909E;436.764873;290.00;-0.39;-179.40;5.00
4142495;191116;160123.37;512145.7000N;091142.6909E;436.764873;290.00;-0.39;-179.40;5.00
4142545;191116;160124.37;512145.7000N;091142.6909E;436.764873;290.00;-0.39;-179.40;5.00
4142596;191116;160125.37;512145.7000N;091142.6909E;436.764873;290.00;-0.39;-179.40;5.00
4142642;191116;160126.37;512145.7000N;091142.6909E;436.764873;290.00;-0.39;-179.40;5.00
4142692;191116;160127.37;512145.7000N;091142.6909E;436.764873;290.00;-0.39;-179.40;5.00
4142742;191116;160128.37;512145.7000N;091142.6909E;436.764873;290.00;-0.39;-179.40;5.00
4142792;191116;160129.37;512145.7000N;091142.6909E;436.764873;290.00;-0.39;-179.40;5.00
4142842;191116;160130.37;512145.7000N;091142.6909E;436.764873;290.00;-0.39;-179.40;5.00
4142893;191116;160131.37;512145.7000N;091142.6909E;436.764873;290.00;-0.39;-179.40;5.00
4142936;191116;160132.59;512145.7000N;091142.6909E;436.764873;290.00;-0.39;-179.40;5.00
4142986;191116;160133.37;512145.7000N;091142.6909E;436.764873;290.00;-0.39;-179.40;5.00
4143036;191116;160134.37;512145.7000N;091142.6909E;436.764873;290.00;-0.39;-179.40;5.00
4143081;191116;160135.37;512145.7000N;091142.6909E;436.764873;290.00;-0.39;-179.40;5.00
4143131;191116;160136.61;512145.7000N;091142.6909E;436.764873;290.00;-0.39;-179.40;5.00
4143181;191116;160137.37;512145.7000N;091142.6909E;436.764873;290.00;-0.39;-179.40;5.00
4143227;191116;160138.59;512145.7000N;091142.6909E;436.764873;290.00;-0.39;-179.40;5.00
4143277;191116;160139.61;512145.7000N;091142.6909E;436.764873;290.00;-0.39;-179.40;5.00
4143327;191116;160140.37;512145.7000N;091142.6909E;436.764873;290.00;-0.39;-179.40;5.00
4143373;191116;160141.37;512145.7000N;091142.6909E;436.764873;290.00;-0.39;-179.40;5.00
4143423;191116;160142.37;512145.7000N;091142.6909E;436.764873;290.00;-0.39;-179.40;5.00
4143473;191116;160143.37;512145.7000N;091142.6909E;436.764873;290.00;-0.39;-179.40;5.00
4143518;191116;160144.59;512145.7000N;091142.6909E;436.764873;290.00;-0.39;-179.40;5.00
4143568;191116;160145.61;512145.7224N;091142.6529E;435.363792;290.00;-0.39;-179.40;5.00
4143618;191116;160146.37;512145.7224N;091142.6529E;435.363792;290.00;-0.39;-179.40;5.00
4143664;191116;160147.37;512145.7224N;091142.6529E;435.363792;290.00;-0.39;-179.40;5.00
4143714;191116;160148.37;512145.7224N;091142.6529E;435.363792;290.00;-0.39;-179.40;5.00
4143764;191116;160149.37;512145.7224N;091142.6529E;435.363792;290.00;-0.39;-179.40;5.00
4143809;191116;160150.59;512145.7224N;091142.6529E;435.363792;290.00;-0.39;-179.40;5.00
4143858;191116;160151.37;512145.7224N;091142.6529E;435.363792;290.00;-0.39;-179.40;5.00
4143909;191116;160152.47;512145.7224N;091142.6529E;435.363792;290.00;-0.39;-179.40;5.00
4143960;191116;160153.47;512145.7224N;091142.6529E;435.363792;290.00;-0.39;-179.40;5.00
4144010;191116;160154.47;512145.7224N;091142.6529E;435.363792;290.00;-0.39;-179.40;5.00
4144060;191116;160155.47;512145.7224N;091142.6529E;435.363792;290.00;-0.39;-179.40;5.00
4144110;191116;160156.47;512145.7224N;091142.6529E;435.363792;290.00;-0.39;-179.40;5.00
4144159;191116;160157.47;512145.7224N;091142.6529E;435.363792;290.00;-0.39;-179.40;5.00
4144209;191116;160158.47;512145.7224N;091142.6529E;435.363792;290.00;-0.39;-179.40;5.00
4144259;191116;160159.47;512145.7224N;091142.6529E;435.363792;290.00;-0.39;-179.40;5.00
4144309;191116;160200.47;512145.7224N;091142.6529E;435.363792;290.00;-0.39;-179.40;5.00
4144359;191116;160201.47;512145.7224N;091142.6529E;435.363792;290.00;-0.39;-179.40;5.00
4144409;191116;160202.47;512145.7224N;091142.6529E;435.363792;290.00;-0.39;-179.40;5.00
4144459;191116;160203.47;512145.7224N;091142.6529E;435.363792;290.00;-0.39;-179.40;5.00
4144509;191116;160204.47;512145.7224N;091142.6529E;435.363792;290.00;-0.39;-179.40;5.00
4144559;191116;160205.47;512145.7224N;091142.6529E;435.363792;290.00;-0.39;-179.40;5.00
4144609;191116;160206.47;512145.7224N;091142.6529E;435.363792;290.00;-0.39;-179.40;5.00
4144659;191116;160207.47;512145.7224N;091142.6529E;435.363792;290.00;-0.39;-179.40;5.00
4144709;191116;160208.47;512145.7224N;091142.6529E;435.363792;290.00;-0.39;-179.40;5.00
4144759;191116;160209.47;512145.7385N;091142.6526E;434.254009;290.00;-0.39;-179.40;5.00
4144809;191116;160210.47;512145.7385N;091142.6526E;434.254009;290.00;-0.39;-179.40;5.00
4144859;191116;160211.47;512145.7385N;091142.6526E;434.254009;290.00;-0.39;-179.40;5.00
4144909;191116;160212.47;512145.7385N;091142.6526E;434.254009;290.00;-0.39;-179.40;5.00
4144959;191116;160213.47;512145.7385N;091142.6526E;434.254009;290.00;-0.39;-179.40;5.00
4145003;191116;160214.47;512145.7385N;091142.6526E;434.254009;290.00;-0.39;-179.40;5.00
4145053;191116;160215.47;512145.7385N;091142.6526E;434.254009;290.00;-0.39;-179.40;5.00
4145103;191116;160216.47;512145.7385N;091142.6526E;434.254009;290.00;-0.39;-179.40;5.00
4145153;191116;160217.47;512145.7385N;091142.6526E;434.254009;290.00;-0.39;-179.40;5.00
4145204;191116;160218.47;512145.7385N;091142.6526E;434.254009;290.00;-0.39;-179.40;5.00
4145254;191116;160219.47;512145.7385N;091142.6526E;434.254009;290.00;-0.39;-179.40;5.00
4145304;191116;160220.47;512145.7385N;091142.6526E;434.254009;290.00;-0.39;-179.40;5.00
4145354;191116;160221.47;512145.7385N;091142.6526E;434.254009;290.00;-0.39;-179.40;5.00
4145404;191116;160222.47;512145.7385N;091142.6526E;434.254009;290.00;-0.39;-179.40;5.00
4145454;191116;160223.47;512145.7385N;091142.6526E;434.254009;290.00;-0.39;-179.40;5.00
4145504;191116;160224.47;512145.7385N;091142.6526E;434.254009;290.00;-0.39;-179.40;5.00
4145555;191116;160225.47;512145.7385N;091142.6526E;434.254009;290.00;-0.39;-179.40;5.00
4145605;191116;160226.47;512145.7385N;091142.6526E;434.254009;290.00;-0.39;-179.40;5.00
4145655;191116;160227.47;512145.7385N;091142.6526E;434.254009;290.00;-0.39;-179.40;5.00
4145706;191116;160228.47;512145.7385N;091142.6526E;434.254009;290.00;-0.39;-179.40;5.00
4145756;191116;160229.47;512145.7385N;091142.6526E;434.254009;290.00;-0.39;-179.40;5.00
4145806;191116;160230.47;512145.7385N;091142.6526E;434.254009;290.00;-0.39;-179.40;5.00
4145856;191116;160231.47;512145.7385N;091142.6526E;434.254009;290.00;-0.39;-179.40;5.00
4145906;191116;160232.47;512145.7385N;091142.6526E;434.254009;290.00;-0.39;-179.40;5.00
4145956;191116;160233.47;512145.7385N;091142.6526E;434.254009;290.00;-0.39;-179.40;5.00
4146006;191116;160234.47;512145.7385N;091142.6526E;434.254009;290.00;-0.39;-179.40;5.00
4146056;191116;160235.47;512145.7385N;091142.6526E;434.254009;290.00;-0.39;-179.40;5.00
4146106;191116;160236.47;512145.7385N;091142.6526E;434.254009;290.00;-0.39;-179.40;5.00
4146156;191116;160237.47;512145.7385N;091142.6526E;434.254009;290.00;-0.39;-179.40;5.00
4146206;191116;160238.47;512145.7385N;091142.6526E;434.254009;290.00;-0.39;-179.40;5.00
4146255;191116;160239.47;512145.7385N;091142.6526E;434.254009;290.00;-0.39;-179.40;5.00
4146305;191116;160240.47;512145.7385N;091142.6526E;434.254009;290.00;-0.39;-179.40;5.00
4146355;191116;160241.47;512145.7385N;091142.6526E;434.254009;290.00;-0.39;-179.40;5.00
4146405;191116;160242.47;512145.7385N;091142.6526E;434.254009;290.00;-0.39;-179.40;5.00
4146455;191116;160243.47;512145.7385N;091142.6526E;434.254009;290.00;-0.39;-179.40;5.00
4146505;191116;160244.47;512145.7385N;091142.6526E;434.254009;290.00;-0.39;-179.40;5.00
4146555;191116;160245.47;512145.7385N;091142.6526E;434.254009;290.00;-0.39;-179.40;5.00
4146605;191116;160246.71;512145.7385N;091142.6526E;434.254009;290.00;-0.39;-179.40;5.00
4146655;191116;160247.48;512145.7385N;091142.6526E;434.254009;290.00;-0.39;-179.40;5.00
4146709;191116;160248.57;512145.7385N;091142.6526E;434.254009;290.00;-0.39;-179.40;5.00
4146759;191116;160249.57;512145.7385N;091142.6526E;434.254009;290.00;-0.39;-179.40;5.00
4146809;191116;160250.57;512145.7385N;091142.6526E;434.254009;290.00;-0.39;-179.40;5.00
4146859;191116;160251.78;512145.7385N;091142.6526E;434.254009;290.00;-0.39;-179.40;5.00
4146909;191116;160252.78;512145.7385N;091142.6526E;434.254009;290.00;-0.39;-179.40;5.00
4146959;191116;160253.57;512145.7385N;091142.6526E;434.254009;290.00;-0.39;-179.40;5.00
4147009;191116;160254.57;512145.7385N;091142.6526E;434.254009;290.00;-0.39;-179.40;5.00
4147059;191116;160255.79;512145.7385N;091142.6526E;434.254009;290.00;-0.39;-179.40;5.00
4147109;191116;160256.79;512145.7385N;091142.6526E;434.254009;290.00;-0.39;-179.40;5.00
4147159;191116;160257.57;512145.7385N;091142.6526E;434.254009;290.00;-0.39;-179.40;5.00
4147209;191116;160258.78;512145.7385N;091142.6526E;434.254009;290.00;-0.39;-179.40;5.00
4147259;191116;160259.79;512145.7385N;091142.6526E;434.254009;290.00;-0.39;-179.40;5.00
4147309;191116;160300.57;512145.7385N;091142.6526E;434.254009;290.00;-0.39;-179.40;5.00
4147359;191116;160301.78;512145.7385N;091142.6526E;434.254009;290.00;-0.39;-179.40;5.00
4147409;191116;160302.77;512145.7385N;091142.6526E;434.254009;290.00;-0.39;-179.40;5.00
4147459;191116;160303.79;512145.7385N;091142.6526E;434.254009;290.00;-0.39;-179.40;5.00
4147509;191116;160304.57;512145.7385N;091142.6526E;434.254009;290.00;-0.39;-179.40;5.00
4147559;191116;160305.57;512145.7385N;091142.6526E;434.254009;290.00;-0.39;-179.40;5.00
4147609;191116;160306.77;512145.7385N;091142.6526E;434.254009;290.00;-0.39;-179.40;5.00
4147659;191116;160307.78;512145.7385N;091142.6526E;434.254009;290.00;-0.39;-179.40;5.00
4147709;191116;160308.78;512145.7385N;091142.6526E;434.254009;290.00;-0.39;-179.40;5.00
4147759;191116;160309.78;512145.7385N;091142.6526E;434.254009;290.00;-0.39;-179.40;5.00
4147809;191116;160310.78;512145.7385N;091142.6526E;434.254009;290.00;-0.39;-179.40;5.00
4147859;191116;160311.57;512145.7385N;091142.6526E;434.254009;290.00;-0.39;-179.40;5.00
4147909;191116;160312.57;512145.7385N;091142.6526E;434.254009;290.00;-0.39;-179.40;5.00
4147959;191116;160313.57;512145.7385N;091142.6526E;434.254009;290.00;-0.39;-179.40;5.00
4148009;191116;160314.57;512145.7385N;091142.6526E;434.254009;290.00;-0.39;-179.40;5.00
4148059;191116;160315.79;512145.7385N;091142.6526E;434.254009;290.00;-0.39;-179.40;5.00
4148103;191116;160316.78;512145.7385N;091142.6526E;434.254009;290.00;-0.39;-179.40;5.00
4148153;191116;160317.57;512145.7385N;091142.6526E;434.254009;290.00;-0.39;-179.40;5.00
4148203;191116;160318.57;512145.7385N;091142.6526E;434.254009;290.00;-0.39;-179.40;5.00
4148253;191116;160319.78;512145.7385N;091142.6526E;434.254009;290.00;-0.39;-179.40;5.00
4148297;191116;160320.57;512145.7385N;091142.6526E;434.254009;290.00;-0.39;-179.40;5.00
4148347;191116;160321.79;512145.7385N;091142.6526E;434.254009;290.00;-0.39;-179.40;5.00
4148397;191116;160322.78;512145.7385N;091142.6526E;434.254009;290.00;-0.39;-179.40;5.00
4148447;191116;160323.57;512145.7385N;091142.6526E;434.254009;290.00;-0.39;-179.40;5.00
4148497;191116;160324.79;512145.7385N;091142.6526E;434.254009;290.00;-0.39;-179.40;5.00
4148547;191116;160325.79;512145.7385N;091142.6526E;434.254009;290.00;-0.39;-179.40;5.00
4148597;191116;160326.57;512145.7385N;091142.6526E;434.254009;290.00;-0.39;-179.40;5.00
4148647;191116;160327.79;512145.7385N;091142.6526E;434.254009;290.00;-0.39;-179.40;5.00
4148697;191116;160328.79;512145.7385N;091142.6526E;434.254009;290.00;-0.39;-179.40;5.00
4148747;191116;160329.57;512145.7385N;091142.6526E;434.254009;290.00;-0.39;-179.40;5.00
4148797;191116;160330.79;512145.7385N;091142.6526E;434.254009;290.00;-0.39;-179.40;5.00
4148847;191116;160331.57;512145.7385N;091142.6526E;434.254009;290.00;-0.39;-179.40;5.00
4148897;191116;160332.80;512145.7385N;091142.6526E;434.254009;290.00;-0.39;-179.40;5.00
4148947;191116;160333.79;512145.7385N;091142.6526E;434.254009;290.00;-0.39;-179.40;5.00
4148997;191116;160334.79;512145.7385N;091142.6526E;434.254009;290.00;-0.39;-179.40;5.00
4149047;191116;160335.80;512145.7385N;091142.6526E;434.254009;290.00;-0.39;-179.40;5.00
4149097;191116;160336.79;512145.7385N;091142.6526E;434.254009;290.00;-0.39;-179.40;5.00
4149147;191116;160337.57;512145.7385N;091142.6526E;434.254009;290.00;-0.39;-179.40;5.00
4149197;191116;160338.78;512145.7385N;091142.6526E;434.254009;290.00;-0.39;-179.40;5.00
4149247;191116;160339.79;512145.7385N;091142.6526E;434.254009;290.00;-0.39;-179.40;5.00
4149297;191116;160340.79;512145.7385N;091142.6526E;434.254009;290.00;-0.39;-179.40;5.00
4149347;191116;160341.57;512145.7385N;091142.6526E;434.254009;290.00;-0.39;-179.40;5.00
4149397;191116;160342.79;512145.7385N;091142.6526E;434.254009;290.00;-0.39;-179.40;5.00
4149447;191116;160343.57;512145.7385N;091142.6526E;434.254009;290.00;-0.39;-179.40;5.00
4149498;191116;160344.67;512145.7385N;091142.6526E;434.254009;290.00;-0.39;-179.40;5.00
4149548;191116;160345.82;512145.7385N;091142.6526E;434.254009;290.00;-0.39;-179.40;5.00
4149599;191116;160346.67;512145.7385N;091142.6526E;434.254009;290.00;-0.39;-179.40;5.00
4149649;191116;160347.67;512145.7385N;091142.6526E;434.254009;290.00;-0.39;-179.40;5.00
4149699;191116;160348.67;512145.7385N;091142.6526E;434.254009;290.00;-0.39;-179.40;5.00
4149745;191116;160349.84;512145.7385N;091142.6526E;434.254009;290.00;-0.39;-179.40;5.00
4149795;191116;160350.67;512145.7385N;091142.6526E;434.254009;290.00;-0.39;-179.40;5.00
4149845;191116;160351.67;512145.7385N;091142.6526E;434.254009;290.00;-0.39;-179.40;5.00
4149896;191116;160352.67;512145.7385N;091142.6526E;434.254009;290.00;-0.39;-179.40;5.00
4149946;191116;160353.67;512145.7385N;091142.6526E;434.254009;290.00;-0.39;-179.40;5.00
4149996;191116;160354.83;512145.7385N;091142.6526E;434.254009;290.00;-0.39;-179.40;5.00
4150046;191116;160355.84;512145.7385N;091142.6526E;434.254009;290.00;-0.39;-179.40;5.00
4150096;191116;160356.67;512145.7385N;091142.6526E;434.254009;290.00;-0.39;-179.40;5.00
4150146;191116;160357.67;512145.7385N;091142.6526E;434.254009;290.00;-0.39;-179.40;5.00
4150196;191116;160358.67;512145.7385N;091142.6526E;434.254009;290.00;-0.39;-179.40;5.00
4150246;191116;160359.67;512145.7385N;091142.6526E;434.254009;290.00;-0.39;-179.40;5.00
4150296;191116;160400.67;512145.7385N;091142.6526E;434.254009;290.00;-0.39;-179.40;5.00
4150346;191116;160401.67;512145.7385N;091142.6526E;434.254009;290.00;-0.39;-179.40;5.00
4150396;191116;160402.67;512145.7385N;091142.6526E;434.254009;290.00;-0.39;-179.40;5.00
4150446;191116;160403.83;512145.7385N;091142.6526E;434.254009;290.00;-0.39;-179.40;5.00
4150496;191116;160404.84;512145.7385N;091142.6526E;434.254009;290.00;-0.39;-179.40;5.00
4150546;191116;160405.84;512145.7385N;091142.6526E;434.254009;290.00;-0.39;-179.40;5.00
4150596;191116;160406.83;512145.7385N;091142.6526E;434.254009;290.00;-0.39;-179.40;5.00
4150646;191116;160407.84;512145.7385N;091142.6526E;434.254009;290.00;-0.39;-179.40;5.00
4150696;191116;160408.83;512145.7196N;091142.6806E;435.103471;290.00;-0.39;-179.40;5.00
4150746;191116;160409.83;512145.7196N;091142.6806E;435.103471;290.00;-0.39;-179.40;5.00
4150796;191116;160410.84;512145.7196N;091142.6806E;435.103471;290.00;-0.39;-179.40;5.00
4150846;191116;160411.83;512145.7196N;091142.6806E;435.103471;290.00;-0.39;-179.40;5.00
4150896;191116;160412.67;512145.7196N;091142.6806E;435.103471;290.00;-0.39;-179.40;5.00
4150946;191116;160413.84;512145.7196N;091142.6806E;435.103471;290.00;-0.39;-179.40;5.00
4150996;191116;160414.86;512145.7196N;091142.6806E;435.103471;290.00;-0.39;-179.40;5.00
4151046;191116;160415.85;512145.7196N;091142.6806E;435.103471;290.00;-0.39;-179.40;5.00
4151096;191116;160416.84;512145.7196N;091142.6806E;435.103471;290.00;-0.39;-179.40;5.00
4151146;191116;160417.86;512145.7196N;091142.6806E;435.103471;290.00;-0.39;-179.40;5.00
4151196;191116;160418.85;512145.7196N;091142.6806E;435.103471;290.00;-0.39;-179.40;5.00
4151246;191116;160419.67;512145.7196N;091142.6806E;435.103471;290.00;-0.39;-179.40;5.00
4151296;191116;160420.86;512145.7196N;091142.6806E;435.103471;290.00;-0.39;-179.40;5.00
4151346;191116;160421.67;512145.7196N;091142.6806E;435.103471;290.00;-0.39;-179.40;5.00
4151396;191116;160422.67;512145.7196N;091142.6806E;435.103471;290.00;-0.39;-179.40;5.00
4151446;191116;160423.86;512145.7196N;091142.6806E;435.103471;290.00;-0.39;-179.40;5.00
4151496;191116;160424.67;512145.7196N;091142.6806E;435.103471;290.00;-0.39;-179.40;5.00
4151546;191116;160425.67;512145.7196N;091142.6806E;435.103471;290.00;-0.39;-179.40;5.00
4151596;191116;160426.86;512145.7196N;091142.6806E;435.103471;290.00;-0.39;-179.40;5.00
4151647;191116;160427.67;512145.7196N;091142.6806E;435.103471;290.00;-0.39;-179.40;5.00
4151697;191116;160428.84;512145.7196N;091142.6806E;435.103471;290.00;-0.39;-179.40;5.00
4151747;191116;160429.86;512145.7196N;091142.6806E;435.103471;290.00;-0.39;-179.40;5.00
4151797;191116;160430.67;512145.7196N;091142.6806E;435.103471;290.00;-0.39;-179.40;5.00
4151847;191116;160431.67;512145.7196N;091142.6806E;435.103471;290.00;-0.39;-179.40;5.00
4151897;191116;160432.86;512145.7196N;091142.6806E;435.103471;290.00;-0.39;-179.40;5.00
4151947;191116;160433.85;512145.7196N;091142.6806E;435.103471;290.00;-0.39;-179.40;5.00
4151997;191116;160434.67;512145.7196N;091142.6806E;435.103471;290.00;-0.39;-179.40;5.00
4152047;191116;160435.86;512145.7196N;091142.6806E;435.103471;290.00;-0.39;-179.40;5.00
4152097;191116;160436.67;512145.7196N;091142.6806E;435.103471;290.00;-0.39;-179.40;5.00
4152147;191116;160437.67;512145.7196N;091142.6806E;435.103471;290.00;-0.39;-179.40;5.00
4152197;191116;160438.86;512145.7196N;091142.6806E;435.103471;290.00;-0.39;-179.40;5.00
4152245;191116;160439.85;512145.7196N;091142.6806E;435.103471;290.00;-0.39;-179.40;5.00
4152295;191116;160440.67;512145.7196N;091142.6806E;435.103471;290.00;-0.39;-179.40;5.00
4152346;191116;160441.67;512145.7196N;091142.6806E;435.103471;290.00;-0.39;-179.40;5.00
4152396;191116;160442.67;512145.7196N;091142.6806E;435.103471;290.00;-0.39;-179.40;5.00
4152446;191116;160443.90;512145.7196N;091142.6806E;435.103471;290.00;-0.39;-179.40;5.00
4152496;191116;160444.89;512145.7196N;091142.6806E;435.103471;290.00;-0.39;-179.40;5.00
4152547;191116;160445.67;512145.7196N;091142.6806E;435.103471;290.00;-0.39;-179.40;5.00
4152597;191116;160446.90;512145.7196N;091142.6806E;435.103471;290.00;-0.39;-179.40;5.00
4152647;191116;160447.89;512145.7196N;091142.6806E;435.103471;290.00;-0.39;-179.40;5.00
4152697;191116;160448.67;512145.7196N;091142.6806E;435.103471;290.00;-0.39;-179.40;5.00
4152747;191116;160449.67;512145.7196N;091142.6806E;435.103471;290.00;-0.39;-179.40;5.00
4152797;191116;160450.89;512145.7196N;091142.6806E;435.103471;290.00;-0.39;-179.40;5.00
4152847;191116;160451.67;512145.7196N;091142.6806E;435.103471;290.00;-0.39;-179.40;5.00
4152897;191116;160452.90;512145.7196N;091142.6806E;435.103471;290.00;-0.39;-179.40;5.00
4152947;191116;160453.89;512145.7196N;091142.6806E;435.103471;290.00;-0.39;-179.40;5.00
4152997;191116;160454.67;512145.7196N;091142.6806E;435.103471;290.00;-0.39;-179.40;5.00
4153046;191116;160455.77;512145.7196N;091142.6806E;435.103471;290.00;-0.39;-179.40;5.00
4153096;191116;160456.89;512145.7196N;091142.6806E;435.103471;290.00;-0.39;-179.40;5.00
4153146;191116;160457.67;512145.7196N;091142.6806E;435.103471;290.00;-0.39;-179.40;5.00
4153196;191116;160458.90;512145.7196N;091142.6806E;435.103471;290.00;-0.39;-179.40;5.00
4153246;191116;160459.89;512145.7196N;091142.6806E;435.103471;290.00;-0.39;-179.40;5.00
4153296;191116;160500.67;512145.7196N;091142.6806E;435.103471;290.00;-0.39;-179.40;5.00
4153346;191116;160501.67;512145.7196N;091142.6806E;435.103471;290.00;-0.39;-179.40;5.00
4153396;191116;160502.89;512145.7196N;091142.6806E;435.103471;290.00;-0.39;-179.40;5.00
4153446;191116;160503.67;512145.7196N;091142.6806E;435.103471;290.00;-0.39;-179.40;5.00
4153496;191116;160504.90;512145.7196N;091142.6806E;435.103471;290.00;-0.39;-179.40;5.00
4153546;191116;160505.89;512145.7196N;091142.6806E;435.103471;290.00;-0.39;-179.40;5.00
4153596;191116;160506.77;512145.7196N;091142.6806E;435.103471;290.00;-0.39;-179.40;5.00
4153646;191116;160507.90;512145.7196N;091142.6806E;435.103471;290.00;-0.39;-179.40;5.00
4153696;191116;160508.77;512145.7196N;091142.6806E;435.103471;290.00;-0.39;-179.40;5.00
4153747;191116;160509.77;512145.7196N;091142.6806E;435.103471;290.00;-0.39;-179.40;5.00
4153797;191116;160510.77;512145.7196N;091142.6806E;435.103471;290.00;-0.39;-179.40;5.00
4153847;191116;160511.77;512145.7196N;091142.6806E;435.103471;290.00;-0.39;-179.40;5.00
4153897;191116;160512.77;512145.7196N;091142.6806E;435.103471;290.00;-0.39;-179.40;5.00
4153947;191116;160513.77;512145.7196N;091142.6806E;435.103471;290.00;-0.39;-179.40;5.00
4153997;191116;160514.77;512145.7196N;091142.6806E;435.103471;290.00;-0.39;-179.40;5.00
4154046;191116;160515.94;512145.7196N;091142.6806E;435.103471;290.00;-0.39;-179.40;5.00
4154096;191116;160516.93;512145.7196N;091142.6806E;435.103471;290.00;-0.39;-179.40;5.00
4154146;191116;160517.77;512145.7196N;091142.6806E;435.103471;290.00;-0.39;-179.40;5.00
4154196;191116;160518.94;512145.7196N;091142.6806E;435.103471;290.00;-0.39;-179.40;5.00
4154246;191116;160519.93;512145.7196N;091142.6806E;435.103471;290.00;-0.39;-179.40;5.00
4154297;191116;160520.77;512145.7196N;091142.6806E;435.103471;290.00;-0.39;-179.40;5.00
4154347;191116;160521.94;512145.7196N;091142.6806E;435.103471;290.00;-0.39;-179.40;5.00
4154397;191116;160522.77;512145.7196N;091142.6806E;435.103471;290.00;-0.39;-179.40;5.00
4154447;191116;160523.77;512145.7196N;091142.6806E;435.103471;290.00;-0.39;-179.40;5.00
4154497;191116;160524.94;512145.7196N;091142.6806E;435.103471;290.00;-0.39;-179.40;5.00
4154547;191116;160525.93;512145.7196N;091142.6806E;435.103471;290.00;-0.39;-179.40;5.00
4154597;191116;160526.77;512145.7196N;091142.6806E;435.103471;290.00;-0.39;-179.40;5.00
4154647;191116;160527.94;512145.7196N;091142.6806E;435.103471;290.00;-0.39;-179.40;5.00
4154697;191116;160528.93;512145.7196N;091142.6806E;435.103471;290.00;-0.39;-179.40;5.00
4154747;191116;160529.77;512145.7196N;091142.6806E;435.103471;290.00;-0.39;-179.40;5.00
4154797;191116;160530.94;512145.7196N;091142.6806E;435.103471;290.00;-0.39;-179.40;5.00
4154847;191116;160531.93;512145.7196N;091142.6806E;435.103471;290.00;-0.39;-179.40;5.00
4154897;191116;160532.77;512145.7196N;091142.6806E;435.103471;290.00;-0.39;-179.40;5.00
4154947;191116;160533.94;512145.7196N;091142.6806E;435.103471;290.00;-0.39;-179.40;5.00
4154997;191116;160534.92;512145.7196N;091142.6806E;435.103471;290.00;-0.39;-179.40;5.00
4155047;191116;160535.77;512145.7196N;091142.6806E;435.103471;290.00;-0.39;-179.40;5.00
4155098;191116;160536.77;512145.7196N;091142.6806E;435.103471;290.00;-0.39;-179.40;5.00
4155149;191116;160537.77;512145.7196N;091142.6806E;435.103471;290.00;-0.39;-179.40;5.00
4155199;191116;160538.77;512145.7196N;091142.6806E;435.103471;290.00;-0.39;-179.40;5.00
4155249;191116;160539.77;512145.7196N;091142.6806E;435.103471;290.00;-0.39;-179.40;5.00
4155299;191116;160540.77;512145.7196N;091142.6806E;435.103471;290.00;-0.39;-179.40;5.00
4155349;191116;160541.98;512145.7196N;091142.6806E;435.103471;290.00;-0.39;-179.40;5.00
4155399;191116;160542.77;512145.7196N;091142.6806E;435.103471;290.00;-0.39;-179.40;5.00
4155449;191116;160543.77;512145.7196N;091142.6806E;435.103471;290.00;-0.39;-179.40;5.00
4155499;191116;160544.98;512145.7196N;091142.6806E;435.103471;290.00;-0.39;-179.40;5.00
4155549;191116;160545.77;512145.7196N;091142.6806E;435.103471;290.00;-0.39;-179.40;5.00
4155599;191116;160546.77;512145.7196N;091142.6806E;435.103471;290.00;-0.39;-179.40;5.00
4155649;191116;160547.98;512145.7196N;091142.6806E;435.103471;290.00;-0.39;-179.40;5.00
4155699;191116;160548.77;512145.7196N;091142.6806E;435.103471;290.00;-0.39;-179.40;5.00
4155749;191116;160549.99;512145.7196N;091142.6806E;435.103471;290.00;-0.39;-179.40;5.00
4155796;191116;160550.98;512145.7196N;091142.6806E;435.103471;290.00;-0.39;-179.40;5.00
4155846;191116;160552.00;512145.7196N;091142.6806E;435.103471;290.00;-0.39;-179.40;5.00
4155896;191116;160552.99;512145.7196N;091142.6806E;435.103471;290.00;-0.39;-179.40;5.00
4155946;191116;160553.99;512145.7196N;091142.6806E;435.103471;290.00;-0.39;-179.40;5.00
4155996;191116;160555.00;512145.7196N;091142.6806E;435.103471;290.00;-0.39;-179.40;5.00
4156046;191116;160555.99;512145.7196N;091142.6806E;435.103471;290.00;-0.39;-179.40;5.00
4156096;191116;160556.77;512145.7196N;091142.6806E;435.103471;290.00;-0.39;-179.40;5.00
4156146;191116;160558.00;512145.7196N;091142.6806E;435.103471;290.00;-0.39;-179.40;5.00
4156196;191116;160558.99;512145.7196N;091142.6806E;435.103471;290.00;-0.39;-179.40;5.00
4156246;191116;160559.98;512145.7196N;091142.6806E;435.103471;290.00;-0.39;-179.40;5.00
4156296;191116;160600.77;512145.7196N;091142.6806E;435.103471;290.00;-0.39;-179.40;5.00
4156346;191116;160601.99;512145.7196N;091142.6806E;435.103471;290.00;-0.39;-179.40;5.00
4156396;191116;160602.98;512145.7196N;091142.6806E;435.103471;290.00;-0.39;-179.40;5.00
4156446;191116;160604.00;512145.7196N;091142.6806E;435.103471;290.00;-0.39;-179.40;5.00
4156497;191116;160604.87;512145.7196N;091142.6806E;435.103471;290.00;-0.39;-179.40;5.00
4156547;191116;160605.87;512145.7196N;091142.6806E;435.103471;290.00;-0.39;-179.40;5.00
4156597;191116;160606.87;512145.7196N;091142.6806E;435.103471;290.00;-0.39;-179.40;5.00
4156648;191116;160607.87;512145.7196N;091142.6806E;435.103471;290.00;-0.39;-179.40;5.00
4156698;191116;160608.87;512145.7196N;091142.6806E;435.103471;290.00;-0.39;-179.40;5.00
4156748;191116;160609.87;512145.7196N;091142.6806E;435.103471;290.00;-0.39;-179.40;5.00
4156798;191116;160610.87;512145.7196N;091142.6806E;435.103471;290.00;-0.39;-179.40;5.00
4156848;191116;160611.87;512145.7196N;091142.6806E;435.103471;290.00;-0.39;-179.40;5.00
4156898;191116;160612.87;512145.7196N;091142.6806E;435.103471;290.00;-0.39;-179.40;5.00
4156948;191116;160613.87;512145.7196N;091142.6806E;435.103471;290.00;-0.39;-179.40;5.00
4156998;191116;160615.04;512145.7196N;091142.6806E;435.103471;290.00;-0.39;-179.40;5.00
4157048;191116;160616.04;512145.7196N;091142.6806E;435.103471;290.00;-0.39;-179.40;5.00
4157098;191116;160616.87;512145.7196N;091142.6806E;435.103471;290.00;-0.39;-179.40;5.00
4157146;191116;160617.87;512145.7196N;091142.6806E;435.103471;290.00;-0.39;-179.40;5.00
4157196;191116;160619.03;512145.7196N;091142.6806E;435.103471;290.00;-0.39;-179.40;5.00
4157246;191116;160619.87;512145.7196N;091142.6806E;435.103471;290.00;-0.39;-179.40;5.00
4157296;191116;160621.04;512145.7196N;091142.6806E;435.103471;290.00;-0.39;-179.40;5.00
4157346;191116;160622.04;512145.7196N;091142.6806E;435.103471;290.00;-0.39;-179.40;5.00
4157396;191116;160622.87;512145.7196N;091142.6806E;435.103471;290.00;-0.39;-179.40;5.00
4157446;191116;160624.04;512145.7196N;091142.6806E;435.103471;290.00;-0.39;-179.40;5.00
4157496;191116;160624.87;512145.7196N;091142.6806E;435.103471;290.00;-0.39;-179.40;5.00
4157546;191116;160626.04;512145.7196N;091142.6806E;435.103471;290.00;-0.39;-179.40;5.00
4157596;191116;160627.03;512145.7196N;091142.6806E;435.103471;290.00;-0.39;-179.40;5.00
4157646;191116;160627.87;512145.7196N;091142.6806E;435.103471;290.00;-0.39;-179.40;5.00
4157696;191116;160628.87;512145.7196N;091142.6806E;435.103471;290.00;-0.39;-179.40;5.00
4157746;191116;160630.04;512145.7196N;091142.6806E;435.103471;290.00;-0.39;-179.40;5.00
4157796;191116;160630.87;512145.7196N;091142.6806E;435.103471;290.00;-0.39;-179.40;5.00
4157846;191116;160632.05;512145.7196N;091142.6806E;435.103471;290.00;-0.39;-179.40;5.00
4157897;191116;160632.87;512145.7196N;091142.6806E;435.103471;290.00;-0.39;-179.40;5.00
4157947;191116;160634.06;512145.7196N;091142.6806E;435.103471;290.00;-0.39;-179.40;5.00
4157997;191116;160634.87;512145.7196N;091142.6806E;435.103471;290.00;-0.39;-179.40;5.00
4158047;191116;160636.07;512145.7196N;091142.6806E;435.103471;290.00;-0.39;-179.40;5.00
4158097;191116;160636.87;512145.7196N;091142.6806E;435.103471;290.00;-0.39;-179.40;5.00
4158147;191116;160637.87;512145.7196N;091142.6806E;435.103471;290.00;-0.39;-179.40;5.00
4158197;191116;160639.07;512145.7196N;091142.6806E;435.103471;290.00;-0.39;-179.40;5.00
4158247;191116;160639.87;512145.7196N;091142.6806E;435.103471;290.00;-0.39;-179.40;5.00
4158297;191116;160640.87;512145.7196N;091142.6806E;435.103471;290.00;-0.39;-179.40;5.00
4158347;191116;160642.06;512145.7196N;091142.6806E;435.103471;290.00;-0.39;-179.40;5.00
4158397;191116;160643.07;512145.7196N;091142.6806E;435.103471;290.00;-0.39;-179.40;5.00
4158447;191116;160643.87;512145.7196N;091142.6806E;435.103471;290.00;-0.39;-179.40;5.00
4158497;191116;160645.06;512145.7196N;091142.6806E;435.103471;290.00;-0.39;-179.40;5.00
4158547;191116;160645.87;512145.7196N;091142.6806E;435.103471;290.00;-0.39;-179.40;5.00
4158597;191116;160646.87;512145.7196N;091142.6806E;435.103471;290.00;-0.39;-179.40;5.00
4158647;191116;160648.07;512145.7196N;091142.6806E;435.103471;290.00;-0.39;-179.40;5.00
4158697;191116;160648.87;512145.7196N;091142.6806E;435.103471;290.00;-0.39;-179.40;5.00
4158747;191116;160650.08;512145.7196N;091142.6806E;435.103471;290.00;-0.39;-179.40;5.00
4158797;191116;160651.07;512145.7196N;091142.6806E;435.103471;290.00;-0.39;-179.40;5.00
4158847;191116;160651.87;512145.7196N;091142.6806E;435.103471;290.00;-0.39;-179.40;5.00
4158897;191116;160653.08;512145.7196N;091142.6806E;435.103471;290.00;-0.39;-179.40;5.00
4158947;191116;160654.07;512145.7196N;091142.6806E;435.103471;290.00;-0.39;-179.40;5.00
4158997;191116;160655.06;512145.7196N;091142.6806E;435.103471;290.00;-0.39;-179.40;5.00
4159047;191116;160656.07;512145.7196N;091142.6806E;435.103471;290.00;-0.39;-179.40;5.00
4159097;191116;160657.07;512145.7196N;091142.6806E;435.103471;290.00;-0.39;-179.40;5.00
4159147;191116;160658.06;512145.7196N;091142.6806E;435.103471;290.00;-0.39;-179.40;5.00
4159197;191116;160659.08;512145.7196N;091142.6806E;435.103471;290.00;-0.39;-179.40;5.00
4159247;191116;160700.07;512145.7196N;091142.6806E;435.103471;290.00;-0.39;-179.40;5.00
4159298;191116;160700.97;512145.7196N;091142.6806E;435.103471;290.00;-0.39;-179.40;5.00
4159349;191116;160701.97;512145.7196N;091142.6806E;435.103471;290.00;-0.39;-179.40;5.00
4159399;191116;160702.97;512145.7196N;091142.6806E;435.103471;290.00;-0.39;-179.40;5.00
4159449;191116;160703.97;512145.7196N;091142.6806E;435.103471;290.00;-0.39;-179.40;5.00
4159500;191116;160704.97;512145.7196N;091142.6806E;435.103471;290.00;-0.39;-179.40;5.00
4159550;191116;160705.97;512145.7196N;091142.6806E;435.103471;290.00;-0.39;-179.40;5.00
4159600;191116;160707.15;512145.7196N;091142.6806E;435.103471;290.00;-0.39;-179.40;5.00
4159650;191116;160707.97;512145.7196N;091142.6806E;435.103471;290.00;-0.39;-179.40;5.00
4159700;191116;160708.97;512145.7196N;091142.6806E;435.103471;290.00;-0.39;-179.40;5.00
4159750;191116;160710.12;512145.7196N;091142.6806E;435.103471;290.00;-0.39;-179.40;5.00
4159801;191116;160710.97;512145.7196N;091142.6806E;435.103471;290.00;-0.39;-179.40;5.00
4159851;191116;160711.97;512145.7196N;091142.6806E;435.103471;290.00;-0.39;-179.40;5.00
4159901;191116;160713.12;512145.7196N;091142.6806E;435.103471;290.00;-0.39;-179.40;5.00
4159951;191116;160714.14;512145.7196N;091142.6806E;435.103471;290.00;-0.39;-179.40;5.00
4160001;191116;160714.97;512145.7196N;091142.6806E;435.103471;290.00;-0.39;-179.40;5.00
4160051;191116;160716.12;512145.7196N;091142.6806E;435.103471;290.00;-0.39;-179.40;5.00
4160101;191116;160717.13;512145.7196N;091142.6806E;435.103471;290.00;-0.39;-179.40;5.00
4160151;191116;160718.12;512145.7196N;091142.6806E;435.103471;290.00;-0.39;-179.40;5.00
4160201;191116;160719.14;512145.7196N;091142.6806E;435.103471;290.00;-0.39;-179.40;5.00
4160251;191116;160720.13;512145.7196N;091142.6806E;435.103471;290.00;-0.39;-179.40;5.00
4160301;191116;160721.12;512145.7196N;091142.6806E;435.103471;290.00;-0.39;-179.40;5.00
4160351;191116;160722.14;512145.7196N;091142.6806E;435.103471;290.00;-0.39;-179.40;5.00
4160401;191116;160723.13;512145.7196N;091142.6806E;435.103471;290.00;-0.39;-179.40;5.00
4160450;191116;160723.97;512145.7196N;091142.6806E;435.103471;290.00;-0.39;-179.40;5.00
4160500;191116;160725.11;512145.7196N;091142.6806E;435.103471;290.00;-0.39;-179.40;5.00
4160550;191116;160726.14;512145.7196N;091142.6806E;435.103471;290.00;-0.39;-179.40;5.00
4160600;191116;160727.12;512145.7196N;091142.6806E;435.103471;290.00;-0.39;-179.40;5.00
4160650;191116;160728.12;512145.7196N;091142.6806E;435.103471;290.00;-0.39;-179.40;5.00
4160701;191116;160728.97;512145.7196N;091142.6806E;435.103471;290.00;-0.39;-179.40;5.00
4160751;191116;160729.97;512145.7196N;091142.6806E;435.103471;290.00;-0.39;-179.40;5.00
4160801;191116;160730.97;512145.7196N;091142.6806E;435.103471;290.00;-0.39;-179.40;5.00
4160851;191116;160732.17;512145.7196N;091142.6806E;435.103471;290.00;-0.39;-179.40;5.00
4160901;191116;160733.16;512145.7196N;091142.6806E;435.103471;290.00;-0.39;-179.40;5.00
4160951;191116;160734.15;512145.7196N;091142.6806E;435.103471;290.00;-0.39;-179.40;5.00
4161001;191116;160735.16;512145.7196N;091142.6806E;435.103471;290.00;-0.39;-179.40;5.00
4161051;191116;160736.15;512145.7196N;091142.6806E;435.103471;290.00;-0.39;-179.40;5.00
4161101;191116;160736.97;512145.7196N;091142.6806E;435.103471;290.00;-0.39;-179.40;5.00
4161151;191116;160738.16;512145.7196N;091142.6806E;435.103471;290.00;-0.39;-179.40;5.00
4161201;191116;160739.16;512145.7196N;091142.6806E;435.103471;290.00;-0.39;-179.40;5.00
4161251;191116;160740.16;512145.7196N;091142.6806E;435.103471;290.00;-0.39;-179.40;5.00
4161301;191116;160741.17;512145.7196N;091142.6806E;435.103471;290.00;-0.39;-179.40;5.00
4161351;191116;160742.16;512145.7196N;091142.6806E;435.103471;290.00;-0.39;-179.40;5.00
4161401;191116;160742.97;512145.7196N;091142.6806E;435.103471;290.00;-0.39;-179.40;5.00
4161451;191116;160744.17;512145.7196N;091142.6806E;435.103471;290.00;-0.39;-179.40;5.00
4161501;191116;160745.15;512145.7196N;091142.6806E;435.103471;290.00;-0.39;-179.40;5.00
4161551;191116;160746.15;512145.7196N;091142.6806E;435.103471;290.00;-0.39;-179.40;5.00
4161601;191116;160747.17;512145.7196N;091142.6806E;435.103471;290.00;-0.39;-179.40;5.00
4161651;191116;160748.16;512145.7196N;091142.6806E;435.103471;290.00;-0.39;-179.40;5.00
4161701;191116;160749.16;512145.7196N;091142.6806E;435.103471;290.00;-0.39;-179.40;5.00
4161751;191116;160750.17;512145.7196N;091142.6806E;435.103471;290.00;-0.39;-179.40;5.00
4161801;191116;160751.16;512145.7196N;091142.6806E;435.103471;290.00;-0.39;-179.40;5.00
4161851;191116;160752.16;512145.7196N;091142.6806E;435.103471;290.00;-0.39;-179.40;5.00
4161901;191116;160753.16;512145.7196N;091142.6806E;435.103471;290.00;-0.39;-179.40;5.00
4161951;191116;160754.16;512145.7196N;091142.6806E;435.103471;290.00;-0.39;-179.40;5.00
4162001;191116;160755.16;512145.7196N;091142.6806E;435.103471;290.00;-0.39;-179.40;5.00
4162051;191116;160756.16;512145.7196N;091142.6806E;435.103471;290.00;-0.39;-179.40;5.00
4162100;191116;160756.97;512145.7196N;091142.6806E;435.103471;290.00;-0.39;-179.40;5.00
4162150;191116;160757.97;512145.7196N;091142.6806E;435.103471;290.00;-0.39;-179.40;5.00
4162200;191116;160758.97;512145.7196N;091142.6806E;435.103471;290.00;-0.39;-179.40;5.00
4162250;191116;160759.97;512145.7196N;091142.6806E;435.103471;290.00;-0.39;-179.40;5.00
4162300;191116;160800.97;512145.7196N;091142.6806E;435.103471;290.00;-0.39;-179.40;5.00
4162350;191116;160801.97;512145.7196N;091142.6806E;435.103471;290.00;-0.39;-179.40;5.00
4162400;191116;160802.97;512145.7196N;091142.6806E;435.103471;290.00;-0.39;-179.40;5.00
4162450;191116;160803.97;512145.7196N;091142.6806E;435.103471;290.00;-0.39;-179.40;5.00
4162500;191116;160804.97;512145.7196N;091142.6806E;435.103471;290.00;-0.39;-179.40;5.00
4162550;191116;160805.97;512145.7196N;091142.6806E;435.103471;290.00;-0.39;-179.40;5.00
4162600;191116;160806.97;512145.7196N;091142.6806E;435.103471;290.00;-0.39;-179.40;5.00
4162650;191116;160807.97;512145.7196N;091142.6806E;435.103471;290.00;-0.39;-179.40;5.00
4162698;191116;160808.97;512145.7196N;091142.6806E;435.103471;290.00;-0.39;-179.40;5.00
4162748;191116;160809.97;512145.7196N;091142.6806E;435.103471;290.00;-0.39;-179.40;5.00
4162799;191116;160810.97;512145.7196N;091142.6806E;435.103471;290.00;-0.39;-179.40;5.00
4162849;191116;160811.97;512145.7196N;091142.6806E;435.103471;290.00;-0.39;-179.40;5.00
4162899;191116;160813.20;512145.7196N;091142.6806E;435.103471;290.00;-0.39;-179.40;5.00
4162949;191116;160813.97;512145.7196N;091142.6806E;435.103471;290.00;-0.39;-179.40;5.00
4162999;191116;160815.08;512145.7196N;091142.6806E;435.103471;290.00;-0.39;-179.40;5.00
4163049;191116;160816.20;512145.7196N;091142.6806E;435.103471;290.00;-0.39;-179.40;5.00
4163099;191116;160816.97;512145.7196N;091142.6806E;435.103471;290.00;-0.39;-179.40;5.00
4163149;191116;160818.20;512145.7196N;091142.6806E;435.103471;290.00;-0.39;-179.40;5.00
4163199;191116;160819.20;512145.7196N;091142.6806E;435.103471;290.00;-0.39;-179.40;5.00
4163249;191116;160820.20;512145.7196N;091142.6806E;435.103471;290.00;-0.39;-179.40;5.00
4163299;191116;160821.19;512145.7196N;091142.6806E;435.103471;290.00;-0.39;-179.40;5.00
4163349;191116;160822.21;512145.7196N;091142.6806E;435.103471;290.00;-0.39;-179.40;5.00
4163399;191116;160822.97;512145.7196N;091142.6806E;435.103471;290.00;-0.39;-179.40;5.00
4163449;191116;160823.97;512145.7196N;091142.6806E;435.103471;290.00;-0.39;-179.40;5.00
4163500;191116;160825.07;512145.7196N;091142.6806E;435.103471;290.00;-0.39;-179.40;5.00
4163550;191116;160826.07;512145.7196N;091142.6806E;435.103471;290.00;-0.39;-179.40;5.00
4163600;191116;160827.07;512145.7196N;091142.6806E;435.103471;290.00;-0.39;-179.40;5.00
4163650;191116;160828.07;512145.7196N;091142.6806E;435.103471;290.00;-0.39;-179.40;5.00
4163700;191116;160829.07;512145.7196N;091142.6806E;435.103471;290.00;-0.39;-179.40;5.00
4163750;191116;160830.07;512145.7196N;091142.6806E;435.103471;290.00;-0.39;-179.40;5.00
4163801;191116;160831.07;512145.7196N;091142.6806E;435.103471;290.00;-0.39;-179.40;5.00
4163851;191116;160832.07;512145.7196N;091142.6806E;435.103471;290.00;-0.39;-179.40;5.00
4163901;191116;160833.24;512145.7196N;091142.6806E;435.103471;290.00;-0.39;-179.40;5.00
4163951;191116;160834.24;512145.7196N;091142.6806E;435.103471;290.00;-0.39;-179.40;5.00
4164001;191116;160835.07;512145.7196N;091142.6806E;435.103471;290.00;-0.39;-179.40;5.00
4164051;191116;160836.24;512145.7196N;091142.6806E;435.103471;290.00;-0.39;-179.40;5.00
4164102;191116;160837.23;512145.7196N;091142.6806E;435.103471;290.00;-0.39;-179.40;5.00
4164147;191116;160838.07;512145.7196N;091142.6806E;435.103471;290.00;-0.39;-179.40;5.00
4164197;191116;160839.25;512145.7196N;091142.6806E;435.103471;290.00;-0.39;-179.40;5.00
4164247;191116;160840.23;512145.7196N;091142.6806E;435.103471;290.00;-0.39;-179.40;5.00
4164297;191116;160841.07;512145.7196N;091142.6806E;435.103471;290.00;-0.39;-179.40;5.00
4164347;191116;160842.25;512145.7196N;091142.6806E;435.103471;290.00;-0.39;-179.40;5.00
4164397;191116;160843.24;512145.7196N;091142.6806E;435.103471;290.00;-0.39;-179.40;5.00
4164445;191116;160844.07;512145.7196N;091142.6806E;435.103471;290.00;-0.39;-179.40;5.00
4164495;191116;160845.07;512145.7196N;091142.6806E;435.103471;290.00;-0.39;-179.40;5.00
4164545;191116;160846.24;512145.7196N;091142.6806E;435.103471;290.00;-0.39;-179.40;5.00
4164595;191116;160847.07;512145.7196N;091142.6806E;435.103471;290.00;-0.39;-179.40;5.00
4164645;191116;160848.24;512145.7196N;091142.6806E;435.103471;290.00;-0.39;-179.40;5.00
4164695;191116;160849.25;512145.7196N;091142.6806E;435.103471;290.00;-0.39;-179.40;5.00
4164745;191116;160850.07;512145.7196N;091142.6806E;435.103471;290.00;-0.39;-179.40;5.00
4164795;191116;160851.24;512145.7196N;091142.6806E;435.103471;290.00;-0.39;-179.40;5.00
4164845;191116;160852.24;512145.7196N;091142.6806E;435.103471;290.00;-0.39;-179.40;5.00
4164895;191116;160853.07;512145.7196N;091142.6806E;435.103471;290.00;-0.39;-179.40;5.00
4164945;191116;160854.07;512145.7196N;091142.6806E;435.103471;290.00;-0.39;-179.40;5.00
4164995;191116;160855.07;512145.7196N;091142.6806E;435.103471;290.00;-0.39;-179.40;5.00
4165045;191116;160856.07;512145.7196N;091142.6806E;435.103471;290.00;-0.39;-179.40;5.00
4165096;191116;160857.07;512145.7196N;091142.6806E;435.103471;290.00;-0.39;-179.40;5.00
4165146;191116;160858.07;512145.7196N;091142.6806E;435.103471;290.00;-0.39;-179.40;5.00
4165196;191116;160859.29;512145.7196N;091142.6806E;435.103471;290.00;-0.39;-179.40;5.00
4165246;191116;160900.27;512145.7196N;091142.6806E;435.103471;290.00;-0.39;-179.40;5.00
4165296;191116;160901.07;512145.7196N;091142.6806E;435.103471;290.00;-0.39;-179.40;5.00
4165346;191116;160902.07;512145.7196N;091142.6806E;435.103471;290.00;-0.39;-179.40;5.00
4165396;191116;160903.28;512145.7196N;091142.6806E;435.103471;290.00;-0.39;-179.40;5.00
4165446;191116;160904.07;512145.7196N;091142.6806E;435.103471;290.00;-0.39;-179.40;5.00
4165496;191116;160905.28;512145.7196N;091142.6806E;435.103471;290.00;-0.39;-179.40;5.00
4165546;191116;160906.28;512145.7196N;091142.6806E;435.103471;290.00;-0.39;-179.40;5.00
4165596;191116;160907.07;512145.7196N;091142.6806E;435.103471;290.00;-0.39;-179.40;5.00
4165646;191116;160908.28;512145.7196N;091142.6806E;435.103471;290.00;-0.39;-179.40;5.00
4165696;191116;160909.29;512145.7196N;091142.6806E;435.103471;290.00;-0.39;-179.40;5.00
4165743;191116;160910.07;512145.7196N;091142.6806E;435.103471;290.00;-0.39;-179.40;5.00
4165793;191116;160911.07;512145.7196N;091142.6806E;435.103471;290.00;-0.39;-179.40;5.00
4165843;191116;160912.27;512145.7196N;091142.6806E;435.103471;290.00;-0.39;-179.40;5.00
4165891;191116;160913.07;512145.7196N;091142.6806E;435.103471;290.00;-0.39;-179.40;5.00
4165941;191116;160914.07;512145.7196N;091142.6806E;435.103471;290.00;-0.39;-179.40;5.00
4165991;191116;160915.28;512145.7196N;091142.6806E;435.103471;290.00;-0.39;-179.40;5.00
4166041;191116;160916.07;512145.7196N;091142.6806E;435.103471;290.00;-0.39;-179.40;5.00
4166091;191116;160917.28;512145.7196N;091142.6806E;435.103471;290.00;-0.39;-179.40;5.00
4166141;191116;160918.29;512145.7196N;091142.6806E;435.103471;290.00;-0.39;-179.40;5.00
4166191;191116;160919.07;512145.7196N;091142.6806E;435.103471;290.00;-0.39;-179.40;5.00
4166241;191116;160920.28;512145.7196N;091142.6806E;435.103471;290.00;-0.39;-179.40;5.00
4166292;191116;160921.17;512145.7196N;091142.6806E;435.103471;290.00;-0.39;-179.40;5.00
4166343;191116;160922.32;512145.7196N;091142.6806E;435.103471;290.00;-0.39;-179.40;5.00
4166393;191116;160923.33;512145.7196N;091142.6806E;435.103471;290.00;-0.39;-179.40;5.00
4166443;191116;160924.33;512145.7196N;091142.6806E;435.103471;290.00;-0.39;-179.40;5.00
4166493;191116;160925.33;512145.7196N;091142.6806E;435.103471;290.00;-0.39;-179.40;5.00
4166543;191116;160926.32;512145.7196N;091142.6806E;435.103471;290.00;-0.39;-179.40;5.00
4166593;191116;160927.33;512145.7196N;091142.6806E;435.103471;290.00;-0.39;-179.40;5.00
4166643;191116;160928.32;512145.7196N;091142.6806E;435.103471;290.00;-0.39;-179.40;5.00
4166693;191116;160929.33;512145.7196N;091142.6806E;435.103471;290.00;-0.39;-179.40;5.00
4166743;191116;160930.17;512145.7196N;091142.6806E;435.103471;290.00;-0.39;-179.40;5.00
4166791;191116;160931.33;512145.7196N;091142.6806E;435.103471;290.00;-0.39;-179.40;5.00
4166841;191116;160932.17;512145.7196N;091142.6806E;435.103471;290.00;-0.39;-179.40;5.00
4166891;191116;160933.33;512145.7196N;091142.6806E;435.103471;290.00;-0.39;-179.40;5.00
4166941;191116;160934.33;512145.7196N;091142.6806E;435.103471;290.00;-0.39;-179.40;5.00
4166988;191116;160935.17;512145.7196N;091142.6806E;435.103471;290.00;-0.39;-179.40;5.00
4167038;191116;160936.34;512145.7196N;091142.6806E;435.103471;290.00;-0.39;-179.40;5.00
4167088;191116;160937.32;512145.7196N;091142.6806E;435.103471;290.00;-0.39;-179.40;5.00
4167138;191116;160938.17;512145.7196N;091142.6806E;435.103471;290.00;-0.39;-179.40;5.00
4167188;191116;160939.33;512145.7196N;091142.6806E;435.103471;290.00;-0.39;-179.40;5.00
4167238;191116;160940.32;512145.7196N;091142.6806E;435.103471;290.00;-0.39;-179.40;5.00
4167288;191116;160941.17;512145.7196N;091142.6806E;435.103471;290.00;-0.39;-179.40;5.00
4167338;191116;160942.33;512145.7196N;091142.6806E;435.103471;290.00;-0.39;-179.40;5.00
4167388;191116;160943.33;512145.7196N;091142.6806E;435.103471;290.00;-0.39;-179.40;5.00
4167438;191116;160944.17;512145.7196N;091142.6806E;435.103471;290.00;-0.39;-179.40;5.00
4167488;191116;160945.33;512145.7308N;091142.6888E;436.000137;290.00;-0.39;-179.40;5.00
4167538;191116;160946.32;512145.7308N;091142.6888E;436.000137;290.00;-0.39;-179.40;5.00
4167588;191116;160947.17;512145.7308N;091142.6888E;436.000137;290.00;-0.39;-179.40;5.00
4167638;191116;160948.33;512145.7308N;091142.6888E;436.000137;290.00;-0.39;-179.40;5.00
4167690;191116;160949.17;512145.7308N;091142.6888E;436.000137;290.00;-0.39;-179.40;5.00
4167740;191116;160950.17;512145.7308N;091142.6888E;436.000137;290.00;-0.39;-179.40;5.00
4167790;191116;160951.37;512145.7308N;091142.6888E;436.000137;290.00;-0.39;-179.40;5.00
4167840;191116;160952.17;512145.7308N;091142.6888E;436.000137;290.00;-0.39;-179.40;5.00
4167890;191116;160953.17;512145.7308N;091142.6888E;436.000137;290.00;-0.39;-179.40;5.00
4167940;191116;160954.37;512145.7308N;091142.6888E;436.000137;290.00;-0.39;-179.40;5.00
4167990;191116;160955.36;512145.7308N;091142.6888E;436.000137;290.00;-0.39;-179.40;5.00
4168040;191116;160956.37;512145.7308N;091142.6888E;436.000137;290.00;-0.39;-179.40;5.00
4168090;191116;160957.17;512145.7346N;091142.7499E;438.257475;290.00;-0.39;-179.40;5.00
4168140;191116;160958.36;512145.7346N;091142.7499E;438.257475;290.00;-0.39;-179.40;5.00
4168185;191116;160959.17;512145.7346N;091142.7499E;438.257475;290.00;-0.39;-179.40;5.00
4168236;191116;161000.38;512145.7346N;091142.7499E;438.257475;290.00;-0.39;-179.40;5.00
