4078547;191116;154000.48;512145.7126N;091142.5882E;434.314368;290.00;-0.39;-179.40;5.00
4078597;191116;154001.48;512145.7126N;091142.5882E;434.314368;290.00;-0.39;-179.40;5.00
4078647;191116;154002.48;512145.7126N;091142.5882E;434.314368;290.00;-0.39;-179.40;5.00
4078697;191116;154003.48;512145.7126N;091142.5882E;434.314368;290.00;-0.39;-179.40;5.00
4078747;191116;154004.48;512145.7126N;091142.5882E;434.314368;290.00;-0.39;-179.40;5.00
4078797;191116;154005.48;512145.7126N;091142.5882E;434.314368;290.00;-0.39;-179.40;5.00
4078847;191116;154006.48;512145.7126N;091142.5882E;434.314368;290.00;-0.39;-179.40;5.00
4078897;191116;154007.48;512145.7126N;091142.5882E;434.314368;290.00;-0.39;-179.40;5.00
4078947;191116;154008.48;512145.7126N;091142.5882E;434.314368;290.00;-0.39;-179.40;5.00
4078997;191116;154009.48;512145.7126N;091142.5882E;434.314368;290.00;-0.39;-179.40;5.00
4079047;191116;154010.48;512145.7126N;091142.5882E;434.314368;290.00;-0.39;-179.40;5.00
4079097;191116;154011.48;512145.7126N;091142.5882E;434.314368;290.00;-0.39;-179.40;5.00
4079147;191116;154012.48;512145.7126N;091142.5882E;434.314368;290.00;-0.39;-179.40;5.00
4079194;191116;154013.48;512145.7126N;091142.5882E;434.314368;290.00;-0.39;-179.40;5.00
4079244;191116;154014.48;512145.7126N;091142.5882E;434.314368;290.00;-0.39;-179.40;5.00
4079287;191116;154015.48;512145.7126N;091142.5882E;434.314368;290.00;-0.39;-179.40;5.00
4079337;191116;154016.48;512145.7126N;091142.5882E;434.314368;290.00;-0.39;-179.40;5.00
4079387;191116;154017.48;512145.7126N;091142.5882E;434.314368;290.00;-0.39;-179.40;5.00
4079437;191116;154018.48;512145.7126N;091142.5882E;434.314368;290.00;-0.39;-179.40;5.00
4079487;191116;154019.48;512145.7126N;091142.5882E;434.314368;290.00;-0.39;-179.40;5.00
4079537;191116;154020.48;512145.7126N;091142.5882E;434.314368;290.00;-0.39;-179.40;5.00
4079588;191116;154021.48;512145.7126N;091142.5882E;434.314368;290.00;-0.39;-179.40;5.00
4079638;191116;154022.48;512145.7126N;091142.5882E;434.314368;290.00;-0.39;-179.40;5.00
4079688;191116;154023.48;512145.7126N;091142.5882E;434.314368;290.00;-0.39;-179.40;5.00
4079738;191116;154024.48;512145.7126N;091142.5882E;434.314368;290.00;-0.39;-179.40;5.00
4079788;191116;154025.48;512145.7126N;091142.5882E;434.314368;290.00;-0.39;-179.40;5.00
4079838;191116;154026.48;512145.7126N;091142.5882E;434.314368;290.00;-0.39;-179.40;5.00
4079888;191116;154027.48;512145.7126N;091142.5882E;434.314368;290.00;-0.39;-179.40;5.00
4079938;191116;154028.48;512145.7126N;091142.5882E;434.314368;290.00;-0.39;-179.40;5.00
4079988;191116;154029.48;512145.7126N;091142.5882E;434.314368;290.00;-0.39;-179.40;5.00
4080038;191116;154030.48;512145.7126N;091142.5882E;434.314368;290.00;-0.39;-179.40;5.00
4080083;191116;154031.48;512145.7126N;091142.5882E;434.314368;290.00;-0.39;-179.40;5.00
4080133;191116;154032.48;512145.7126N;091142.5882E;434.314368;290.00;-0.39;-179.40;5.00
4080183;191116;154033.48;512145.7126N;091142.5882E;434.314368;290.00;-0.39;-179.40;5.00
4080233;191116;154034.48;512145.7126N;091142.5882E;434.314368;290.00;-0.39;-179.40;5.00
4080283;191116;154035.48;512145.7126N;091142.5882E;434.314368;290.00;-0.39;-179.40;5.00
4080333;191116;154036.48;512145.7126N;091142.5882E;434.314368;290.00;-0.39;-179.40;5.00
4080383;191116;154037.48;512145.7126N;091142.5882E;434.314368;290.00;-0.39;-179.40;5.00
4080433;191116;154038.48;512145.7126N;091142.5882E;434.314368;290.00;-0.39;-179.40;5.00
4080483;191116;154039.48;512145.7126N;091142.5882E;434.314368;290.00;-0.39;-179.40;5.00
4080533;191116;154040.48;512145.7126N;091142.5882E;434.314368;290.00;-0.39;-179.40;5.00
4080582;191116;154041.48;512145.7126N;091142.5882E;434.314368;290.00;-0.39;-179.40;5.00
4080632;191116;154042.48;512145.7126N;091142.5882E;434.314368;290.00;-0.39;-179.40;5.00
4080682;191116;154043.48;512145.7126N;091142.5882E;434.314368;290.00;-0.39;-179.40;5.00
4080732;191116;154044.48;512145.7126N;091142.5882E;434.314368;290.00;-0.39;-179.40;5.00
4080782;191116;154045.48;512145.7126N;091142.5882E;434.314368;290.00;-0.39;-179.40;5.00
4080832;191116;154046.48;512145.7126N;091142.5882E;434.314368;290.00;-0.39;-179.40;5.00
4080882;191116;154047.48;512145.7126N;091142.5882E;434.314368;290.00;-0.39;-179.40;5.00
4080932;191116;154048.48;512145.7126N;091142.5882E;434.314368;290.00;-0.39;-179.40;5.00
4080982;191116;154049.48;512145.7126N;091142.5882E;434.314368;290.00;-0.39;-179.40;5.00
4081035;191116;154050.58;512145.7126N;091142.5882E;434.314368;290.00;-0.39;-179.40;5.00
4081085;191116;154051.75;512145.7126N;091142.5882E;434.314368;290.00;-0.39;-179.40;5.00
4081129;191116;154052.58;512145.7126N;091142.5882E;434.314368;290.00;-0.39;-179.40;5.00
4081179;191116;154053.76;512145.7126N;091142.5882E;434.314368;290.00;-0.39;-179.40;5.00
4081230;191116;154054.57;512145.7126N;091142.5882E;434.314368;290.00;-0.39;-179.40;5.00
4081280;191116;154055.57;512145.7126N;091142.5882E;434.314368;290.00;-0.39;-179.40;5.00
4081330;191116;154056.74;512145.7126N;091142.5882E;434.314368;290.00;-0.39;-179.40;5.00
4081379;191116;154057.77;512145.7126N;091142.5882E;434.314368;290.00;-0.39;-179.40;5.00
4081429;191116;154058.79;512145.7126N;091142.5882E;434.314368;290.00;-0.39;-179.40;5.00
4081479;191116;154059.79;512145.7126N;091142.5882E;434.314368;290.00;-0.39;-179.40;5.00
4081529;191116;154100.74;512145.7126N;091142.5882E;434.314368;290.00;-0.39;-179.40;5.00
4081579;191116;154101.77;512145.7126N;091142.5882E;434.314368;290.00;-0.39;-179.40;5.00
4081629;191116;154102.75;512145.7126N;091142.5882E;434.314368;290.00;-0.39;-179.40;5.00
4081679;191116;154103.78;512145.7126N;091142.5882E;434.314368;290.00;-0.39;-179.40;5.00
4081729;191116;154104.78;512145.7126N;091142.5882E;434.314368;290.00;-0.39;-179.40;5.00
4081779;191116;154105.78;512145.7126N;091142.5882E;434.314368;290.00;-0.39;-179.40;5.00
4081829;191116;154106.58;512145.7126N;091142.5882E;434.314368;290.00;-0.39;-179.40;5.00
4081879;191116;154107.79;512145.7126N;091142.5882E;434.314368;290.00;-0.39;-179.40;5.00
4081928;191116;154108.78;512145.7126N;091142.5882E;434.314368;290.00;-0.39;-179.40;5.00
4081978;191116;154109.77;512145.7126N;091142.5882E;434.314368;290.00;-0.39;-179.40;5.00
4082028;191116;154110.78;512145.7126N;091142.5882E;434.314368;290.00;-0.39;-179.40;5.00
4082078;191116;154111.57;512145.7126N;091142.5882E;434.314368;290.00;-0.39;-179.40;5.00
4082128;191116;154112.57;512145.7126N;091142.5882E;434.314368;290.00;-0.39;-179.40;5.00
4082174;191116;154113.57;512145.7126N;091142.5882E;434.314368;290.00;-0.39;-179.40;5.00
4082224;191116;154114.57;512145.7126N;091142.5882E;434.314368;290.00;-0.39;-179.40;5.00
4082274;191116;154115.78;512145.7126N;091142.5882E;434.314368;290.00;-0.39;-179.40;5.00
4082324;191116;154116.57;512145.7126N;091142.5882E;434.314368;290.00;-0.39;-179.40;5.00
4082374;191116;154117.57;512145.7126N;091142.5882E;434.314368;290.00;-0.39;-179.40;5.00
4082424;191116;154118.57;512145.7126N;091142.5882E;434.314368;290.00;-0.39;-179.40;5.00
4082474;191116;154119.57;512145.7126N;091142.5882E;434.314368;290.00;-0.39;-179.40;5.00
4082524;191116;154120.57;512145.7126N;091142.5882E;434.314368;290.00;-0.39;-179.40;5.00
4082567;191116;154121.57;512145.7126N;091142.5882E;434.314368;290.00;-0.39;-179.40;5.00
4082617;191116;154122.57;512145.7126N;091142.5882E;434.314368;290.00;-0.39;-179.40;5.00
4082667;191116;154123.57;512145.7126N;091142.5882E;434.314368;290.00;-0.39;-179.40;5.00
4082717;191116;154124.57;512145.7126N;091142.5882E;434.314368;290.00;-0.39;-179.40;5.00
4082767;191116;154125.57;512145.7126N;091142.5882E;434.314368;290.00;-0.39;-179.40;5.00
4082817;191116;154126.58;512145.7126N;091142.5882E;434.314368;290.00;-0.39;-179.40;5.00
4082867;191116;154127.58;512145.7126N;091142.5882E;434.314368;290.00;-0.39;-179.40;5.00
4082917;191116;154128.58;512145.7126N;091142.5882E;434.314368;290.00;-0.39;-179.40;5.00
4082967;191116;154129.57;512145.7126N;091142.5882E;434.314368;290.00;-0.39;-179.40;5.00
4083017;191116;154130.57;512145.7126N;091142.5882E;434.314368;290.00;-0.39;-179.40;5.00
4083067;191116;154131.78;512145.7126N;091142.5882E;434.314368;290.00;-0.39;-179.40;5.00
4083117;191116;154132.57;512145.7126N;091142.5882E;434.314368;290.00;-0.39;-179.40;5.00
4083167;191116;154133.57;512145.7126N;091142.5882E;434.314368;290.00;-0.39;-179.40;5.00
4083217;191116;154134.57;512145.7126N;091142.5882E;434.314368;290.00;-0.39;-179.40;5.00
4083267;191116;154135.57;512145.7126N;091142.5882E;434.314368;290.00;-0.39;-179.40;5.00
4083317;191116;154136.57;512145.7126N;091142.5882E;434.314368;290.00;-0.39;-179.40;5.00
4083367;191116;154137.78;512145.7126N;091142.5882E;434.314368;290.00;-0.39;-179.40;5.00
4083417;191116;154138.57;512145.7126N;091142.5882E;434.314368;290.00;-0.39;-179.40;5.00
4083467;191116;154139.57;512145.7126N;091142.5882E;434.314368;290.00;-0.39;-179.40;5.00
4083517;191116;154140.57;512145.7126N;091142.5882E;434.314368;290.00;-0.39;-179.40;5.00
4083567;191116;154141.57;512145.7126N;091142.5882E;434.314368;290.00;-0.39;-179.40;5.00
4083617;191116;154142.57;512145.7126N;091142.5882E;434.314368;290.00;-0.39;-179.40;5.00
4083667;191116;154143.57;512145.7126N;091142.5882E;434.314368;290.00;-0.39;-179.40;5.00
4083717;191116;154144.58;512145.7126N;091142.5882E;434.314368;290.00;-0.39;-179.40;5.00
4083767;191116;154145.58;512145.7126N;091142.5882E;434.314368;290.00;-0.39;-179.40;5.00
4083818;191116;154146.57;512145.7126N;091142.5882E;434.314368;290.00;-0.39;-179.40;5.00
4083868;191116;154147.82;512145.7126N;091142.5882E;434.314368;290.00;-0.39;-179.40;5.00
4083918;191116;154148.57;512145.7126N;091142.5882E;434.314368;290.00;-0.39;-179.40;5.00
4083968;191116;154149.81;512145.7126N;091142.5882E;434.314368;290.00;-0.39;-179.40;5.00
4084018;191116;154150.57;512145.7126N;091142.5882E;434.314368;290.00;-0.39;-179.40;5.00
4084068;191116;154151.81;512145.7126N;091142.5882E;434.314368;290.00;-0.39;-179.40;5.00
4084118;191116;154152.79;512145.7126N;091142.5882E;434.314368;290.00;-0.39;-179.40;5.00
4084168;191116;154153.83;512145.7126N;091142.5882E;434.314368;290.00;-0.39;-179.40;5.00
4084218;191116;154154.82;512145.7126N;091142.5882E;434.314368;290.00;-0.39;-179.40;5.00
4084268;191116;154155.80;512145.7126N;091142.5882E;434.314368;290.00;-0.39;-179.40;5.00
4084318;191116;154156.57;512145.7126N;091142.5882E;434.314368;290.00;-0.39;-179.40;5.00
4084368;191116;154157.82;512145.7126N;091142.5882E;434.314368;290.00;-0.39;-179.40;5.00
4084418;191116;154158.81;512145.7126N;091142.5882E;434.314368;290.00;-0.39;-179.40;5.00
4084468;191116;154159.57;512145.7126N;091142.5882E;434.314368;290.00;-0.39;-179.40;5.00
4084518;191116;154200.57;512145.7126N;091142.5882E;434.314368;290.00;-0.39;-179.40;5.00
4084568;191116;154201.57;512145.7126N;091142.5882E;434.314368;290.00;-0.39;-179.40;5.00
4084618;191116;154202.57;512145.7126N;091142.5882E;434.314368;290.00;-0.39;-179.40;5.00
4084668;191116;154203.79;512145.7126N;091142.5882E;434.314368;290.00;-0.39;-179.40;5.00
4084718;191116;154204.57;512145.7126N;091142.5882E;434.314368;290.00;-0.39;-179.40;5.00
4084768;191116;154205.57;512145.7126N;091142.5882E;434.314368;290.00;-0.39;-179.40;5.00
4084818;191116;154206.82;512145.7126N;091142.5882E;434.314368;290.00;-0.39;-179.40;5.00
4084868;191116;154207.57;512145.7126N;091142.5882E;434.314368;290.00;-0.39;-179.40;5.00
4084918;191116;154208.57;512145.7126N;091142.5882E;434.314368;290.00;-0.39;-179.40;5.00
4084968;191116;154209.81;512145.7126N;091142.5882E;434.314368;290.00;-0.39;-179.40;5.00
4085018;191116;154210.81;512145.7126N;091142.5882E;434.314368;290.00;-0.39;-179.40;5.00
4085068;191116;154211.80;512145.7126N;091142.5882E;434.314368;290.00;-0.39;-179.40;5.00
4085118;191116;154212.80;512145.7126N;091142.5882E;434.314368;290.00;-0.39;-179.40;5.00
4085168;191116;154213.81;512145.7126N;091142.5882E;434.314368;290.00;-0.39;-179.40;5.00
4085218;191116;154214.67;512145.7126N;091142.5882E;434.314368;290.00;-0.39;-179.40;5.00
4085270;191116;154215.67;512145.7126N;091142.5882E;434.314368;290.00;-0.39;-179.40;5.00
4085320;191116;154216.67;512145.7126N;091142.5882E;434.314368;290.00;-0.39;-179.40;5.00
4085370;191116;154217.67;512145.7126N;091142.5882E;434.314368;290.00;-0.39;-179.40;5.00
4085420;191116;154218.67;512145.7126N;091142.5882E;434.314368;290.00;-0.39;-179.40;5.00
4085467;191116;154219.67;512145.7126N;091142.5882E;434.314368;290.00;-0.39;-179.40;5.00
4085517;191116;154220.67;512145.7126N;091142.5882E;434.314368;290.00;-0.39;-179.40;5.00
4085567;191116;154221.67;512145.7126N;091142.5882E;434.314368;290.00;-0.39;-179.40;5.00
4085617;191116;154222.67;512145.7126N;091142.5882E;434.314368;290.00;-0.39;-179.40;5.00
4085667;191116;154223.67;512145.7126N;091142.5882E;434.314368;290.00;-0.39;-179.40;5.00
4085717;191116;154224.67;512145.7126N;091142.5882E;434.314368;290.00;-0.39;-179.40;5.00
4085767;191116;154225.67;512145.7126N;091142.5882E;434.314368;290.00;-0.39;-179.40;5.00
4085817;191116;154226.67;512145.7126N;091142.5882E;434.314368;290.00;-0.39;-179.40;5.00
4085867;191116;154227.67;512145.7126N;091142.5882E;434.314368;290.00;-0.39;-179.40;5.00
4085917;191116;154228.67;512145.7126N;091142.5882E;434.314368;290.00;-0.39;-179.40;5.00
4085967;191116;154229.67;512145.7126N;091142.5882E;434.314368;290.00;-0.39;-179.40;5.00
4086017;191116;154230.67;512145.7126N;091142.5882E;434.314368;290.00;-0.39;-179.40;5.00
4086067;191116;154231.67;512145.7126N;091142.5882E;434.314368;290.00;-0.39;-179.40;5.00
4086117;191116;154232.67;512145.7126N;091142.5882E;434.314368;290.00;-0.39;-179.40;5.00
4086167;191116;154233.67;512145.7126N;091142.5882E;434.314368;290.00;-0.39;-179.40;5.00
4086217;191116;154234.67;512145.7126N;091142.5882E;434.314368;290.00;-0.39;-179.40;5.00
4086267;191116;154235.67;512145.7126N;091142.5882E;434.314368;290.00;-0.39;-179.40;5.00
4086317;191116;154236.67;512145.7126N;091142.5882E;434.314368;290.00;-0.39;-179.40;5.00
4086367;191116;154237.67;512145.7126N;091142.5882E;434.314368;290.00;-0.39;-179.40;5.00
4086417;191116;154238.67;512145.7126N;091142.5882E;434.314368;290.00;-0.39;-179.40;5.00
4086467;191116;154239.67;512145.6963N;091142.6367E;435.042074;290.00;-0.39;-179.40;5.00
4086517;191116;154240.67;512145.6963N;091142.6367E;435.042074;290.00;-0.39;-179.40;5.00
4086567;191116;154241.67;512145.6963N;091142.6367E;435.042074;290.00;-0.39;-179.40;5.00
4086617;191116;154242.67;512145.6963N;091142.6367E;435.042074;290.00;-0.39;-179.40;5.00
4086668;191116;154243.67;512145.6963N;091142.6367E;435.042074;290.00;-0.39;-179.40;5.00
4086719;191116;154244.67;512145.6963N;091142.6367E;435.042074;290.00;-0.39;-179.40;5.00
4086769;191116;154245.88;512145.6963N;091142.6367E;435.042074;290.00;-0.39;-179.40;5.00
4086819;191116;154246.87;512145.6963N;091142.6367E;435.042074;290.00;-0.39;-179.40;5.00
4086869;191116;154247.67;512145.6963N;091142.6367E;435.042074;290.00;-0.39;-179.40;5.00
4086919;191116;154248.88;512145.6963N;091142.6367E;435.042074;290.00;-0.39;-179.40;5.00
4086969;191116;154249.87;512145.6963N;091142.6367E;435.042074;290.00;-0.39;-179.40;5.00
4087019;191116;154250.67;512145.6963N;091142.6367E;435.042074;290.00;-0.39;-179.40;5.00
4087069;191116;154251.88;512145.6963N;091142.6367E;435.042074;290.00;-0.39;-179.40;5.00
4087119;191116;154252.87;512145.6963N;091142.6367E;435.042074;290.00;-0.39;-179.40;5.00
4087169;191116;154253.67;512145.6963N;091142.6367E;435.042074;290.00;-0.39;-179.40;5.00
4087219;191116;154254.88;512145.6963N;091142.6367E;435.042074;290.00;-0.39;-179.40;5.00
4087269;191116;154255.88;512145.6963N;091142.6367E;435.042074;290.00;-0.39;-179.40;5.00
4087319;191116;154256.67;512145.6963N;091142.6367E;435.042074;290.00;-0.39;-179.40;5.00
4087369;191116;154257.88;512145.6963N;091142.6367E;435.042074;290.00;-0.39;-179.40;5.00
4087419;191116;154258.87;512145.6963N;091142.6367E;435.042074;290.00;-0.39;-179.40;5.00
4087469;191116;154259.67;512145.6963N;091142.6367E;435.042074;290.00;-0.39;-179.40;5.00
4087519;191116;154300.88;512145.6963N;091142.6367E;435.042074;290.00;-0.39;-179.40;5.00
4087569;191116;154301.67;512145.6963N;091142.6367E;435.042074;290.00;-0.39;-179.40;5.00
4087619;191116;154302.67;512145.6963N;091142.6367E;435.042074;290.00;-0.39;-179.40;5.00
4087669;191116;154303.67;512145.6963N;091142.6367E;435.042074;290.00;-0.39;-179.40;5.00
4087719;191116;154304.87;512145.6963N;091142.6367E;435.042074;290.00;-0.39;-179.40;5.00
4087769;191116;154305.89;512145.6963N;091142.6367E;435.042074;290.00;-0.39;-179.40;5.00
4087819;191116;154306.88;512145.6963N;091142.6367E;435.042074;290.00;-0.39;-179.40;5.00
4087869;191116;154307.89;512145.6963N;091142.6367E;435.042074;290.00;-0.39;-179.40;5.00
4087919;191116;154308.90;512145.6963N;091142.6367E;435.042074;290.00;-0.39;-179.40;5.00
4087969;191116;154309.88;512145.6963N;091142.6367E;435.042074;290.00;-0.39;-179.40;5.00
4088020;191116;154310.77;512145.6963N;091142.6367E;435.042074;290.00;-0.39;-179.40;5.00
4088071;191116;154311.95;512145.6963N;091142.6367E;435.042074;290.00;-0.39;-179.40;5.00
4088121;191116;154312.94;512145.6963N;091142.6367E;435.042074;290.00;-0.39;-179.40;5.00
4088171;191116;154313.93;512145.6963N;091142.6367E;435.042074;290.00;-0.39;-179.40;5.00
4088221;191116;154314.77;512145.6963N;091142.6367E;435.042074;290.00;-0.39;-179.40;5.00
4088271;191116;154315.94;512145.6963N;091142.6367E;435.042074;290.00;-0.39;-179.40;5.00
4088321;191116;154316.93;512145.6963N;091142.6367E;435.042074;290.00;-0.39;-179.40;5.00
4088371;191116;154317.95;512145.6963N;091142.6367E;435.042074;290.00;-0.39;-179.40;5.00
4088421;191116;154318.94;512145.6963N;091142.6367E;435.042074;290.00;-0.39;-179.40;5.00
4088471;191116;154319.93;512145.6963N;091142.6367E;435.042074;290.00;-0.39;-179.40;5.00
4088521;191116;154320.95;512145.6963N;091142.6367E;435.042074;290.00;-0.39;-179.40;5.00
4088571;191116;154321.94;512145.6963N;091142.6367E;435.042074;290.00;-0.39;-179.40;5.00
4088621;191116;154322.93;512145.6963N;091142.6367E;435.042074;290.00;-0.39;-179.40;5.00
4088671;191116;154323.95;512145.6963N;091142.6367E;435.042074;290.00;-0.39;-179.40;5.00
4088721;191116;154324.94;512145.6963N;091142.6367E;435.042074;290.00;-0.39;-179.40;5.00
4088771;191116;154325.77;512145.6963N;091142.6367E;435.042074;290.00;-0.39;-179.40;5.00
4088821;191116;154326.77;512145.6963N;091142.6367E;435.042074;290.00;-0.39;-179.40;5.00
4088871;191116;154327.77;512145.6963N;091142.6367E;435.042074;290.00;-0.39;-179.40;5.00
4088922;191116;154328.77;512145.6963N;091142.6367E;435.042074;290.00;-0.39;-179.40;5.00
4088972;191116;154329.95;512145.6963N;091142.6367E;435.042074;290.00;-0.39;-179.40;5.00
4089022;191116;154330.94;512145.6963N;091142.6367E;435.042074;290.00;-0.39;-179.40;5.00
4089072;191116;154331.77;512145.6963N;091142.6367E;435.042074;290.00;-0.39;-179.40;5.00
4089119;191116;154332.95;512145.6963N;091142.6367E;435.042074;290.00;-0.39;-179.40;5.00
4089169;191116;154333.94;512145.6963N;091142.6367E;435.042074;290.00;-0.39;-179.40;5.00
4089219;191116;154334.77;512145.6963N;091142.6367E;435.042074;290.00;-0.39;-179.40;5.00
4089269;191116;154335.77;512145.6963N;091142.6367E;435.042074;290.00;-0.39;-179.40;5.00
4089319;191116;154336.94;512145.6963N;091142.6367E;435.042074;290.00;-0.39;-179.40;5.00
4089369;191116;154337.77;512145.6963N;091142.6367E;435.042074;290.00;-0.39;-179.40;5.00
4089419;191116;154338.77;512145.6963N;091142.6367E;435.042074;290.00;-0.39;-179.40;5.00
4089469;191116;154339.77;512145.6963N;091142.6367E;435.042074;290.00;-0.39;-179.40;5.00
4089519;191116;154340.77;512145.6963N;091142.6367E;435.042074;290.00;-0.39;-179.40;5.00
4089569;191116;154341.77;512145.6963N;091142.6367E;435.042074;290.00;-0.39;-179.40;5.00
4089619;191116;154342.97;512145.6963N;091142.6367E;435.042074;290.00;-0.39;-179.40;5.00
4089669;191116;154343.96;512145.6963N;091142.6367E;435.042074;290.00;-0.39;-179.40;5.00
4089720;191116;154344.77;512145.6963N;091142.6367E;435.042074;290.00;-0.39;-179.40;5.00
4089770;191116;154345.97;512145.6963N;091142.6367E;435.042074;290.00;-0.39;-179.40;5.00
4089820;191116;154346.96;512145.6963N;091142.6367E;435.042074;290.00;-0.39;-179.40;5.00
4089870;191116;154347.77;512145.6963N;091142.6367E;435.042074;290.00;-0.39;-179.40;5.00
4089920;191116;154348.97;512145.6963N;091142.6367E;435.042074;290.00;-0.39;-179.40;5.00
4089967;191116;154349.77;512145.6963N;091142.6367E;435.042074;290.00;-0.39;-179.40;5.00
4090017;191116;154350.77;512145.6963N;091142.6367E;435.042074;290.00;-0.39;-179.40;5.00
4090067;191116;154351.97;512145.6963N;091142.6367E;435.042074;290.00;-0.39;-179.40;5.00
4090117;191116;154352.97;512145.6963N;091142.6367E;435.042074;290.00;-0.39;-179.40;5.00
4090167;191116;154353.77;512145.6963N;091142.6367E;435.042074;290.00;-0.39;-179.40;5.00
4090217;191116;154354.77;512145.6963N;091142.6367E;435.042074;290.00;-0.39;-179.40;5.00
4090267;191116;154355.96;512145.6963N;091142.6367E;435.042074;290.00;-0.39;-179.40;5.00
4090317;191116;154356.98;512145.6963N;091142.6367E;435.042074;290.00;-0.39;-179.40;5.00
4090367;191116;154357.97;512145.6963N;091142.6367E;435.042074;290.00;-0.39;-179.40;5.00
4090417;191116;154358.97;512145.6963N;091142.6367E;435.042074;290.00;-0.39;-179.40;5.00
4090467;191116;154359.98;512145.6963N;091142.6367E;435.042074;290.00;-0.39;-179.40;5.00
4090517;191116;154400.97;512145.6963N;091142.6367E;435.042074;290.00;-0.39;-179.40;5.00
4090567;191116;154401.97;512145.6963N;091142.6367E;435.042074;290.00;-0.39;-179.40;5.00
4090617;191116;154402.98;512145.6963N;091142.6367E;435.042074;290.00;-0.39;-179.40;5.00
4090667;191116;154403.97;512145.6963N;091142.6367E;435.042074;290.00;-0.39;-179.40;5.00
4090717;191116;154404.97;512145.6963N;091142.6367E;435.042074;290.00;-0.39;-179.40;5.00
4090767;191116;154405.98;512145.6963N;091142.6367E;435.042074;290.00;-0.39;-179.40;5.00
4090819;191116;154406.87;512145.6963N;091142.6367E;435.042074;290.00;-0.39;-179.40;5.00
4090869;191116;154407.87;512145.6963N;091142.6367E;435.042074;290.00;-0.39;-179.40;5.00
4090919;191116;154408.87;512145.6963N;091142.6367E;435.042074;290.00;-0.39;-179.40;5.00
4090965;191116;154409.87;512145.6963N;091142.6367E;435.042074;290.00;-0.39;-179.40;5.00
4091015;191116;154410.87;512145.6963N;091142.6367E;435.042074;290.00;-0.39;-179.40;5.00
4091065;191116;154411.87;512145.6963N;091142.6367E;435.042074;290.00;-0.39;-179.40;5.00
4091115;191116;154412.87;512145.6963N;091142.6367E;435.042074;290.00;-0.39;-179.40;5.00
4091165;191116;154413.87;512145.6963N;091142.6367E;435.042074;290.00;-0.39;-179.40;5.00
4091215;191116;154414.87;512145.6963N;091142.6367E;435.042074;290.00;-0.39;-179.40;5.00
4091265;191116;154415.87;512145.6963N;091142.6367E;435.042074;290.00;-0.39;-179.40;5.00
4091315;191116;154417.02;512145.6963N;091142.6367E;435.042074;290.00;-0.39;-179.40;5.00
4091365;191116;154417.87;512145.6963N;091142.6367E;435.042074;290.00;-0.39;-179.40;5.00
4091415;191116;154419.03;512145.6963N;091142.6367E;435.042074;290.00;-0.39;-179.40;5.00
4091465;191116;154420.02;512145.6963N;091142.6367E;435.042074;290.00;-0.39;-179.40;5.00
4091515;191116;154420.87;512145.6963N;091142.6367E;435.042074;290.00;-0.39;-179.40;5.00
4091565;191116;154422.03;512145.6963N;091142.6367E;435.042074;290.00;-0.39;-179.40;5.00
4091615;191116;154423.02;512145.6963N;091142.6367E;435.042074;290.00;-0.39;-179.40;5.00
4091665;191116;154423.87;512145.6963N;091142.6367E;435.042074;290.00;-0.39;-179.40;5.00
4091715;191116;154424.87;512145.6963N;091142.6367E;435.042074;290.00;-0.39;-179.40;5.00
4091765;191116;154425.87;512145.6963N;091142.6367E;435.042074;290.00;-0.39;-179.40;5.00
4091816;191116;154426.87;512145.6963N;091142.6367E;435.042074;290.00;-0.39;-179.40;5.00
4091866;191116;154428.03;512145.6963N;091142.6367E;435.042074;290.00;-0.39;-179.40;5.00
4091916;191116;154429.02;512145.6963N;091142.6367E;435.042074;290.00;-0.39;-179.40;5.00
4091966;191116;154429.87;512145.6963N;091142.6367E;435.042074;290.00;-0.39;-179.40;5.00
4092016;191116;154431.03;512145.6963N;091142.6367E;435.042074;290.00;-0.39;-179.40;5.00
4092066;191116;154432.02;512145.6963N;091142.6367E;435.042074;290.00;-0.39;-179.40;5.00
4092116;191116;154432.87;512145.6963N;091142.6367E;435.042074;290.00;-0.39;-179.40;5.00
4092166;191116;154434.03;512145.6963N;091142.6367E;435.042074;290.00;-0.39;-179.40;5.00
4092216;191116;154434.87;512145.6963N;091142.6367E;435.042074;290.00;-0.39;-179.40;5.00
4092267;191116;154435.87;512145.6963N;091142.6367E;435.042074;290.00;-0.39;-179.40;5.00
4092317;191116;154436.87;512145.6963N;091142.6367E;435.042074;290.00;-0.39;-179.40;5.00
4092367;191116;154438.05;512145.6963N;091142.6367E;435.042074;290.00;-0.39;-179.40;5.00
4092417;191116;154438.87;512145.6963N;091142.6367E;435.042074;290.00;-0.39;-179.40;5.00
4092467;191116;154439.87;512145.6963N;091142.6367E;435.042074;290.00;-0.39;-179.40;5.00
4092518;191116;154441.05;512145.6963N;091142.6367E;435.042074;290.00;-0.39;-179.40;5.00
4092568;191116;154441.87;512145.6963N;091142.6367E;435.042074;290.00;-0.39;-179.40;5.00
4092618;191116;154443.06;512145.6963N;091142.6367E;435.042074;290.00;-0.39;-179.40;5.00
4092668;191116;154444.05;512145.6963N;091142.6367E;435.042074;290.00;-0.39;-179.40;5.00
4092718;191116;154444.87;512145.6963N;091142.6367E;435.042074;290.00;-0.39;-179.40;5.00
4092768;191116;154445.87;512145.6963N;091142.6367E;435.042074;290.00;-0.39;-179.40;5.00
4092817;191116;154447.05;512145.6963N;091142.6367E;435.042074;290.00;-0.39;-179.40;5.00
4092867;191116;154447.87;512145.6963N;091142.6367E;435.042074;290.00;-0.39;-179.40;5.00
4092917;191116;154448.87;512145.6963N;091142.6367E;435.042074;290.00;-0.39;-179.40;5.00
4092967;191116;154449.87;512145.6963N;091142.6367E;435.042074;290.00;-0.39;-179.40;5.00
4093017;191116;154451.07;512145.6963N;091142.6367E;435.042074;290.00;-0.39;-179.40;5.00
4093067;191116;154452.06;512145.6963N;091142.6367E;435.042074;290.00;-0.39;-179.40;5.00
4093117;191116;154453.05;512145.6963N;091142.6367E;435.042074;290.00;-0.39;-179.40;5.00
4093167;191116;154453.87;512145.6963N;091142.6367E;435.042074;290.00;-0.39;-179.40;5.00
4093217;191116;154454.87;512145.6963N;091142.6367E;435.042074;290.00;-0.39;-179.40;5.00
4093267;191116;154456.06;512145.6963N;091142.6367E;435.042074;290.00;-0.39;-179.40;5.00
4093317;191116;154457.07;512145.6963N;091142.6367E;435.042074;290.00;-0.39;-179.40;5.00
4093367;191116;154458.06;512145.6963N;091142.6367E;435.042074;290.00;-0.39;-179.40;5.00
4093417;191116;154459.05;512145.6963N;091142.6367E;435.042074;290.00;-0.39;-179.40;5.00
4093467;191116;154459.87;512145.6963N;091142.6367E;435.042074;290.00;-0.39;-179.40;5.00
4093517;191116;154500.87;512145.6963N;091142.6367E;435.042074;290.00;-0.39;-179.40;5.00
4093567;191116;154502.05;512145.6963N;091142.6367E;435.042074;290.00;-0.39;-179.40;5.00
4093617;191116;154502.87;512145.6963N;091142.6367E;435.042074;290.00;-0.39;-179.40;5.00
4093668;191116;154503.87;512145.6963N;091142.6367E;435.042074;290.00;-0.39;-179.40;5.00
4093719;191116;154505.11;512145.6963N;091142.6367E;435.042074;290.00;-0.39;-179.40;5.00
4093769;191116;154506.11;512145.6963N;091142.6367E;435.042074;290.00;-0.39;-179.40;5.00
4093819;191116;154506.87;512145.6963N;091142.6367E;435.042074;290.00;-0.39;-179.40;5.00
4093869;191116;154508.11;512145.6963N;091142.6367E;435.042074;290.00;-0.39;-179.40;5.00
4093919;191116;154509.10;512145.6963N;091142.6367E;435.042074;290.00;-0.39;-179.40;5.00
4093969;191116;154510.10;512145.6963N;091142.6367E;435.042074;290.00;-0.39;-179.40;5.00
4094019;191116;154511.11;512145.6963N;091142.6367E;435.042074;290.00;-0.39;-179.40;5.00
4094069;191116;154512.10;512145.6963N;091142.6367E;435.042074;290.00;-0.39;-179.40;5.00
4094119;191116;154513.10;512145.6963N;091142.6367E;435.042074;290.00;-0.39;-179.40;5.00
4094169;191116;154514.11;512145.6963N;091142.6367E;435.042074;290.00;-0.39;-179.40;5.00
4094219;191116;154514.87;512145.6963N;091142.6367E;435.042074;290.00;-0.39;-179.40;5.00
4094265;191116;154515.87;512145.6963N;091142.6367E;435.042074;290.00;-0.39;-179.40;5.00
4094315;191116;154517.11;512145.6963N;091142.6367E;435.042074;290.00;-0.39;-179.40;5.00
4094365;191116;154518.10;512145.6963N;091142.6367E;435.042074;290.00;-0.39;-179.40;5.00
4094415;191116;154519.10;512145.6963N;091142.6367E;435.042074;290.00;-0.39;-179.40;5.00
4094465;191116;154520.11;512145.6963N;091142.6367E;435.042074;290.00;-0.39;-179.40;5.00
4094515;191116;154521.10;512145.6963N;091142.6367E;435.042074;290.00;-0.39;-179.40;5.00
4094565;191116;154522.10;512145.6963N;091142.6367E;435.042074;290.00;-0.39;-179.40;5.00
4094615;191116;154523.11;512145.6963N;091142.6367E;435.042074;290.00;-0.39;-179.40;5.00
4094665;191116;154524.10;512145.6963N;091142.6367E;435.042074;290.00;-0.39;-179.40;5.00
4094715;191116;154525.10;512145.6963N;091142.6367E;435.042074;290.00;-0.39;-179.40;5.00
4094765;191116;154526.11;512145.6963N;091142.6367E;435.042074;290.00;-0.39;-179.40;5.00
4094815;191116;154527.10;512145.6963N;091142.6367E;435.042074;290.00;-0.39;-179.40;5.00
4094865;191116;154528.10;512145.6963N;091142.6367E;435.042074;290.00;-0.39;-179.40;5.00
4094915;191116;154529.11;512145.6963N;091142.6367E;435.042074;290.00;-0.39;-179.40;5.00
4094965;191116;154530.10;512145.6963N;091142.6367E;435.042074;290.00;-0.39;-179.40;5.00
4095015;191116;154530.97;512145.6963N;091142.6367E;435.042074;290.00;-0.39;-179.40;5.00
4095066;191116;154531.97;512145.6963N;091142.6367E;435.042074;290.00;-0.39;-179.40;5.00
4095116;191116;154533.13;512145.6963N;091142.6367E;435.042074;290.00;-0.39;-179.40;5.00
4095166;191116;154533.97;512145.6963N;091142.6367E;435.042074;290.00;-0.39;-179.40;5.00
4095216;191116;154534.97;512145.6963N;091142.6367E;435.042074;290.00;-0.39;-179.40;5.00
4095266;191116;154536.14;512145.6963N;091142.6367E;435.042074;290.00;-0.39;-179.40;5.00
4095316;191116;154536.97;512145.6963N;091142.6367E;435.042074;290.00;-0.39;-179.40;5.00
4095366;191116;154537.97;512145.6963N;091142.6367E;435.042074;290.00;-0.39;-179.40;5.00
4095416;191116;154539.13;512145.6963N;091142.6367E;435.042074;290.00;-0.39;-179.40;5.00
4095467;191116;154540.15;512145.6963N;091142.6367E;435.042074;290.00;-0.39;-179.40;5.00
4095517;191116;154540.97;512145.6963N;091142.6367E;435.042074;290.00;-0.39;-179.40;5.00
4095567;191116;154542.13;512145.6963N;091142.6367E;435.042074;290.00;-0.39;-179.40;5.00
4095617;191116;154543.15;512145.6963N;091142.6367E;435.042074;290.00;-0.39;-179.40;5.00
4095667;191116;154544.14;512145.6963N;091142.6367E;435.042074;290.00;-0.39;-179.40;5.00
4095717;191116;154545.13;512145.6963N;091142.6367E;435.042074;290.00;-0.39;-179.40;5.00
4095767;191116;154545.97;512145.6963N;091142.6367E;435.042074;290.00;-0.39;-179.40;5.00
4095817;191116;154547.14;512145.6963N;091142.6367E;435.042074;290.00;-0.39;-179.40;5.00
4095867;191116;154548.13;512145.6963N;091142.6367E;435.042074;290.00;-0.39;-179.40;5.00
4095917;191116;154549.15;512145.6963N;091142.6367E;435.042074;290.00;-0.39;-179.40;5.00
4095967;191116;154550.14;512145.6963N;091142.6367E;435.042074;290.00;-0.39;-179.40;5.00
4096017;191116;154551.13;512145.6963N;091142.6367E;435.042074;290.00;-0.39;-179.40;5.00
4096067;191116;154551.97;512145.6963N;091142.6367E;435.042074;290.00;-0.39;-179.40;5.00
4096117;191116;154552.97;512145.6963N;091142.6367E;435.042074;290.00;-0.39;-179.40;5.00
4096167;191116;154554.13;512145.6963N;091142.6367E;435.042074;290.00;-0.39;-179.40;5.00
4096217;191116;154554.97;512145.6963N;091142.6367E;435.042074;290.00;-0.39;-179.40;5.00
4096267;191116;154555.97;512145.6963N;091142.6367E;435.042074;290.00;-0.39;-179.40;5.00
4096317;191116;154557.13;512145.6963N;091142.6367E;435.042074;290.00;-0.39;-179.40;5.00
4096367;191116;154557.97;512145.6963N;091142.6367E;435.042074;290.00;-0.39;-179.40;5.00
4096417;191116;154558.97;512145.6963N;091142.6367E;435.042074;290.00;-0.39;-179.40;5.00
4096468;191116;154559.97;512145.6963N;091142.6367E;435.042074;290.00;-0.39;-179.40;5.00
4096518;191116;154600.97;512145.6963N;091142.6367E;435.042074;290.00;-0.39;-179.40;5.00
4096568;191116;154601.97;512145.6963N;091142.6367E;435.042074;290.00;-0.39;-179.40;5.00
4096619;191116;154603.19;512145.6963N;091142.6367E;435.042074;290.00;-0.39;-179.40;5.00
4096670;191116;154603.97;512145.6963N;091142.6367E;435.042074;290.00;-0.39;-179.40;5.00
4096720;191116;154605.20;512145.6963N;091142.6367E;435.042074;290.00;-0.39;-179.40;5.00
4096768;191116;154606.19;512145.6963N;091142.6367E;435.042074;290.00;-0.39;-179.40;5.00
4096818;191116;154607.18;512145.6963N;091142.6367E;435.042074;290.00;-0.39;-179.40;5.00
4096868;191116;154608.20;512145.6963N;091142.6367E;435.042074;290.00;-0.39;-179.40;5.00
4096918;191116;154608.97;512145.6963N;091142.6367E;435.042074;290.00;-0.39;-179.40;5.00
4096968;191116;154610.19;512145.6963N;091142.6367E;435.042074;290.00;-0.39;-179.40;5.00
4097018;191116;154610.97;512145.6963N;091142.6367E;435.042074;290.00;-0.39;-179.40;5.00
4097068;191116;154612.19;512145.6963N;091142.6367E;435.042074;290.00;-0.39;-179.40;5.00
4097118;191116;154613.19;512145.6963N;091142.6367E;435.042074;290.00;-0.39;-179.40;5.00
4097168;191116;154614.20;512145.6963N;091142.6367E;435.042074;290.00;-0.39;-179.40;5.00
4097218;191116;154615.19;512145.6963N;091142.6367E;435.042074;290.00;-0.39;-179.40;5.00
4097268;191116;154616.19;512145.6963N;091142.6367E;435.042074;290.00;-0.39;-179.40;5.00
4097318;191116;154617.20;512145.6963N;091142.6367E;435.042074;290.00;-0.39;-179.40;5.00
4097368;191116;154617.97;512145.6963N;091142.6367E;435.042074;290.00;-0.39;-179.40;5.00
4097418;191116;154618.97;512145.6963N;091142.6367E;435.042074;290.00;-0.39;-179.40;5.00
4097468;191116;154620.20;512145.6963N;091142.6367E;435.042074;290.00;-0.39;-179.40;5.00
4097518;191116;154621.19;512145.6963N;091142.6367E;435.042074;290.00;-0.39;-179.40;5.00
4097568;191116;154622.18;512145.6963N;091142.6367E;435.042074;290.00;-0.39;-179.40;5.00
4097618;191116;154623.20;512145.6963N;091142.6367E;435.042074;290.00;-0.39;-179.40;5.00
4097668;191116;154624.19;512145.6963N;091142.6367E;435.042074;290.00;-0.39;-179.40;5.00
4097718;191116;154625.20;512145.6963N;091142.6367E;435.042074;290.00;-0.39;-179.40;5.00
4097768;191116;154626.20;512145.6963N;091142.6367E;435.042074;290.00;-0.39;-179.40;5.00
4097811;191116;154627.07;512145.6963N;091142.6367E;435.042074;290.00;-0.39;-179.40;5.00
4097862;191116;154628.07;512145.6963N;091142.6367E;435.042074;290.00;-0.39;-179.40;5.00
4097912;191116;154629.07;512145.6963N;091142.6367E;435.042074;290.00;-0.39;-179.40;5.00
4097962;191116;154630.07;512145.6963N;091142.6367E;435.042074;290.00;-0.39;-179.40;5.00
4098012;191116;154631.24;512145.6963N;091142.6367E;435.042074;290.00;-0.39;-179.40;5.00
4098062;191116;154632.23;512145.6963N;091142.6367E;435.042074;290.00;-0.39;-179.40;5.00
4098112;191116;154633.07;512145.6963N;091142.6367E;435.042074;290.00;-0.39;-179.40;5.00
4098162;191116;154634.24;512145.6963N;091142.6367E;435.042074;290.00;-0.39;-179.40;5.00
4098212;191116;154635.23;512145.6963N;091142.6367E;435.042074;290.00;-0.39;-179.40;5.00
4098262;191116;154636.07;512145.6963N;091142.6367E;435.042074;290.00;-0.39;-179.40;5.00
4098312;191116;154637.07;512145.6963N;091142.6367E;435.042074;290.00;-0.39;-179.40;5.00
4098362;191116;154638.23;512145.6963N;091142.6367E;435.042074;290.00;-0.39;-179.40;5.00
4098412;191116;154639.07;512145.6963N;091142.6367E;435.042074;290.00;-0.39;-179.40;5.00
4098462;191116;154640.24;512145.6963N;091142.6367E;435.042074;290.00;-0.39;-179.40;5.00
4098512;191116;154641.07;512145.6963N;091142.6367E;435.042074;290.00;-0.39;-179.40;5.00
4098562;191116;154642.07;512145.6963N;091142.6367E;435.042074;290.00;-0.39;-179.40;5.00
4098612;191116;154643.24;512145.6963N;091142.6367E;435.042074;290.00;-0.39;-179.40;5.00
4098662;191116;154644.23;512145.6963N;091142.6367E;435.042074;290.00;-0.39;-179.40;5.00
4098712;191116;154645.07;512145.6963N;091142.6367E;435.042074;290.00;-0.39;-179.40;5.00
4098762;191116;154646.24;512145.6963N;091142.6367E;435.042074;290.00;-0.39;-179.40;5.00
4098812;191116;154647.23;512145.6963N;091142.6367E;435.042074;290.00;-0.39;-179.40;5.00
4098862;191116;154648.07;512145.6963N;091142.6367E;435.042074;290.00;-0.39;-179.40;5.00
4098912;191116;154649.24;512145.6963N;091142.6367E;435.042074;290.00;-0.39;-179.40;5.00
4098962;191116;154650.23;512145.6963N;091142.6367E;435.042074;290.00;-0.39;-179.40;5.00
4099012;191116;154651.07;512145.6963N;091142.6367E;435.042074;290.00;-0.39;-179.40;5.00
4099062;191116;154652.24;512145.6963N;091142.6367E;435.042074;290.00;-0.39;-179.40;5.00
4099112;191116;154653.23;512145.6963N;091142.6367E;435.042074;290.00;-0.39;-179.40;5.00
4099162;191116;154654.07;512145.6963N;091142.6367E;435.042074;290.00;-0.39;-179.40;5.00
4099214;191116;154655.07;512145.6963N;091142.6367E;435.042074;290.00;-0.39;-179.40;5.00
4099264;191116;154656.07;512145.6963N;091142.6367E;435.042074;290.00;-0.39;-179.40;5.00
4099314;191116;154657.07;512145.6963N;091142.6367E;435.042074;290.00;-0.39;-179.40;5.00
4099364;191116;154658.27;512145.6963N;091142.6367E;435.042074;290.00;-0.39;-179.40;5.00
4099414;191116;154659.27;512145.6963N;091142.6367E;435.042074;290.00;-0.39;-179.40;5.00
4099464;191116;154700.28;512145.6963N;091142.6367E;435.042074;290.00;-0.39;-179.40;5.00
4099514;191116;154701.27;512145.6963N;091142.6367E;435.042074;290.00;-0.39;-179.40;5.00
4099564;191116;154702.27;512145.6963N;091142.6367E;435.042074;290.00;-0.39;-179.40;5.00
4099614;191116;154703.07;512145.6963N;091142.6367E;435.042074;290.00;-0.39;-179.40;5.00
4099664;191116;154704.07;512145.6963N;091142.6367E;435.042074;290.00;-0.39;-179.40;5.00
4099714;191116;154705.26;512145.6963N;091142.6367E;435.042074;290.00;-0.39;-179.40;5.00
4099764;191116;154706.07;512145.6963N;091142.6367E;435.042074;290.00;-0.39;-179.40;5.00
4099815;191116;154707.28;512145.6963N;091142.6367E;435.042074;290.00;-0.39;-179.40;5.00
4099865;191116;154708.27;512145.6963N;091142.6367E;435.042074;290.00;-0.39;-179.40;5.00
4099915;191116;154709.28;512145.7190N;091142.6979E;435.376758;290.00;-0.39;-179.40;5.00
4099965;191116;154710.27;512145.7190N;091142.6979E;435.376758;290.00;-0.39;-179.40;5.00
4100015;191116;154711.27;512145.7190N;091142.6979E;435.376758;290.00;-0.39;-179.40;5.00
4100065;191116;154712.28;512145.7190N;091142.6979E;435.376758;290.00;-0.39;-179.40;5.00
4100115;191116;154713.28;512145.7190N;091142.6979E;435.376758;290.00;-0.39;-179.40;5.00
4100165;191116;154714.26;512145.7190N;091142.6979E;435.376758;290.00;-0.39;-179.40;5.00
4100215;191116;154715.28;512145.7190N;091142.6979E;435.376758;290.00;-0.39;-179.40;5.00
4100265;191116;154716.27;512145.7190N;091142.6979E;435.376758;290.00;-0.39;-179.40;5.00
4100315;191116;154717.26;512145.7190N;091142.6979E;435.376758;290.00;-0.39;-179.40;5.00
4100365;191116;154718.28;512145.7190N;091142.6979E;435.376758;290.00;-0.39;-179.40;5.00
4100411;191116;154719.27;512145.7190N;091142.6979E;435.376758;290.00;-0.39;-179.40;5.00
4100461;191116;154720.27;512145.7190N;091142.6979E;435.376758;290.00;-0.39;-179.40;5.00
4100511;191116;154721.27;512145.7190N;091142.6979E;435.376758;290.00;-0.39;-179.40;5.00
4100561;191116;154722.27;512145.7190N;091142.6979E;435.376758;290.00;-0.39;-179.40;5.00
4100611;191116;154723.17;512145.7190N;091142.6979E;435.376758;290.00;-0.39;-179.40;5.00
4100661;191116;154724.17;512145.7190N;091142.6979E;435.376758;290.00;-0.39;-179.40;5.00
4100711;191116;154725.17;512145.7190N;091142.6979E;435.376758;290.00;-0.39;-179.40;5.00
4100762;191116;154726.17;512145.7190N;091142.6979E;435.376758;290.00;-0.39;-179.40;5.00
4100812;191116;154727.17;512145.7190N;091142.6979E;435.376758;290.00;-0.39;-179.40;5.00
4100862;191116;154728.17;512145.7190N;091142.6979E;435.376758;290.00;-0.39;-179.40;5.00
4100913;191116;154729.17;512145.7190N;091142.6979E;435.376758;290.00;-0.39;-179.40;5.00
4100963;191116;154730.17;512145.7190N;091142.6979E;435.376758;290.00;-0.39;-179.40;5.00
4101013;191116;154731.17;512145.7190N;091142.6979E;435.376758;290.00;-0.39;-179.40;5.00
4101063;191116;154732.17;512145.7190N;091142.6979E;435.376758;290.00;-0.39;-179.40;5.00
4101113;191116;154733.17;512145.7190N;091142.6979E;435.376758;290.00;-0.39;-179.40;5.00
4101163;191116;154734.17;512145.7190N;091142.6979E;435.376758;290.00;-0.39;-179.40;5.00
4101213;191116;154735.17;512145.7190N;091142.6979E;435.376758;290.00;-0.39;-179.40;5.00
4101263;191116;154736.17;512145.7190N;091142.6979E;435.376758;290.00;-0.39;-179.40;5.00
4101313;191116;154737.17;512145.7190N;091142.6979E;435.376758;290.00;-0.39;-179.40;5.00
4101363;191116;154738.17;512145.7190N;091142.6979E;435.376758;290.00;-0.39;-179.40;5.00
4101413;191116;154739.34;512145.7190N;091142.6979E;435.376758;290.00;-0.39;-179.40;5.00
4101463;191116;154740.33;512145.7190N;091142.6979E;435.376758;290.00;-0.39;-179.40;5.00
4101513;191116;154741.17;512145.7190N;091142.6979E;435.376758;290.00;-0.39;-179.40;5.00
4101563;191116;154742.34;512145.7190N;091142.6979E;435.376758;290.00;-0.39;-179.40;5.00
4101613;191116;154743.33;512145.7190N;091142.6979E;435.376758;290.00;-0.39;-179.40;5.00
4101663;191116;154744.17;512145.7190N;091142.6979E;435.376758;290.00;-0.39;-179.40;5.00
4101713;191116;154745.34;512145.7190N;091142.6979E;435.376758;290.00;-0.39;-179.40;5.00
4101763;191116;154746.33;512145.7190N;091142.6979E;435.376758;290.00;-0.39;-179.40;5.00
4101814;191116;154747.17;512145.7190N;091142.6979E;435.376758;290.00;-0.39;-179.40;5.00
4101864;191116;154748.34;512145.7190N;091142.6979E;435.376758;290.00;-0.39;-179.40;5.00
4101914;191116;154749.33;512145.7190N;091142.6979E;435.376758;290.00;-0.39;-179.40;5.00
4101964;191116;154750.17;512145.7190N;091142.6979E;435.376758;290.00;-0.39;-179.40;5.00
4102014;191116;154751.17;512145.7190N;091142.6979E;435.376758;290.00;-0.39;-179.40;5.00
4102064;191116;154752.17;512145.7190N;091142.6979E;435.376758;290.00;-0.39;-179.40;5.00
4102114;191116;154753.17;512145.7190N;091142.6979E;435.376758;290.00;-0.39;-179.40;5.00
4102164;191116;154754.17;512145.7190N;091142.6979E;435.376758;290.00;-0.39;-179.40;5.00
4102214;191116;154755.17;512145.7190N;091142.6979E;435.376758;290.00;-0.39;-179.40;5.00
4102264;191116;154756.17;512145.7190N;091142.6979E;435.376758;290.00;-0.39;-179.40;5.00
4102314;191116;154757.17;512145.7190N;091142.6979E;435.376758;290.00;-0.39;-179.40;5.00
4102364;191116;154758.36;512145.7190N;091142.6979E;435.376758;290.00;-0.39;-179.40;5.00
4102414;191116;154759.35;512145.7190N;091142.6979E;435.376758;290.00;-0.39;-179.40;5.00
4102464;191116;154800.17;512145.7190N;091142.6979E;435.376758;290.00;-0.39;-179.40;5.00
4102514;191116;154801.36;512145.7190N;091142.6979E;435.376758;290.00;-0.39;-179.40;5.00
4102564;191116;154802.35;512145.7190N;091142.6979E;435.376758;290.00;-0.39;-179.40;5.00
4102615;191116;154803.17;512145.7190N;091142.6979E;435.376758;290.00;-0.39;-179.40;5.00
4102665;191116;154804.17;512145.7190N;091142.6979E;435.376758;290.00;-0.39;-179.40;5.00
4102715;191116;154805.17;512145.7190N;091142.6979E;435.376758;290.00;-0.39;-179.40;5.00
4102765;191116;154806.17;512145.7190N;091142.6979E;435.376758;290.00;-0.39;-179.40;5.00
4102815;191116;154807.36;512145.7190N;091142.6979E;435.376758;290.00;-0.39;-179.40;5.00
4102865;191116;154808.35;512145.7190N;091142.6979E;435.376758;290.00;-0.39;-179.40;5.00
4102915;191116;154809.17;512145.7190N;091142.6979E;435.376758;290.00;-0.39;-179.40;5.00
4102965;191116;154810.36;512145.7190N;091142.6979E;435.376758;290.00;-0.39;-179.40;5.00
4103015;191116;154811.35;512145.7190N;091142.6979E;435.376758;290.00;-0.39;-179.40;5.00
4103065;191116;154812.17;512145.7190N;091142.6979E;435.376758;290.00;-0.39;-179.40;5.00
4103115;191116;154813.37;512145.7190N;091142.6979E;435.376758;290.00;-0.39;-179.40;5.00
4103165;191116;154814.35;512145.7190N;091142.6979E;435.376758;290.00;-0.39;-179.40;5.00
4103215;191116;154815.17;512145.7190N;091142.6979E;435.376758;290.00;-0.39;-179.40;5.00
4103265;191116;154816.36;512145.7190N;091142.6979E;435.376758;290.00;-0.39;-179.40;5.00
4103315;191116;154817.36;512145.7190N;091142.6979E;435.376758;290.00;-0.39;-179.40;5.00
4103363;191116;154818.37;512145.7190N;091142.6979E;435.376758;290.00;-0.39;-179.40;5.00
4103414;191116;154819.17;512145.7190N;091142.6979E;435.376758;290.00;-0.39;-179.40;5.00
4103460;191116;154820.17;512145.7190N;091142.6979E;435.376758;290.00;-0.39;-179.40;5.00
4103510;191116;154821.17;512145.7687N;091142.7246E;436.254176;290.00;-0.39;-179.40;5.00
4103560;191116;154822.39;512145.7687N;091142.7246E;436.254176;290.00;-0.39;-179.40;5.00
4103610;191116;154823.17;512145.7687N;091142.7246E;436.254176;290.00;-0.39;-179.40;5.00
4103660;191116;154824.40;512145.7687N;091142.7246E;436.254176;290.00;-0.39;-179.40;5.00
4103710;191116;154825.40;512145.7687N;091142.7246E;436.254176;290.00;-0.39;-179.40;5.00
4103760;191116;154826.17;512145.7687N;091142.7246E;436.254176;290.00;-0.39;-179.40;5.00
4103810;191116;154827.40;512145.7687N;091142.7246E;436.254176;290.00;-0.39;-179.40;5.00
4103860;191116;154828.39;512145.7687N;091142.7246E;436.254176;290.00;-0.39;-179.40;5.00
4103911;191116;154829.17;512145.7687N;091142.7246E;436.254176;290.00;-0.39;-179.40;5.00
4103961;191116;154830.40;512145.7687N;091142.7246E;436.254176;290.00;-0.39;-179.40;5.00
4104011;191116;154831.40;512145.7687N;091142.7246E;436.254176;290.00;-0.39;-179.40;5.00
4104061;191116;154832.17;512145.7687N;091142.7246E;436.254176;290.00;-0.39;-179.40;5.00
4104111;191116;154833.40;512145.7687N;091142.7246E;436.254176;290.00;-0.39;-179.40;5.00
4104161;191116;154834.40;512145.7687N;091142.7246E;436.254176;290.00;-0.39;-179.40;5.00
4104211;191116;154835.17;512145.7687N;091142.7246E;436.254176;290.00;-0.39;-179.40;5.00
4104261;191116;154836.40;512145.7687N;091142.7246E;436.254176;290.00;-0.39;-179.40;5.00
4104311;191116;154837.40;512145.7687N;091142.7246E;436.254176;290.00;-0.39;-179.40;5.00
4104361;191116;154838.17;512145.7687N;091142.7246E;436.254176;290.00;-0.39;-179.40;5.00
4104411;191116;154839.17;512145.7687N;091142.7246E;436.254176;290.00;-0.39;-179.40;5.00
4104461;191116;154840.39;512145.7687N;091142.7246E;436.254176;290.00;-0.39;-179.40;5.00
4104511;191116;154841.17;512145.7687N;091142.7246E;436.254176;290.00;-0.39;-179.40;5.00
4104561;191116;154842.40;512145.7687N;091142.7246E;436.254176;290.00;-0.39;-179.40;5.00
4104611;191116;154843.39;512145.7687N;091142.7246E;436.254176;290.00;-0.39;-179.40;5.00
4104661;191116;154844.17;512145.7687N;091142.7246E;436.254176;290.00;-0.39;-179.40;5.00
4104705;191116;154845.40;512145.7687N;091142.7246E;436.254176;290.00;-0.39;-179.40;5.00
4104755;191116;154846.40;512145.7687N;091142.7246E;436.254176;290.00;-0.39;-179.40;5.00
4104805;191116;154847.27;512145.7687N;091142.7246E;436.254176;290.00;-0.39;-179.40;5.00
4104856;191116;154848.27;512145.7687N;091142.7246E;436.254176;290.00;-0.39;-179.40;5.00
4104906;191116;154849.27;512145.7687N;091142.7246E;436.254176;290.00;-0.39;-179.40;5.00
4104956;191116;154850.27;512145.7687N;091142.7246E;436.254176;290.00;-0.39;-179.40;5.00
4105006;191116;154851.43;512145.7687N;091142.7246E;436.254176;290.00;-0.39;-179.40;5.00
4105056;191116;154852.27;512145.7687N;091142.7246E;436.254176;290.00;-0.39;-179.40;5.00
4105106;191116;154853.44;512145.7687N;091142.7246E;436.254176;290.00;-0.39;-179.40;5.00
4105156;191116;154854.44;512145.7687N;091142.7246E;436.254176;290.00;-0.39;-179.40;5.00
4105207;191116;154855.27;512145.7687N;091142.7246E;436.254176;290.00;-0.39;-179.40;5.00
4105256;191116;154856.44;512145.7687N;091142.7246E;436.254176;290.00;-0.39;-179.40;5.00
4105307;191116;154857.43;512145.7687N;091142.7246E;436.254176;290.00;-0.39;-179.40;5.00
4105357;191116;154858.45;512145.7687N;091142.7246E;436.254176;290.00;-0.39;-179.40;5.00
4105407;191116;154859.44;512145.7687N;091142.7246E;436.254176;290.00;-0.39;-179.40;5.00
4105457;191116;154900.46;512145.7687N;091142.7246E;436.254176;290.00;-0.39;-179.40;5.00
4105507;191116;154901.45;512145.7687N;091142.7246E;436.254176;290.00;-0.39;-179.40;5.00
4105557;191116;154902.44;512145.7687N;091142.7246E;436.254176;290.00;-0.39;-179.40;5.00
4105607;191116;154903.43;512145.7687N;091142.7246E;436.254176;290.00;-0.39;-179.40;5.00
4105657;191116;154904.45;512145.7687N;091142.7246E;436.254176;290.00;-0.39;-179.40;5.00
4105706;191116;154905.44;512145.7687N;091142.7246E;436.254176;290.00;-0.39;-179.40;5.00
4105755;191116;154906.43;512145.7687N;091142.7246E;436.254176;290.00;-0.39;-179.40;5.00
4105805;191116;154907.45;512145.7687N;091142.7246E;436.254176;290.00;-0.39;-179.40;5.00
4105854;191116;154908.44;512145.7687N;091142.7246E;436.254176;290.00;-0.39;-179.40;5.00
4105904;191116;154909.44;512145.7687N;091142.7246E;436.254176;290.00;-0.39;-179.40;5.00
4105953;191116;154910.45;512145.7687N;091142.7246E;436.254176;290.00;-0.39;-179.40;5.00
4106002;191116;154911.44;512145.7687N;091142.7246E;436.254176;290.00;-0.39;-179.40;5.00
4106051;191116;154912.43;512145.7687N;091142.7246E;436.254176;290.00;-0.39;-179.40;5.00
4106100;191116;154913.45;512145.7687N;091142.7246E;436.254176;290.00;-0.39;-179.40;5.00
4106150;191116;154914.44;512145.7687N;091142.7246E;436.254176;290.00;-0.39;-179.40;5.00
4106199;191116;154915.27;512145.7687N;091142.7246E;436.254176;290.00;-0.39;-179.40;5.00
4106250;191116;154916.27;512145.7687N;091142.7246E;436.254176;290.00;-0.39;-179.40;5.00
4106300;191116;154917.27;512145.7687N;091142.7246E;436.254176;290.00;-0.39;-179.40;5.00
4106350;191116;154918.49;512145.7687N;091142.7246E;436.254176;290.00;-0.39;-179.40;5.00
4106400;191116;154919.48;512145.7687N;091142.7246E;436.254176;290.00;-0.39;-179.40;5.00
4106450;191116;154920.27;512145.7687N;091142.7246E;436.254176;290.00;-0.39;-179.40;5.00
4106499;191116;154921.49;512145.7687N;091142.7246E;436.254176;290.00;-0.39;-179.40;5.00
4106549;191116;154922.48;512145.7687N;091142.7246E;436.254176;290.00;-0.39;-179.40;5.00
4106600;191116;154923.27;512145.7687N;091142.7246E;436.254176;290.00;-0.39;-179.40;5.00
4106650;191116;154924.49;512145.7687N;091142.7246E;436.254176;290.00;-0.39;-179.40;5.00
4106700;191116;154925.48;512145.7687N;091142.7246E;436.254176;290.00;-0.39;-179.40;5.00
4106750;191116;154926.27;512145.7687N;091142.7246E;436.254176;290.00;-0.39;-179.40;5.00
4106800;191116;154927.49;512145.7687N;091142.7246E;436.254176;290.00;-0.39;-179.40;5.00
4106850;191116;154928.48;512145.7687N;091142.7246E;436.254176;290.00;-0.39;-179.40;5.00
4106900;191116;154929.27;512145.7687N;091142.7246E;436.254176;290.00;-0.39;-179.40;5.00
4106950;191116;154930.49;512145.7687N;091142.7246E;436.254176;290.00;-0.39;-179.40;5.00
4107000;191116;154931.48;512145.7687N;091142.7246E;436.254176;290.00;-0.39;-179.40;5.00
4107050;191116;154932.27;512145.7687N;091142.7246E;436.254176;290.00;-0.39;-179.40;5.00
4107100;191116;154933.49;512145.7687N;091142.7246E;436.254176;290.00;-0.39;-179.40;5.00
4107150;191116;154934.48;512145.7687N;091142.7246E;436.254176;290.00;-0.39;-179.40;5.00
4107200;191116;154935.27;512145.7687N;091142.7246E;436.254176;290.00;-0.39;-179.40;5.00
4107250;191116;154936.49;512145.7687N;091142.7246E;436.254176;290.00;-0.39;-179.40;5.00
4107300;191116;154937.27;512145.7687N;091142.7246E;436.254176;290.00;-0.39;-179.40;5.00
4107350;191116;154938.27;512145.7687N;091142.7246E;436.254176;290.00;-0.39;-179.40;5.00
4107400;191116;154939.49;512145.7687N;091142.7246E;436.254176;290.00;-0.39;-179.40;5.00
4107450;191116;154940.27;512145.7687N;091142.7246E;436.254176;290.00;-0.39;-179.40;5.00
4107500;191116;154941.27;512145.7687N;091142.7246E;436.254176;290.00;-0.39;-179.40;5.00
4107550;191116;154942.27;512145.7687N;091142.7246E;436.254176;290.00;-0.39;-179.40;5.00
4107601;191116;154943.37;512145.7687N;091142.7246E;436.254176;290.00;-0.39;-179.40;5.00
4107651;191116;154944.37;512145.7687N;091142.7246E;436.254176;290.00;-0.39;-179.40;5.00
4107702;191116;154945.37;512145.7687N;091142.7246E;436.254176;290.00;-0.39;-179.40;5.00
4107752;191116;154946.37;512145.7687N;091142.7246E;436.254176;290.00;-0.39;-179.40;5.00
4107802;191116;154947.53;512145.7687N;091142.7246E;436.254176;290.00;-0.39;-179.40;5.00
4107853;191116;154948.37;512145.7687N;091142.7246E;436.254176;290.00;-0.39;-179.40;5.00
4107903;191116;154949.54;512145.7687N;091142.7246E;436.254176;290.00;-0.39;-179.40;5.00
4107953;191116;154950.53;512145.7687N;091142.7246E;436.254176;290.00;-0.39;-179.40;5.00
4108003;191116;154951.54;512145.7687N;091142.7246E;436.254176;290.00;-0.39;-179.40;5.00
4108053;191116;154952.54;512145.7687N;091142.7246E;436.254176;290.00;-0.39;-179.40;5.00
4108103;191116;154953.37;512145.7687N;091142.7246E;436.254176;290.00;-0.39;-179.40;5.00
4108153;191116;154954.53;512145.7687N;091142.7246E;436.254176;290.00;-0.39;-179.40;5.00
4108203;191116;154955.54;512145.7687N;091142.7246E;436.254176;290.00;-0.39;-179.40;5.00
4108253;191116;154956.53;512145.7687N;091142.7246E;436.254176;290.00;-0.39;-179.40;5.00
4108303;191116;154957.53;512145.7687N;091142.7246E;436.254176;290.00;-0.39;-179.40;5.00
4108353;191116;154958.54;512145.7687N;091142.7246E;436.254176;290.00;-0.39;-179.40;5.00
4108403;191116;154959.53;512145.7687N;091142.7246E;436.254176;290.00;-0.39;-179.40;5.00
4108451;191116;155000.37;512145.7687N;091142.7246E;436.254176;290.00;-0.39;-179.40;5.00
