8344273;091216;080000.14;512125.4203N;090930.8129E;319.498299;-48.00;0.50;359.20;9.50
8344323;091216;080001.14;512125.4203N;090930.8129E;319.498299;-48.70;0.10;359.30;9.50
8344373;091216;080002.14;512125.4203N;090930.8129E;319.498299;-48.40;-0.70;0.10;9.50
8344423;091216;080003.14;512125.4203N;090930.8129E;319.498299;-49.00;-2.90;1.40;9.50
8344473;091216;080004.14;512125.4203N;090930.8129E;319.498299;-48.00;-0.90;-0.40;9.50
8344523;091216;080005.14;512125.4203N;090930.8129E;319.498299;-48.60;-0.50;-0.20;9.50
8344573;091216;080005.94;512125.4203N;090930.8129E;319.498299;-48.60;0.30;358.90;9.60
8344623;091216;080007.14;512125.4203N;090930.8129E;319.498299;-48.40;-0.60;0.00;9.50
8344673;091216;080007.94;512125.4203N;090930.8129E;319.498299;-48.10;-0.30;358.40;9.50
8344723;091216;080009.14;512125.4203N;090930.8129E;319.498299;-47.30;0.20;358.20;9.50
8344773;091216;080010.14;512125.4203N;090930.8129E;319.498299;-48.00;0.50;358.90;9.50
8344821;091216;080010.94;512125.4203N;090930.8129E;319.498299;-49.10;-1.00;0.30;9.50
8344871;091216;080012.14;512125.4203N;090930.8129E;319.498299;-48.70;-0.70;0.00;9.50
8344921;091216;080012.94;512125.4203N;090930.8129E;319.498299;-47.80;0.50;358.90;9.50
8344971;091216;080014.14;512125.4203N;090930.8129E;319.498299;-47.80;0.30;359.10;9.60
8345022;091216;080014.94;512125.4203N;090930.8129E;319.498299;-48.70;-0.10;359.40;9.60
8345072;091216;080016.14;512125.4119N;090930.8168E;319.621912;-48.90;-1.00;0.10;9.50
8345122;091216;080016.94;512125.4119N;090930.8168E;319.621912;-48.20;0.10;359.40;9.50
8345172;091216;080018.14;512125.4119N;090930.8168E;319.621912;-48.00;0.10;359.30;9.50
8345222;091216;080018.94;512125.4119N;090930.8168E;319.621912;-48.70;0.10;359.30;9.60
8345272;091216;080020.14;512125.4119N;090930.8168E;319.621912;-48.60;-1.00;0.00;9.50
8345321;091216;080020.94;512125.4119N;090930.8168E;319.621912;-48.20;0.40;359.10;9.50
8345371;091216;080022.14;512125.4119N;090930.8168E;319.621912;-47.70;0.30;359.10;9.50
8345421;091216;080023.14;512125.4119N;090930.8168E;319.621912;-48.50;-0.10;-0.30;9.50
8345471;091216;080023.94;512125.4119N;090930.8168E;319.621912;-48.90;-0.80;-0.30;9.50
8345521;091216;080025.14;512125.4119N;090930.8168E;319.621912;-47.80;0.10;359.20;9.60
8345571;091216;080025.94;512125.4119N;090930.8168E;319.621912;-48.10;0.30;359.20;9.50
8345619;091216;080027.14;512125.4119N;090930.8168E;319.621912;-48.00;0.40;359.40;9.60
8345669;091216;080027.94;512125.4078N;090930.8137E;320.563154;-49.30;-0.90;0.10;9.60
8345719;091216;080029.14;512125.4078N;090930.8137E;320.563154;-47.90;0.00;359.30;9.50
8345769;091216;080029.94;512125.4078N;090930.8137E;320.563154;-48.20;3.20;0.00;9.60
8345819;091216;080031.14;512125.4078N;090930.8137E;320.563154;-48.10;0.40;-0.20;9.60
8345869;091216;080032.14;512125.4078N;090930.8137E;320.563154;-47.70;-0.30;359.40;9.60
8345919;091216;080033.14;512125.4078N;090930.8137E;320.563154;-48.30;-0.60;359.30;9.50
8345969;091216;080034.14;512125.4078N;090930.8137E;320.563154;-49.00;-1.00;0.30;9.50
8346019;091216;080035.14;512125.4078N;090930.8137E;320.563154;-48.10;-0.20;359.40;9.50
8346069;091216;080036.14;512125.4078N;090930.8137E;320.563154;-48.00;0.40;358.70;9.60
8346119;091216;080037.14;512125.4078N;090930.8137E;320.563154;-48.70;-1.40;-0.40;9.60
8346169;091216;080038.14;512125.4078N;090930.8137E;320.563154;-48.50;-0.50;0.10;9.50
8346219;091216;080039.14;512125.4078N;090930.8137E;320.563154;-48.60;0.00;359.40;9.50
8346269;091216;080040.14;512125.4078N;090930.8137E;320.563154;-48.10;0.50;358.90;9.50
8346319;091216;080041.14;512125.4078N;090930.8137E;320.563154;-48.60;-0.10;-0.40;9.60
8346369;091216;080042.14;512125.4078N;090930.8137E;320.563154;-48.00;-0.90;-0.30;9.50
8346419;091216;080043.14;512125.4078N;090930.8137E;320.563154;-48.70;-0.50;-0.30;9.50
8346469;091216;080044.14;512125.4078N;090930.8137E;320.563154;-47.80;0.50;358.90;9.50
8346519;091216;080045.14;512125.4078N;090930.8137E;320.563154;-48.50;-0.30;-0.40;9.50
8346569;091216;080046.14;512125.4078N;090930.8137E;320.563154;-48.30;-0.30;0.00;9.60
8346619;091216;080047.14;512125.4078N;090930.8137E;320.563154;-49.10;-1.00;0.00;9.60
8346669;091216;080048.14;512125.4078N;090930.8137E;320.563154;-47.90;0.40;359.20;9.50
8346719;091216;080049.14;512125.4078N;090930.8137E;320.563154;-48.30;-0.20;359.40;9.50
8346769;091216;080050.14;512125.4078N;090930.8137E;320.563154;-48.40;-0.60;0.00;9.50
8346819;091216;080051.14;512125.4078N;090930.8137E;320.563154;-47.90;-0.40;359.40;9.50
8346869;091216;080052.14;512125.4049N;090930.8236E;321.842149;-47.90;0.40;359.20;9.50
8346919;091216;080053.14;512125.4049N;090930.8236E;321.842149;-48.10;-0.30;-0.20;9.50
8346969;091216;080054.14;512125.4049N;090930.8236E;321.842149;-48.70;-1.20;0.10;9.50
8347019;091216;080055.14;512125.4049N;090930.8236E;321.842149;-47.90;0.10;359.20;9.60
8347069;091216;080056.14;512125.4049N;090930.8236E;321.842149;-48.30;0.10;359.30;9.50
8347119;091216;080057.14;512125.4049N;090930.8236E;321.842149;-47.90;0.60;359.20;9.60
8347169;091216;080058.14;512125.3986N;090930.8290E;322.643456;-48.60;-0.70;-0.10;9.50
8347219;091216;080059.14;512125.3986N;090930.8290E;322.643456;-48.10;-1.50;359.10;9.50
8347269;091216;080100.14;512125.3986N;090930.8290E;322.643456;-48.10;-0.40;-0.20;9.40
8347319;091216;080101.14;512125.3986N;090930.8290E;322.643456;-48.20;-0.70;-0.30;9.50
8347366;091216;080102.14;512125.3986N;090930.8290E;322.643456;-48.90;-0.50;0.00;9.40
8347416;091216;080102.94;512125.3986N;090930.8290E;322.643456;-48.10;0.40;358.90;9.50
8347466;091216;080104.14;512125.3986N;090930.8290E;322.643456;-48.80;-0.50;-0.20;9.50
8347516;091216;080104.94;512125.3986N;090930.8290E;322.643456;-49.70;-1.50;1.20;9.40
8347566;091216;080106.14;512125.3986N;090930.8290E;322.643456;-48.00;-0.10;359.50;9.50
8347616;091216;080107.14;512125.3986N;090930.8290E;322.643456;-48.10;0.40;359.10;9.50
8347666;091216;080107.94;512125.3986N;090930.8290E;322.643456;-48.50;-0.30;-0.30;9.50
8347716;091216;080109.14;512125.3986N;090930.8290E;322.643456;-48.80;-0.70;0.10;9.50
8347766;091216;080109.94;512125.3976N;090930.8438E;324.404766;-48.50;0.00;359.30;9.50
8347816;091216;080111.14;512125.3976N;090930.8438E;324.404766;-48.30;-0.10;-0.40;9.50
8347866;091216;080111.94;512125.3976N;090930.8438E;324.404766;-48.00;0.50;359.10;9.50
8347916;091216;080113.14;512125.3976N;090930.8438E;324.404766;-48.30;-0.30;-0.40;9.50
8347966;091216;080113.94;512125.3976N;090930.8438E;324.404766;-49.10;-0.80;0.00;9.50
8348016;091216;080115.14;512125.3976N;090930.8438E;324.404766;-48.80;-1.40;0.00;9.50
8348066;091216;080115.94;512125.3976N;090930.8438E;324.404766;-48.50;0.10;359.10;9.50
8348116;091216;080117.14;512125.3976N;090930.8438E;324.404766;-48.00;0.60;359.20;9.50
8348166;091216;080117.94;512125.3976N;090930.8438E;324.404766;-49.00;-0.60;0.00;9.50
8348216;091216;080119.14;512125.3976N;090930.8438E;324.404766;-48.40;-1.00;-0.10;9.50
8348266;091216;080120.14;512125.3976N;090930.8438E;324.404766;-48.40;-0.80;-0.40;9.50
8348316;091216;080120.94;512125.3976N;090930.8438E;324.404766;-48.10;0.40;359.10;9.50
8348366;091216;080122.14;512125.3976N;090930.8438E;324.404766;-48.50;0.10;-0.30;9.50
8348416;091216;080122.94;512125.3976N;090930.8438E;324.404766;-48.50;-0.90;-0.30;9.50
8348466;091216;080124.14;512125.3976N;090930.8438E;324.404766;-48.10;-0.90;-0.40;9.60
8348516;091216;080124.94;512125.3976N;090930.8438E;324.404766;-48.20;0.40;359.10;9.50
8348566;091216;080126.14;512125.3976N;090930.8438E;324.404766;-48.30;0.20;359.20;9.60
8348616;091216;080127.21;512125.3911N;090930.8527E;325.042800;-49.20;-0.40;0.80;9.50
8348666;091216;080128.14;512125.3911N;090930.8527E;325.042800;-47.60;-0.40;359.10;9.50
8348716;091216;080129.14;512125.3911N;090930.8527E;325.042800;-47.70;0.30;359.00;9.50
8348766;091216;080130.14;512125.3911N;090930.8527E;325.042800;-48.10;-0.50;-0.40;9.50
8348816;091216;080131.14;512125.3911N;090930.8527E;325.042800;-48.30;0.10;359.10;9.50
8348866;091216;080132.14;512125.3911N;090930.8527E;325.042800;-48.30;-0.10;359.30;9.60
8348916;091216;080133.14;512125.3911N;090930.8527E;325.042800;-49.00;-0.90;0.20;9.60
8348966;091216;080134.14;512125.3911N;090930.8527E;325.042800;-48.20;0.60;359.40;9.60
8349016;091216;080135.14;512125.3911N;090930.8527E;325.042800;-47.80;0.70;358.60;9.50
8349066;091216;080136.14;512125.3911N;090930.8527E;325.042800;-48.30;-0.40;-0.40;9.60
8349109;091216;080137.14;512125.3911N;090930.8527E;325.042800;-48.90;-0.70;0.10;9.60
8349159;091216;080138.14;512125.3911N;090930.8527E;325.042800;-47.70;0.30;358.90;9.60
8349209;091216;080139.14;512125.3911N;090930.8527E;325.042800;-47.10;0.50;358.60;9.60
8349259;091216;080140.14;512125.3829N;090930.8634E;325.155242;-48.50;-0.30;359.40;9.60
8349309;091216;080141.14;512125.3829N;090930.8634E;325.155242;-48.70;-0.90;0.10;9.60
8349359;091216;080142.14;512125.3829N;090930.8634E;325.155242;-48.20;0.10;359.10;9.60
8349409;091216;080143.14;512125.3829N;090930.8634E;325.155242;-47.30;0.70;358.90;9.60
8349459;091216;080144.14;512125.3829N;090930.8634E;325.155242;-47.80;0.50;359.10;9.60
8349509;091216;080145.14;512125.3829N;090930.8634E;325.155242;-48.90;-1.00;-0.20;9.60
8349559;091216;080146.14;512125.3829N;090930.8634E;325.155242;-48.60;-0.70;-0.40;9.60
8349609;091216;080147.14;512125.3829N;090930.8634E;325.155242;-47.80;0.50;358.90;9.50
8349659;091216;080148.14;512125.3829N;090930.8634E;325.155242;-48.20;-0.10;359.50;9.60
8349709;091216;080149.14;512125.3829N;090930.8634E;325.155242;-48.70;-0.90;0.00;9.60
8349759;091216;080150.14;512125.3829N;090930.8634E;325.155242;-48.50;-0.50;359.20;9.60
8349809;091216;080151.14;512125.3829N;090930.8634E;325.155242;-48.40;0.60;359.10;9.50
8349859;091216;080152.14;512125.3829N;090930.8634E;325.155242;-48.00;-0.40;359.40;9.50
8349908;091216;080153.14;512125.3829N;090930.8634E;325.155242;-48.50;-0.50;-0.20;9.50
8349953;091216;080154.14;512125.3829N;090930.8634E;325.155242;-48.60;-1.10;-0.30;9.50
8350003;091216;080155.14;512125.3829N;090930.8634E;325.155242;-48.00;0.00;359.20;9.50
8350053;091216;080156.14;512125.3829N;090930.8634E;325.155242;-48.40;0.00;-0.20;9.50
8350103;091216;080157.14;512125.3829N;090930.8634E;325.155242;-47.90;-1.10;-0.20;9.50
8350153;091216;080158.14;512125.3829N;090930.8634E;325.155242;-48.00;0.30;359.30;9.60
8350203;091216;080159.14;512125.3829N;090930.8634E;325.155242;-48.10;0.30;359.00;9.60
8350253;091216;080159.94;512125.3829N;090930.8634E;325.155242;-49.20;-1.00;0.30;9.60
8350303;091216;080201.14;512125.3829N;090930.8634E;325.155242;-48.50;-0.40;-0.30;9.60
8350353;091216;080201.94;512125.3829N;090930.8634E;325.155242;-45.80;1.60;355.70;9.60
8350403;091216;080203.14;512125.3829N;090930.8634E;325.155242;-48.40;-0.20;-0.20;9.50
8350444;091216;080204.14;512125.3829N;090930.8634E;325.155242;-48.80;-0.80;0.00;9.60
8350494;091216;080204.94;512125.3829N;090930.8634E;325.155242;-48.30;0.00;359.20;9.60
8350544;091216;080206.14;512125.3829N;090930.8634E;325.155242;-47.60;0.70;358.80;9.60
8350594;091216;080206.94;512125.3829N;090930.8634E;325.155242;-48.60;-0.80;-0.20;9.50
8350644;091216;080208.14;512125.3829N;090930.8634E;325.155242;-48.70;-1.50;0.20;9.50
8350694;091216;080208.94;512125.3829N;090930.8634E;325.155242;-48.30;0.20;359.10;9.60
8350744;091216;080210.14;512125.3829N;090930.8634E;325.155242;-47.90;0.40;359.10;9.50
8350794;091216;080210.94;512125.3829N;090930.8634E;325.155242;-48.70;-1.00;0.00;9.50
8350841;091216;080212.14;512125.3829N;090930.8634E;325.155242;-48.00;-0.40;-0.40;9.50
8350891;091216;080212.94;512125.3829N;090930.8634E;325.155242;-48.20;0.70;359.20;9.50
8350941;091216;080214.14;512125.3829N;090930.8634E;325.155242;-48.70;-0.80;0.00;9.50
8350991;091216;080214.94;512125.3829N;090930.8634E;325.155242;-48.20;-0.20;359.30;9.50
8351041;091216;080216.14;512125.3829N;090930.8634E;325.155242;-47.90;0.20;359.20;9.50
8351091;091216;080217.14;512125.3829N;090930.8634E;325.155242;-48.10;0.00;-0.40;9.50
8351141;091216;080217.94;512125.3829N;090930.8634E;325.155242;-48.70;-1.00;-0.10;9.50
8351191;091216;080219.14;512125.3829N;090930.8634E;325.155242;-48.10;0.10;359.10;9.50
8351241;091216;080219.94;512125.3829N;090930.8634E;325.155242;-48.20;0.30;359.40;9.60
8351291;091216;080221.14;512125.3829N;090930.8634E;325.155242;-48.70;-0.90;0.00;9.60
8351341;091216;080221.94;512125.3713N;090930.8738E;325.378482;-48.70;-0.70;-0.30;9.60
8351391;091216;080223.14;512125.3713N;090930.8738E;325.378482;-48.00;0.20;359.20;9.60
8351441;091216;080224.04;512125.3713N;090930.8738E;325.378482;-49.30;-5.50;0.10;9.50
8351491;091216;080225.14;512125.3713N;090930.8738E;325.378482;-48.60;-1.70;0.10;9.60
8351541;091216;080226.14;512125.3713N;090930.8738E;325.378482;-48.20;-0.70;-0.10;9.60
8351591;091216;080227.14;512125.3713N;090930.8738E;325.378482;-48.50;-0.90;-0.20;9.60
8351641;091216;080228.14;512125.3713N;090930.8738E;325.378482;-48.00;0.20;359.10;9.60
8351691;091216;080229.14;512125.3713N;090930.8738E;325.378482;-48.10;0.00;359.40;9.60
8351739;091216;080230.14;512125.3713N;090930.8738E;325.378482;-49.20;-0.90;0.30;9.60
8351789;091216;080231.14;512125.3713N;090930.8738E;325.378482;-48.30;-0.60;359.30;9.60
8351839;091216;080232.14;512125.3713N;090930.8738E;325.378482;-47.50;0.40;358.70;9.50
8351889;091216;080233.14;512125.3713N;090930.8738E;325.378482;-48.30;0.30;359.20;9.60
8351939;091216;080234.14;512125.3821N;090930.8650E;324.372763;-49.10;-1.00;0.20;9.60
8351989;091216;080235.14;512125.3821N;090930.8650E;324.372763;-48.20;0.10;359.20;9.50
8352039;091216;080236.14;512125.3821N;090930.8650E;324.372763;-47.90;-0.30;359.30;9.60
8352089;091216;080237.14;512125.3821N;090930.8650E;324.372763;-48.20;0.30;359.20;9.60
8352139;091216;080238.14;512125.3821N;090930.8650E;324.372763;-48.90;-1.20;0.00;9.60
8352189;091216;080239.14;512125.3821N;090930.8650E;324.372763;-48.30;-0.20;359.40;9.60
8352239;091216;080240.14;512125.3768N;090930.8709E;323.535272;-47.60;-0.10;359.30;9.60
8352289;091216;080241.14;512125.3768N;090930.8709E;323.535272;-48.40;0.30;359.30;9.60
8352339;091216;080242.14;512125.3768N;090930.8709E;323.535272;-48.60;-1.00;-0.10;9.60
8352389;091216;080243.14;512125.3768N;090930.8709E;323.535272;-48.00;0.50;359.00;9.60
8352439;091216;080244.14;512125.3768N;090930.8709E;323.535272;-48.40;-0.60;-0.20;9.50
8352489;091216;080245.14;512125.3768N;090930.8709E;323.535272;-48.70;-1.10;0.20;9.60
8352539;091216;080246.14;512125.3768N;090930.8709E;323.535272;-48.50;0.00;359.20;9.60
8352588;091216;080247.14;512125.3768N;090930.8709E;323.535272;-48.00;0.40;359.40;9.50
8352638;091216;080248.14;512125.3768N;090930.8709E;323.535272;-48.80;-0.90;0.00;9.50
8352688;091216;080249.14;512125.3768N;090930.8709E;323.535272;-47.80;0.10;359.20;9.60
8352738;091216;080250.14;512125.3768N;090930.8709E;323.535272;-48.00;0.60;359.20;9.60
8352788;091216;080251.14;512125.3768N;090930.8709E;323.535272;-48.20;0.10;-0.40;9.60
8352838;091216;080252.14;512125.3768N;090930.8709E;323.535272;-48.60;-1.10;0.00;9.60
8352888;091216;080253.14;512125.3768N;090930.8709E;323.535272;-48.20;0.80;359.30;9.60
8352938;091216;080254.14;512125.3768N;090930.8709E;323.535272;-46.80;1.60;358.20;9.60
8352982;091216;080255.14;512125.3768N;090930.8709E;323.535272;-47.70;0.50;-0.40;9.50
8353032;091216;080256.14;512125.3768N;090930.8709E;323.535272;-48.10;-0.20;359.20;9.60
8353082;091216;080257.04;512125.3768N;090930.8709E;323.535272;-48.90;-0.60;-0.10;9.60
8353132;091216;080258.14;512125.3768N;090930.8709E;323.535272;-48.30;0.20;359.10;9.60
8353182;091216;080259.04;512125.3768N;090930.8709E;323.535272;-48.60;-0.40;-0.40;9.50
8353232;091216;080300.14;512125.3768N;090930.8709E;323.535272;-49.10;-1.30;0.70;9.60
8353282;091216;080301.14;512125.3768N;090930.8709E;323.535272;-48.90;-0.60;0.00;9.60
8353332;091216;080302.04;512125.3768N;090930.8709E;323.535272;-47.70;0.50;358.70;9.60
8353382;091216;080303.14;512125.3768N;090930.8709E;323.535272;-48.20;-0.40;-0.30;9.60
8353433;091216;080304.04;512125.3819N;090930.8752E;322.693185;-48.60;-0.30;-0.30;9.60
8353483;091216;080305.14;512125.3819N;090930.8752E;322.693185;-48.10;0.30;359.00;9.60
8353533;091216;080306.04;512125.3819N;090930.8752E;322.693185;-48.20;0.20;359.10;9.60
8353583;091216;080307.14;512125.3819N;090930.8752E;322.693185;-48.60;-0.60;0.00;9.60
8353633;091216;080308.04;512125.3819N;090930.8752E;322.693185;-48.60;-0.40;-0.40;9.60
8353683;091216;080309.14;512125.3819N;090930.8752E;322.693185;-48.10;0.30;359.20;9.60
8353733;091216;080310.04;512125.3817N;090930.8846E;322.825156;-49.20;-0.70;-0.20;9.60
8353783;091216;080311.14;512125.3817N;090930.8846E;322.825156;-48.70;-1.00;0.00;9.60
8353833;091216;080312.04;512125.3817N;090930.8846E;322.825156;-48.30;0.70;359.10;9.60
8353883;091216;080313.14;512125.3817N;090930.8846E;322.825156;-48.20;0.40;-0.20;9.50
8353933;091216;080314.14;512125.3817N;090930.8846E;322.825156;-48.70;-0.80;0.00;9.60
8353983;091216;080315.04;512125.3817N;090930.8846E;322.825156;-48.30;0.20;359.30;9.60
8354033;091216;080316.14;512125.3651N;090930.8683E;321.979978;-47.90;0.50;359.30;9.60
8354083;091216;080317.04;512125.3651N;090930.8683E;321.979978;-48.90;-0.70;0.30;9.60
8354133;091216;080318.14;512125.3651N;090930.8683E;321.979978;-48.60;-0.90;-0.10;9.60
8354183;091216;080319.04;512125.3651N;090930.8683E;321.979978;-48.30;0.20;359.10;9.70
8354233;091216;080320.14;512125.3651N;090930.8683E;321.979978;-48.20;0.60;359.20;9.70
8354276;091216;080321.04;512125.3651N;090930.8683E;321.979978;-48.60;-1.90;359.20;9.70
8354326;091216;080322.14;512125.3638N;090930.8759E;321.714884;-47.70;-0.60;-0.40;9.70
8354372;091216;080323.14;512125.3638N;090930.8759E;321.714884;-47.80;0.00;359.20;9.60
8354422;091216;080324.14;512125.3638N;090930.8759E;321.714884;-48.20;-0.60;0.10;9.60
8354472;091216;080325.14;512125.3638N;090930.8759E;321.714884;-47.90;0.50;358.90;9.60
8354522;091216;080326.14;512125.3638N;090930.8759E;321.714884;-48.30;-0.40;-0.40;9.70
8354571;091216;080327.14;512125.3638N;090930.8759E;321.714884;-48.70;-0.80;0.10;9.70
8354621;091216;080328.14;512125.3615N;090930.8723E;321.855373;-48.00;0.70;358.90;9.60
8354671;091216;080329.14;512125.3615N;090930.8723E;321.855373;-47.70;0.50;359.30;9.60
8354721;091216;080330.14;512125.3615N;090930.8723E;321.855373;-48.80;-0.50;0.00;9.60
8354770;091216;080331.14;512125.3615N;090930.8723E;321.855373;-48.50;-0.30;-0.30;9.60
8354820;091216;080332.14;512125.3615N;090930.8723E;321.855373;-47.80;0.60;358.80;9.60
8354870;091216;080333.14;512125.3615N;090930.8723E;321.855373;-48.60;-0.50;0.00;9.60
8354920;091216;080334.14;512125.3615N;090930.8723E;321.855373;-49.00;-1.10;0.20;9.70
8354970;091216;080335.14;512125.3615N;090930.8723E;321.855373;-48.60;-0.70;-0.20;9.60
8355020;091216;080336.14;512125.3615N;090930.8723E;321.855373;-48.00;0.50;359.00;9.60
8355069;091216;080337.14;512125.3615N;090930.8723E;321.855373;-48.10;-0.70;0.30;9.60
8355119;091216;080338.14;512125.3615N;090930.8723E;321.855373;-48.80;-1.20;-0.10;9.60
8355169;091216;080339.14;512125.3615N;090930.8723E;321.855373;-48.10;0.30;359.10;9.60
8355219;091216;080340.14;512125.3615N;090930.8723E;321.855373;-48.00;0.50;359.10;9.60
8355269;091216;080341.14;512125.3615N;090930.8723E;321.855373;-48.60;-0.80;-0.20;9.60
8355319;091216;080342.14;512125.3615N;090930.8723E;321.855373;-48.20;-0.10;-0.40;9.70
8355369;091216;080343.14;512125.3615N;090930.8723E;321.855373;-48.20;0.40;359.20;9.60
8355419;091216;080344.14;512125.3615N;090930.8723E;321.855373;-47.80;0.30;359.40;9.60
8355469;091216;080345.14;512125.3615N;090930.8723E;321.855373;-48.80;-1.00;0.00;9.50
8355519;091216;080346.14;512125.3615N;090930.8723E;321.855373;-48.00;-0.90;-0.30;9.50
8355569;091216;080347.14;512125.3615N;090930.8723E;321.855373;-48.20;0.10;359.20;9.60
8355619;091216;080348.14;512125.3615N;090930.8723E;321.855373;-48.00;0.90;359.40;9.60
8355669;091216;080349.14;512125.3615N;090930.8723E;321.855373;-48.60;-0.70;-0.10;9.60
8355719;091216;080350.14;512125.3615N;090930.8723E;321.855373;-48.00;-0.50;358.90;9.50
8355769;091216;080351.14;512125.3615N;090930.8723E;321.855373;-47.50;0.30;359.30;9.60
8355819;091216;080352.14;512125.3615N;090930.8723E;321.855373;-47.80;0.00;359.00;9.60
8355869;091216;080353.14;512125.3615N;090930.8723E;321.855373;-48.00;0.40;359.30;9.70
8355919;091216;080354.04;512125.3615N;090930.8723E;321.855373;-48.80;-0.40;-0.20;9.60
8355969;091216;080355.14;512125.3615N;090930.8723E;321.855373;-49.00;-1.00;0.20;9.60
8356020;091216;080356.04;512125.3615N;090930.8723E;321.855373;-49.60;0.70;1.90;9.60
8356070;091216;080357.14;512125.3615N;090930.8723E;321.855373;-47.90;-0.30;359.30;9.60
8356120;091216;080358.14;512125.3615N;090930.8723E;321.855373;-48.60;-0.50;-0.40;9.60
8356170;091216;080359.04;512125.3615N;090930.8723E;321.855373;-48.40;-0.10;359.30;9.70
8356220;091216;080400.14;512125.3615N;090930.8723E;321.855373;-47.90;0.40;358.90;9.60
8356270;091216;080401.04;512125.3615N;090930.8723E;321.855373;-49.00;-1.10;0.30;9.60
8356318;091216;080402.14;512125.3615N;090930.8723E;321.855373;-48.60;-1.10;-0.10;9.60
8356368;091216;080403.04;512125.3615N;090930.8723E;321.855373;-48.10;0.10;359.20;9.70
8356418;091216;080404.14;512125.3615N;090930.8723E;321.855373;-48.10;0.50;359.00;9.70
8356468;091216;080405.04;512125.3615N;090930.8723E;321.855373;-49.20;-1.20;0.30;9.70
8356518;091216;080406.14;512125.3615N;090930.8723E;321.855373;-48.60;-1.10;0.10;9.60
8356568;091216;080407.04;512125.3615N;090930.8723E;321.855373;-48.60;-0.10;359.20;9.60
8356618;091216;080408.14;512125.3615N;090930.8723E;321.855373;-48.10;0.40;359.20;9.60
8356668;091216;080409.04;512125.3615N;090930.8723E;321.855373;-49.00;-1.00;0.00;9.70
8356718;091216;080410.14;512125.3615N;090930.8723E;321.855373;-48.00;-0.20;359.30;9.60
8356768;091216;080411.14;512125.3615N;090930.8723E;321.855373;-48.20;0.70;359.20;9.70
8356818;091216;080412.04;512125.3615N;090930.8723E;321.855373;-48.70;-1.00;0.00;9.70
8356868;091216;080413.14;512125.3615N;090930.8723E;321.855373;-48.20;-0.80;-0.30;9.70
8356918;091216;080414.04;512125.3615N;090930.8723E;321.855373;-48.50;-0.10;359.20;9.70
8356968;091216;080415.14;512125.3615N;090930.8723E;321.855373;-48.10;0.40;359.10;9.60
8357018;091216;080416.04;512125.3615N;090930.8723E;321.855373;-48.40;-0.10;-0.20;9.60
8357068;091216;080417.14;512125.3615N;090930.8723E;321.855373;-48.50;-1.10;-0.20;9.60
8357118;091216;080418.04;512125.3615N;090930.8723E;321.855373;-48.30;-0.40;359.50;9.60
8357168;091216;080419.14;512125.3615N;090930.8723E;321.855373;-47.80;0.10;359.40;9.60
8357218;091216;080420.14;512125.3615N;090930.8723E;321.855373;-47.40;-0.20;359.30;9.70
8357268;091216;080421.14;512125.3615N;090930.8723E;321.855373;-48.10;-0.20;-0.30;9.70
8357318;091216;080422.14;512125.3615N;090930.8723E;321.855373;-49.20;-1.00;0.20;9.60
8357368;091216;080423.14;512125.3615N;090930.8723E;321.855373;-48.20;0.10;359.10;9.60
8357418;091216;080424.14;512125.3615N;090930.8723E;321.855373;-48.20;0.30;359.00;9.60
8357468;091216;080425.14;512125.3615N;090930.8723E;321.855373;-48.70;-0.80;0.20;9.70
8357518;091216;080426.14;512125.3615N;090930.8723E;321.855373;-48.50;-0.60;0.10;9.60
8357568;091216;080427.14;512125.3615N;090930.8723E;321.855373;-48.00;0.50;358.70;9.70
8357618;091216;080428.14;512125.3615N;090930.8723E;321.855373;-48.30;-0.20;359.40;9.70
8357668;091216;080429.14;512125.3615N;090930.8723E;321.855373;-49.20;-0.90;0.10;9.60
8357718;091216;080430.14;512125.3615N;090930.8723E;321.855373;-47.60;0.50;358.90;9.70
8357768;091216;080431.14;512125.3615N;090930.8723E;321.855373;-47.80;0.50;359.10;9.70
8357817;091216;080432.14;512125.3615N;090930.8723E;321.855373;-48.50;-0.10;359.40;9.70
8357860;091216;080433.14;512125.3615N;090930.8723E;321.855373;-49.20;-0.90;0.30;9.70
8357910;091216;080434.14;512125.3615N;090930.8723E;321.855373;-47.40;0.10;359.30;9.70
8357960;091216;080435.14;512125.3615N;090930.8723E;321.855373;-47.90;0.80;359.00;9.70
8358010;091216;080436.14;512125.3615N;090930.8723E;321.855373;-48.80;-0.40;-0.30;9.70
8358060;091216;080437.14;512125.3615N;090930.8723E;321.855373;-49.10;-1.10;0.20;9.60
8358110;091216;080438.14;512125.3615N;090930.8723E;321.855373;-47.90;0.50;359.00;9.60
8358160;091216;080439.14;512125.3615N;090930.8723E;321.855373;-47.40;0.90;359.00;9.70
8358210;091216;080440.14;512125.3615N;090930.8723E;321.855373;-48.60;-0.60;-0.30;9.60
8358260;091216;080441.14;512125.3615N;090930.8723E;321.855373;-48.30;-1.00;-0.40;9.70
8358310;091216;080442.14;512125.3615N;090930.8723E;321.855373;-48.30;0.20;359.20;9.60
8358360;091216;080443.14;512125.3615N;090930.8723E;321.855373;-47.00;1.30;358.90;9.60
8358410;091216;080444.14;512125.3615N;090930.8723E;321.855373;-48.20;0.10;359.20;9.60
8358460;091216;080445.14;512125.3615N;090930.8723E;321.855373;-48.60;-1.30;-0.30;9.70
8358510;091216;080446.14;512125.3615N;090930.8723E;321.855373;-48.40;0.40;359.20;9.70
8358560;091216;080447.14;512125.3615N;090930.8723E;321.855373;-48.30;-1.10;-0.30;9.70
8358610;091216;080448.14;512125.3615N;090930.8723E;321.855373;-47.20;0.20;358.70;9.70
8358660;091216;080449.14;512125.3615N;090930.8723E;321.855373;-48.10;-0.60;0.00;9.60
8358710;091216;080450.14;512125.3615N;090930.8723E;321.855373;-48.70;-0.90;0.10;9.60
8358760;091216;080451.04;512125.3615N;090930.8723E;321.855373;-48.80;0.10;359.10;9.60
8358810;091216;080452.14;512125.3615N;090930.8723E;321.855373;-48.20;0.30;359.10;9.60
8358860;091216;080453.04;512125.3615N;090930.8723E;321.855373;-48.80;-1.70;359.30;9.60
8358910;091216;080454.14;512125.3615N;090930.8723E;321.855373;-48.30;-0.60;-0.30;9.60
8358960;091216;080455.14;512125.3615N;090930.8723E;321.855373;-48.00;0.30;359.00;9.60
8359010;091216;080456.04;512125.3615N;090930.8723E;321.855373;-48.50;-0.50;-0.20;9.60
8359060;091216;080457.14;512125.3615N;090930.8723E;321.855373;-48.90;-1.00;0.10;9.70
8359104;091216;080458.04;512125.3615N;090930.8723E;321.855373;-48.10;0.00;359.40;9.70
8359154;091216;080459.14;512125.3615N;090930.8723E;321.855373;-48.00;0.40;359.30;9.60
8359204;091216;080500.04;512125.3615N;090930.8723E;321.855373;-48.10;0.50;359.10;9.70
8359254;091216;080501.14;512125.3615N;090930.8723E;321.855373;-48.80;-0.60;-0.10;9.70
8359304;091216;080502.04;512125.3615N;090930.8723E;321.855373;-48.40;-0.30;-0.30;9.60
8359354;091216;080503.14;512125.3615N;090930.8723E;321.855373;-48.50;-0.50;-0.30;9.70
8359404;091216;080504.04;512125.3615N;090930.8723E;321.855373;-48.10;0.30;359.10;9.80
8359454;091216;080505.14;512125.3615N;090930.8723E;321.855373;-49.00;-0.70;0.00;9.70
8359504;091216;080506.04;512125.3615N;090930.8723E;321.855373;-48.90;-0.40;359.30;9.70
8359554;091216;080507.14;512125.3615N;090930.8723E;321.855373;-47.40;0.80;359.00;9.60
8359604;091216;080508.14;512125.3615N;090930.8723E;321.855373;-48.30;0.10;-0.40;9.60
8359654;091216;080509.04;512125.3615N;090930.8723E;321.855373;-49.20;-0.90;0.10;9.60
8359704;091216;080510.14;512125.3615N;090930.8723E;321.855373;-47.80;-0.10;359.20;9.70
8359754;091216;080511.04;512125.3615N;090930.8723E;321.855373;-47.80;0.50;359.00;9.70
8359804;091216;080512.14;512125.3615N;090930.8723E;321.855373;-48.00;0.40;359.20;9.70
8359854;091216;080513.04;512125.3615N;090930.8723E;321.855373;-49.00;-0.80;0.00;9.70
8359904;091216;080514.14;512125.3615N;090930.8723E;321.855373;-48.00;-0.50;359.30;9.70
8359954;091216;080515.04;512125.3615N;090930.8723E;321.855373;-48.60;1.20;0.20;9.60
8360004;091216;080516.14;512125.3615N;090930.8723E;321.855373;-48.20;-0.50;-0.20;9.70
8360054;091216;080517.14;512125.3615N;090930.8723E;321.855373;-47.40;-0.40;358.70;9.70
8360104;091216;080518.14;512125.3615N;090930.8723E;321.855373;-48.30;-0.60;359.40;9.70
8360154;091216;080519.14;512125.3615N;090930.8723E;321.855373;-48.60;-0.80;-0.10;9.70
8360204;091216;080520.14;512125.3615N;090930.8723E;321.855373;-48.20;0.60;359.00;9.70
8360254;091216;080521.14;512125.3615N;090930.8723E;321.855373;-48.80;-0.20;-0.30;9.80
8360304;091216;080522.14;512125.3615N;090930.8723E;321.855373;-48.70;-0.20;0.00;9.70
8360354;091216;080523.14;512125.3615N;090930.8723E;321.855373;-47.90;0.30;359.00;9.70
8360404;091216;080524.14;512125.3615N;090930.8723E;321.855373;-48.10;0.50;359.00;9.70
8360454;091216;080525.14;512125.3615N;090930.8723E;321.855373;-48.60;-0.90;0.20;9.70
8360504;091216;080526.14;512125.3615N;090930.8723E;321.855373;-48.40;-0.40;-0.40;9.70
8360554;091216;080527.14;512125.3615N;090930.8723E;321.855373;-47.60;0.20;358.90;9.70
8360604;091216;080528.14;512125.3615N;090930.8723E;321.855373;-48.10;0.40;359.00;9.70
8360654;091216;080529.14;512125.3615N;090930.8723E;321.855373;-48.50;-0.80;-0.20;9.70
8360704;091216;080530.14;512125.3615N;090930.8723E;321.855373;-49.00;-0.70;-0.10;9.80
8360754;091216;080531.14;512125.3615N;090930.8723E;321.855373;-47.10;1.10;358.40;9.70
8360804;091216;080532.14;512125.3615N;090930.8723E;321.855373;-48.00;0.70;359.10;9.70
8360854;091216;080533.14;512125.3615N;090930.8723E;321.855373;-48.70;-0.70;0.00;9.80
8360904;091216;080534.14;512125.3615N;090930.8723E;321.855373;-48.70;-0.40;-0.30;9.70
8360954;091216;080535.14;512125.3615N;090930.8723E;321.855373;-48.00;0.40;359.20;9.70
8361004;091216;080536.14;512125.3615N;090930.8723E;321.855373;-47.70;0.40;359.20;9.80
8361054;091216;080537.14;512125.3615N;090930.8723E;321.855373;-48.70;-0.90;0.00;9.70
8361104;091216;080538.14;512125.3615N;090930.8723E;321.855373;-48.50;-0.90;-0.20;9.70
8361154;091216;080539.14;512125.3615N;090930.8723E;321.855373;-48.00;0.10;359.20;9.70
8361201;091216;080540.14;512125.3615N;090930.8723E;321.855373;-47.30;0.50;358.80;9.70
8361251;091216;080541.14;512125.3615N;090930.8723E;321.855373;-48.00;0.40;359.10;9.70
8361301;091216;080542.14;512125.3615N;090930.8723E;321.855373;-48.40;-0.50;-0.20;9.70
8361351;091216;080543.14;512125.3615N;090930.8723E;321.855373;-48.40;-0.70;-0.30;9.70
8361401;091216;080544.14;512125.3615N;090930.8723E;321.855373;-47.60;0.30;359.10;9.70
8361451;091216;080545.14;512125.3615N;090930.8723E;321.855373;-47.40;0.00;359.40;9.70
8361501;091216;080546.14;512125.3615N;090930.8723E;321.855373;-46.90;0.90;358.50;9.70
8361550;091216;080547.14;512125.3615N;090930.8723E;321.855373;-48.20;0.60;359.10;9.70
8361600;091216;080548.04;512125.3615N;090930.8723E;321.855373;-49.00;-0.70;-0.10;9.70
8361650;091216;080549.14;512125.3615N;090930.8723E;321.855373;-48.40;-0.60;0.00;9.70
8361700;091216;080550.04;512125.3615N;090930.8723E;321.855373;-49.20;0.40;0.50;9.70
8361750;091216;080551.14;512125.3615N;090930.8723E;321.855373;-48.10;-0.10;-0.30;9.70
8361800;091216;080552.14;512125.3615N;090930.8723E;321.855373;-48.40;-0.10;359.30;9.70
8361850;091216;080553.04;512125.3615N;090930.8723E;321.855373;-49.30;-0.90;0.20;9.70
8361900;091216;080554.14;512125.3615N;090930.8723E;321.855373;-48.60;-0.10;-0.40;9.70
8361948;091216;080555.04;512125.3615N;090930.8723E;321.855373;-48.10;0.40;359.00;9.70
8361998;091216;080556.14;512125.3615N;090930.8723E;321.855373;-47.80;0.30;358.90;9.70
8362048;091216;080557.04;512125.3615N;090930.8723E;321.855373;-49.00;-1.00;0.20;9.70
8362098;091216;080558.14;512125.3615N;090930.8723E;321.855373;-48.10;0.00;359.40;9.70
8362148;091216;080559.04;512125.3615N;090930.8723E;321.855373;-48.30;0.30;359.10;9.70
8362198;091216;080600.14;512125.3615N;090930.8723E;321.855373;-48.20;0.00;359.30;9.70
8362248;091216;080601.04;512125.3615N;090930.8723E;321.855373;-49.20;-1.10;0.20;9.70
8362298;091216;080602.14;512125.3615N;090930.8723E;321.855373;-48.40;-0.20;359.30;9.70
8362348;091216;080603.04;512125.3615N;090930.8723E;321.855373;-48.40;0.40;359.30;9.80
8362398;091216;080604.14;512125.3615N;090930.8723E;321.855373;-48.70;-0.90;0.10;9.70
8362448;091216;080605.14;512125.3615N;090930.8723E;321.855373;-49.00;-1.00;0.00;9.70
8362498;091216;080606.04;512125.3615N;090930.8723E;321.855373;-48.10;0.30;359.10;9.70
8362548;091216;080607.14;512125.3615N;090930.8723E;321.855373;-48.00;0.70;359.30;9.70
8362598;091216;080608.04;512125.3615N;090930.8723E;321.855373;-48.70;-0.50;-0.30;9.70
8362648;091216;080609.14;512125.3615N;090930.8723E;321.855373;-48.40;-0.70;0.00;9.70
8362698;091216;080610.04;512125.3615N;090930.8723E;321.855373;-48.80;-1.00;-0.40;9.70
8362744;091216;080611.24;512125.3615N;090930.8723E;321.855373;-48.20;0.00;359.20;9.70
8362794;091216;080612.04;512125.3615N;090930.8723E;321.855373;-47.70;2.00;358.90;9.70
8362844;091216;080613.24;512125.3615N;090930.8723E;321.855373;-47.90;0.00;359.20;9.70
8362894;091216;080614.24;512125.3615N;090930.8723E;321.855373;-48.10;-0.60;-0.20;9.70
8362944;091216;080615.24;512125.3615N;090930.8723E;321.855373;-48.70;-1.00;0.10;9.70
8362994;091216;080616.24;512125.3615N;090930.8723E;321.855373;-49.10;-0.80;0.10;9.70
8363044;091216;080617.24;512125.3615N;090930.8723E;321.855373;-47.60;0.50;358.90;9.70
8363094;091216;080618.24;512125.3615N;090930.8723E;321.855373;-49.10;-0.30;-0.20;9.70
8363144;091216;080619.24;512125.3615N;090930.8723E;321.855373;-48.60;-1.10;-0.30;9.70
8363194;091216;080620.24;512125.3615N;090930.8723E;321.855373;-48.20;-0.60;-0.20;9.70
8363244;091216;080621.24;512125.3615N;090930.8723E;321.855373;-47.90;0.30;359.00;9.70
8363294;091216;080622.24;512125.3615N;090930.8723E;321.855373;-48.20;0.10;359.00;9.80
8363344;091216;080623.24;512125.3615N;090930.8723E;321.855373;-48.90;-0.90;0.20;9.70
8363394;091216;080624.24;512125.3615N;090930.8723E;321.855373;-48.10;-0.70;-0.30;9.70
8363444;091216;080625.24;512125.3615N;090930.8723E;321.855373;-48.50;-0.10;359.40;9.70
8363494;091216;080626.24;512125.3615N;090930.8723E;321.855373;-48.20;0.50;359.00;9.70
8363541;091216;080627.24;512125.3615N;090930.8723E;321.855373;-48.60;-0.50;-0.10;9.80
8363591;091216;080628.24;512125.3615N;090930.8723E;321.855373;-48.50;-1.30;0.10;9.80
8363641;091216;080629.24;512125.3615N;090930.8723E;321.855373;-48.50;-0.50;-0.40;9.80
8363691;091216;080630.24;512125.3615N;090930.8723E;321.855373;-48.00;0.70;359.10;9.70
8363741;091216;080631.24;512125.3615N;090930.8723E;321.855373;-48.80;-0.30;-0.40;9.60
8363791;091216;080632.24;512125.3615N;090930.8723E;321.855373;-48.20;-0.50;-0.30;9.70
8363841;091216;080633.24;512125.3615N;090930.8723E;321.855373;-47.70;0.10;359.20;9.70
8363891;091216;080634.24;512125.3615N;090930.8723E;321.855373;-48.10;0.80;359.00;9.70
8363941;091216;080635.24;512125.3615N;090930.8723E;321.855373;-48.60;-0.20;-0.40;9.70
8363991;091216;080636.24;512125.3615N;090930.8723E;321.855373;-48.70;-1.10;-0.10;9.70
8364041;091216;080637.24;512125.3615N;090930.8723E;321.855373;-47.90;0.10;359.20;9.70
8364091;091216;080638.24;512125.3615N;090930.8723E;321.855373;-48.40;0.70;359.10;9.60
8364141;091216;080639.24;512125.3615N;090930.8723E;321.855373;-48.20;0.40;359.40;9.70
8364191;091216;080640.24;512125.3615N;090930.8723E;321.855373;-48.60;-0.70;-0.10;9.60
8364241;091216;080641.24;512125.3615N;090930.8723E;321.855373;-48.40;-1.10;-0.30;9.70
8364291;091216;080642.24;512125.3615N;090930.8723E;321.855373;-47.30;1.20;358.60;9.60
8364341;091216;080643.24;512125.3615N;090930.8723E;321.855373;-48.20;-0.50;-0.40;9.70
8364391;091216;080644.24;512125.3615N;090930.8723E;321.855373;-48.30;-0.10;-0.40;9.70
8364441;091216;080645.04;512125.3615N;090930.8723E;321.855373;-48.50;0.30;359.10;9.70
8364491;091216;080646.24;512125.3615N;090930.8723E;321.855373;-48.70;-0.10;-0.40;9.70
8364542;091216;080647.04;512125.3615N;090930.8723E;321.855373;-49.30;-0.50;0.70;9.70
8364592;091216;080648.24;512125.3615N;090930.8723E;321.855373;-47.80;-0.50;359.30;9.70
8364642;091216;080649.24;512125.3615N;090930.8723E;321.855373;-48.50;0.00;359.40;9.70
8364692;091216;080650.04;512125.3615N;090930.8723E;321.855373;-48.10;0.20;359.20;9.70
8364742;091216;080651.24;512125.3615N;090930.8723E;321.855373;-48.80;-1.00;0.20;9.70
8364792;091216;080652.04;512125.3615N;090930.8723E;321.855373;-48.60;-0.20;-0.10;9.70
8364842;091216;080653.24;512125.3615N;090930.8723E;321.855373;-48.10;0.30;359.10;9.70
8364892;091216;080654.25;512125.3615N;090930.8723E;321.855373;-48.20;0.20;359.20;9.70
8364942;091216;080655.24;512125.3615N;090930.8723E;321.855373;-48.70;-0.90;-0.10;9.80
8364992;091216;080656.04;512125.3615N;090930.8723E;321.855373;-48.40;-0.10;359.40;9.80
8365042;091216;080657.24;512125.3615N;090930.8723E;321.855373;-47.90;-0.10;-0.40;9.70
8365092;091216;080658.04;512125.3615N;090930.8723E;321.855373;-48.40;0.60;359.10;9.70
8365142;091216;080659.24;512125.3615N;090930.8723E;321.855373;-48.50;-0.30;-0.20;9.70
8365192;091216;080700.04;512125.3615N;090930.8723E;321.855373;-48.60;-0.90;-0.20;9.70
8365242;091216;080701.24;512125.3615N;090930.8723E;321.855373;-47.50;0.10;358.90;9.70
8365292;091216;080702.23;512125.3615N;090930.8723E;321.855373;-48.20;0.40;359.20;9.70
8365342;091216;080703.03;512125.3615N;090930.8723E;321.855373;-48.80;-1.20;0.10;9.70
8365392;091216;080704.23;512125.3615N;090930.8723E;321.855373;-48.50;-1.20;-0.20;9.70
8365442;091216;080705.24;512125.3615N;090930.8723E;321.855373;-48.20;0.10;359.30;9.70
8365492;091216;080706.24;512125.3615N;090930.8723E;321.855373;-48.00;0.00;359.10;9.70
8365542;091216;080707.04;512125.3615N;090930.8723E;321.855373;-48.40;0.20;359.30;9.70
8365592;091216;080708.24;512125.3615N;090930.8723E;321.855373;-48.60;-1.20;0.00;9.70
8365642;091216;080709.04;512125.3615N;090930.8723E;321.855373;-48.80;0.50;0.60;9.70
8365688;091216;080710.24;512125.3615N;090930.8723E;321.855373;-47.80;0.30;359.40;9.70
8365738;091216;080711.24;512125.3615N;090930.8723E;321.855373;-47.00;1.50;359.10;9.70
8365788;091216;080712.24;512125.3615N;090930.8723E;321.855373;-48.00;0.30;359.10;9.70
8365838;091216;080713.24;512125.3615N;090930.8723E;321.855373;-48.00;0.30;358.80;9.70
8365888;091216;080714.24;512125.3615N;090930.8723E;321.855373;-48.80;-1.10;0.30;9.80
8365938;091216;080715.24;512125.3577N;090930.8601E;321.909306;-48.80;-0.40;-0.30;9.70
8365987;091216;080716.24;512125.3577N;090930.8601E;321.909306;-47.70;0.90;358.70;9.70
8366037;091216;080717.24;512125.3577N;090930.8601E;321.909306;-47.60;0.40;358.70;9.70
8366087;091216;080718.24;512125.3577N;090930.8601E;321.909306;-48.70;-0.80;-0.10;9.60
8366137;091216;080719.23;512125.3577N;090930.8601E;321.909306;-48.50;-0.70;-0.10;9.70
8366187;091216;080720.23;512125.3577N;090930.8601E;321.909306;-48.00;0.20;359.00;9.60
8366237;091216;080721.23;512125.3577N;090930.8601E;321.909306;-47.90;0.00;359.30;9.70
8366287;091216;080722.23;512125.3577N;090930.8601E;321.909306;-48.10;0.10;359.10;9.70
8366337;091216;080723.23;512125.3577N;090930.8601E;321.909306;-48.90;-0.90;-0.10;9.70
8366387;091216;080724.23;512125.3577N;090930.8601E;321.909306;-48.60;-0.60;-0.10;9.70
8366437;091216;080725.23;512125.3577N;090930.8601E;321.909306;-47.40;0.70;358.80;9.70
8366487;091216;080726.23;512125.3577N;090930.8601E;321.909306;-48.10;0.60;359.20;9.70
8366537;091216;080727.23;512125.3577N;090930.8601E;321.909306;-48.40;-0.70;-0.10;9.70
8366587;091216;080728.23;512125.3577N;090930.8601E;321.909306;-48.70;-0.90;-0.10;9.70
8366637;091216;080729.23;512125.3577N;090930.8601E;321.909306;-48.10;0.40;359.00;9.80
8366687;091216;080730.24;512125.3577N;090930.8601E;321.909306;-47.40;0.40;359.00;9.80
8366737;091216;080731.24;512125.3577N;090930.8601E;321.909306;-48.90;-0.70;0.00;9.80
8366787;091216;080732.24;512125.3577N;090930.8601E;321.909306;-48.50;-0.60;359.40;9.70
8366837;091216;080733.24;512125.3574N;090930.8633E;322.603659;-48.00;0.50;359.10;9.70
8366887;091216;080734.24;512125.3574N;090930.8633E;322.603659;-47.70;-0.50;359.20;9.70
8366937;091216;080735.24;512125.3574N;090930.8633E;322.603659;-48.60;-0.70;0.00;9.70
8366987;091216;080736.24;512125.3574N;090930.8633E;322.603659;-48.40;-1.00;-0.30;9.70
8367037;091216;080737.23;512125.3574N;090930.8633E;322.603659;-47.80;0.30;359.10;9.70
8367087;091216;080738.23;512125.3574N;090930.8633E;322.603659;-47.90;-0.30;359.30;9.60
8367137;091216;080739.23;512125.3574N;090930.8633E;322.603659;-48.30;-0.60;0.30;9.60
8367187;091216;080740.23;512125.3574N;090930.8633E;322.603659;-47.70;0.10;359.20;9.70
8367237;091216;080741.23;512125.3574N;090930.8633E;322.603659;-48.30;-0.50;359.20;9.70
8367287;091216;080742.03;512125.3574N;090930.8633E;322.603659;-49.50;-1.00;0.10;9.70
8367337;091216;080743.23;512125.3574N;090930.8633E;322.603659;-48.30;0.00;359.40;9.70
8367387;091216;080744.03;512125.3574N;090930.8633E;322.603659;-48.30;0.50;359.30;9.60
8367437;091216;080745.23;512125.3574N;090930.8633E;322.603659;-47.80;0.20;359.40;9.70
8367487;091216;080746.23;512125.3574N;090930.8633E;322.603659;-48.40;-0.30;-0.30;9.70
8367537;091216;080747.03;512125.3574N;090930.8633E;322.603659;-48.90;-0.60;0.10;9.60
8367587;091216;080748.23;512125.3574N;090930.8633E;322.603659;-48.20;-0.10;359.40;9.60
8367637;091216;080749.03;512125.3574N;090930.8633E;322.603659;-48.10;0.50;359.00;9.60
8367687;091216;080750.23;512125.3574N;090930.8633E;322.603659;-48.10;0.50;359.00;9.70
8367737;091216;080751.03;512125.3574N;090930.8633E;322.603659;-49.00;-0.90;0.10;9.70
8367787;091216;080752.23;512125.3574N;090930.8633E;322.603659;-48.80;-0.80;0.00;9.70
8367837;091216;080753.04;512125.3574N;090930.8633E;322.603659;-48.40;0.50;359.00;9.70
8367888;091216;080754.23;512125.3574N;090930.8633E;322.603659;-47.90;0.30;359.20;9.70
8367938;091216;080755.03;512125.3574N;090930.8633E;322.603659;-48.60;-0.90;-0.10;9.70
8367987;091216;080756.23;512125.3574N;090930.8633E;322.603659;-48.80;-0.90;-0.10;9.60
8368038;091216;080757.03;512125.3574N;090930.8633E;322.603659;-48.10;0.60;359.00;9.70
8368088;091216;080758.23;512125.3574N;090930.8633E;322.603659;-47.90;0.10;359.40;9.60
8368138;091216;080759.23;512125.3574N;090930.8633E;322.603659;-48.90;-0.40;-0.20;9.60
8368188;091216;080800.03;512125.3574N;090930.8633E;322.603659;-49.00;-0.70;-0.10;9.70
8368238;091216;080801.23;512125.3574N;090930.8633E;322.603659;-47.90;0.00;359.20;9.60
8368288;091216;080802.03;512125.3574N;090930.8633E;322.603659;-48.40;0.50;359.30;9.70
8368335;091216;080803.23;512125.3574N;090930.8633E;322.603659;-48.20;0.10;-0.40;9.70
8368383;091216;080804.03;512125.3574N;090930.8633E;322.603659;-49.10;-1.00;0.10;9.70
8368433;091216;080805.23;512125.3574N;090930.8633E;322.603659;-48.70;-0.90;-0.20;9.80
8368483;091216;080806.03;512125.3574N;090930.8633E;322.603659;-48.30;-1.90;358.40;9.70
8368533;091216;080807.23;512125.3574N;090930.8633E;322.603659;-47.80;0.20;359.50;9.70
8368583;091216;080808.23;512125.3574N;090930.8633E;322.603659;-47.70;0.10;-0.40;9.70
8368633;091216;080809.23;512125.3574N;090930.8633E;322.603659;-47.80;0.50;359.20;9.70
8368683;091216;080810.23;512125.3574N;090930.8633E;322.603659;-49.20;-0.90;0.50;9.70
8368733;091216;080811.23;512125.3574N;090930.8633E;322.603659;-48.60;-0.20;-0.30;9.70
8368783;091216;080812.23;512125.3574N;090930.8633E;322.603659;-47.90;0.40;358.90;9.80
8368833;091216;080813.23;512125.3574N;090930.8633E;322.603659;-48.40;0.10;-0.40;9.80
8368883;091216;080814.23;512125.3574N;090930.8633E;322.603659;-48.30;-1.10;-0.40;9.80
8368933;091216;080815.23;512125.3574N;090930.8633E;322.603659;-48.70;-0.40;-0.40;9.80
8368983;091216;080816.23;512125.3574N;090930.8633E;322.603659;-47.80;0.50;358.90;9.70
8369033;091216;080817.23;512125.3574N;090930.8633E;322.603659;-48.00;0.20;359.10;9.80
8369083;091216;080818.23;512125.3574N;090930.8633E;322.603659;-48.50;-0.70;0.40;9.70
8369133;091216;080819.23;512125.3574N;090930.8633E;322.603659;-49.20;-1.00;0.10;9.70
8369183;091216;080820.23;512125.3574N;090930.8633E;322.603659;-48.50;-0.50;-0.40;9.70
8369233;091216;080821.24;512125.3574N;090930.8633E;322.603659;-47.90;0.50;358.80;9.70
8369283;091216;080822.23;512125.3574N;090930.8633E;322.603659;-48.70;-1.40;0.40;9.70
8369332;091216;080823.23;512125.3574N;090930.8633E;322.603659;-48.80;-0.90;-0.10;9.70
8369382;091216;080824.23;512125.3574N;090930.8633E;322.603659;-48.20;-0.50;359.40;9.70
8369432;091216;080825.23;512125.3574N;090930.8633E;322.603659;-48.20;0.40;359.10;9.70
8369482;091216;080826.23;512125.3574N;090930.8633E;322.603659;-48.20;-0.30;-0.40;9.70
8369532;091216;080827.23;512125.3574N;090930.8633E;322.603659;-48.30;-1.70;0.10;9.70
8369582;091216;080828.23;512125.3574N;090930.8633E;322.603659;-48.60;-0.40;-0.40;9.70
8369632;091216;080829.23;512125.3574N;090930.8633E;322.603659;-47.70;0.70;359.20;9.70
8369682;091216;080830.23;512125.3574N;090930.8633E;322.603659;-47.70;0.10;359.30;9.70
8369732;091216;080831.23;512125.3574N;090930.8633E;322.603659;-47.90;0.70;-0.20;9.70
8369782;091216;080832.23;512125.3574N;090930.8633E;322.603659;-48.40;-0.60;-0.20;9.70
8369832;091216;080833.23;512125.3574N;090930.8633E;322.603659;-48.70;-0.90;359.40;9.70
8369882;091216;080834.23;512125.3574N;090930.8633E;322.603659;-47.90;0.50;359.10;9.80
8369932;091216;080835.23;512125.3574N;090930.8633E;322.603659;-47.80;0.00;359.30;9.80
8369982;091216;080836.23;512125.3574N;090930.8633E;322.603659;-48.30;-0.50;-0.10;9.80
8370032;091216;080837.23;512125.3574N;090930.8633E;322.603659;-47.30;0.00;358.90;9.80
8370082;091216;080838.23;512125.3574N;090930.8633E;322.603659;-48.30;-0.50;359.40;9.70
8370132;091216;080839.03;512125.3574N;090930.8633E;322.603659;-49.10;-0.50;0.00;9.70
8370182;091216;080840.23;512125.3574N;090930.8633E;322.603659;-47.90;0.30;358.90;9.80
8370232;091216;080841.03;512125.3574N;090930.8633E;322.603659;-49.40;-0.60;0.70;9.70
8370282;091216;080842.23;512125.3574N;090930.8633E;322.603659;-48.70;-1.10;0.10;9.70
8370332;091216;080843.23;512125.3574N;090930.8633E;322.603659;-48.50;-0.60;-0.20;9.70
8370382;091216;080844.03;512125.3574N;090930.8633E;322.603659;-48.00;0.40;358.80;9.70
8370431;091216;080845.23;512125.3574N;090930.8633E;322.603659;-48.20;-0.50;-0.40;9.70
8370481;091216;080846.03;512125.3574N;090930.8633E;322.603659;-48.80;-1.00;-0.10;9.70
8370531;091216;080847.23;512125.3574N;090930.8633E;322.603659;-48.90;-0.90;0.50;9.70
8370581;091216;080848.27;512125.3574N;090930.8633E;322.603659;-48.20;0.50;359.20;9.70
8370631;091216;080849.23;512125.3574N;090930.8633E;322.603659;-48.10;0.50;359.10;9.70
8370680;091216;080850.28;512125.3574N;090930.8633E;322.603659;-49.00;-0.80;0.00;9.70
8370727;091216;080851.23;512125.3574N;090930.8633E;322.603659;-48.20;-0.20;359.40;9.70
8370777;091216;080852.27;512125.3574N;090930.8633E;322.603659;-48.40;0.40;359.10;9.70
8370827;091216;080853.23;512125.3574N;090930.8633E;322.603659;-48.80;-0.70;-0.20;9.70
8370877;091216;080854.03;512125.3574N;090930.8633E;322.603659;-48.70;-0.50;-0.40;9.70
8370927;091216;080855.23;512125.3574N;090930.8633E;322.603659;-47.70;0.20;359.00;9.70
8370977;091216;080856.23;512125.3574N;090930.8633E;322.603659;-48.30;0.60;359.30;9.70
8371027;091216;080857.03;512125.3574N;090930.8633E;322.603659;-48.80;-1.10;-0.10;9.70
8371077;091216;080858.23;512125.3574N;090930.8633E;322.603659;-48.30;-1.00;-0.20;9.70
8371127;091216;080859.03;512125.3574N;090930.8633E;322.603659;-48.20;0.50;359.20;9.80
8371177;091216;080900.23;512125.3574N;090930.8633E;322.603659;-48.10;0.50;359.10;9.80
8371227;091216;080901.27;512125.3574N;090930.8633E;322.603659;-48.80;-0.50;0.00;9.80
8371277;091216;080902.23;512125.3574N;090930.8633E;322.603659;-48.40;-1.10;-0.10;9.70
8371327;091216;080903.28;512125.3574N;090930.8633E;322.603659;-48.40;1.20;-0.40;9.80
8371377;091216;080904.23;512125.3574N;090930.8633E;322.603659;-47.80;0.20;-0.30;9.80
8371427;091216;080905.23;512125.3574N;090930.8633E;322.603659;-47.20;1.10;358.70;9.80
8371477;091216;080906.23;512125.3574N;090930.8633E;322.603659;-47.80;0.10;359.10;9.90
8371527;091216;080907.23;512125.3574N;090930.8633E;322.603659;-48.70;-0.50;-0.20;9.80
8371577;091216;080908.23;512125.3574N;090930.8633E;322.603659;-48.80;-0.50;0.00;9.80
8371627;091216;080909.23;512125.3574N;090930.8633E;322.603659;-48.20;0.50;358.90;9.80
8371677;091216;080910.23;512125.3574N;090930.8633E;322.603659;-48.30;-0.30;-0.40;9.80
8371727;091216;080911.23;512125.3574N;090930.8633E;322.603659;-48.40;-0.60;-0.30;9.80
8371777;091216;080912.23;512125.3574N;090930.8633E;322.603659;-48.40;-0.20;359.40;9.80
8371827;091216;080913.23;512125.3574N;090930.8633E;322.603659;-48.10;0.40;358.80;9.80
8371877;091216;080914.23;512125.3574N;090930.8633E;322.603659;-48.70;-0.30;-0.30;9.80
8371927;091216;080915.23;512125.3574N;090930.8633E;322.603659;-47.90;-0.50;359.40;9.80
8371977;091216;080916.23;512125.3574N;090930.8633E;322.603659;-48.90;-1.20;0.10;9.70
8372027;091216;080917.23;512125.3574N;090930.8633E;322.603659;-48.00;0.40;359.00;9.80
8372077;091216;080918.23;512125.3574N;090930.8633E;322.603659;-47.90;0.50;358.90;9.80
8372126;091216;080919.24;512125.3574N;090930.8633E;322.603659;-48.90;-0.90;0.80;9.80
8372176;091216;080920.23;512125.3574N;090930.8633E;322.603659;-48.80;-1.10;0.10;9.80
8372226;091216;080921.23;512125.3574N;090930.8633E;322.603659;-48.00;0.20;359.20;9.80
8372276;091216;080922.23;512125.3574N;090930.8633E;322.603659;-48.00;0.30;359.20;9.80
8372326;091216;080923.23;512125.3574N;090930.8633E;322.603659;-48.80;-1.00;0.10;9.80
8372376;091216;080924.23;512125.3574N;090930.8633E;322.603659;-48.70;-1.10;0.00;9.80
8372426;091216;080925.23;512125.3574N;090930.8633E;322.603659;-47.90;0.60;359.10;9.80
8372476;091216;080926.23;512125.3574N;090930.8633E;322.603659;-48.50;0.10;-0.40;9.80
8372526;091216;080927.23;512125.3574N;090930.8633E;322.603659;-48.90;-1.10;0.00;9.80
8372576;091216;080928.23;512125.3574N;090930.8633E;322.603659;-47.50;-0.10;358.90;9.80
8372626;091216;080929.23;512125.3574N;090930.8633E;322.603659;-48.40;0.50;359.10;9.80
8372676;091216;080930.23;512125.3574N;090930.8633E;322.603659;-48.60;-1.10;-0.10;9.80
8372726;091216;080931.23;512125.3574N;090930.8633E;322.603659;-48.60;-0.40;359.40;9.80
8372776;091216;080932.23;512125.3574N;090930.8633E;322.603659;-48.10;0.70;359.30;9.80
8372826;091216;080933.23;512125.3574N;090930.8633E;322.603659;-46.70;1.40;358.90;9.80
8372876;091216;080934.23;512125.3574N;090930.8633E;322.603659;-47.80;0.50;359.00;9.80
8372926;091216;080935.23;512125.3574N;090930.8633E;322.603659;-48.40;-0.20;359.30;9.80
8372976;091216;080936.03;512125.3574N;090930.8633E;322.603659;-48.80;-0.50;-0.30;9.80
8373023;091216;080937.23;512125.3574N;090930.8633E;322.603659;-47.80;0.50;358.80;9.80
8373067;091216;080938.03;512125.3574N;090930.8633E;322.603659;-49.00;-0.80;-0.40;9.80
8373117;091216;080939.23;512125.3574N;090930.8633E;322.603659;-48.40;-0.50;0.40;9.80
8373167;091216;080940.23;512125.3574N;090930.8633E;322.603659;-48.20;0.30;359.10;9.80
8373217;091216;080941.03;512125.3574N;090930.8633E;322.603659;-48.90;-0.30;-0.40;9.80
8373267;091216;080942.23;512125.3574N;090930.8633E;322.603659;-48.90;-1.00;0.20;9.80
8373317;091216;080943.03;512125.3574N;090930.8633E;322.603659;-48.30;0.40;359.10;9.80
8373367;091216;080944.23;512125.3574N;090930.8633E;322.603659;-47.70;0.70;359.00;9.90
8373417;091216;080945.03;512125.3574N;090930.8633E;322.603659;-49.20;-0.60;0.00;9.80
8373467;091216;080946.23;512125.3574N;090930.8633E;322.603659;-48.50;-0.80;-0.10;9.70
8373517;091216;080947.03;512125.3574N;090930.8633E;322.603659;-47.90;0.60;358.90;9.70
8373567;091216;080948.23;512125.3574N;090930.8633E;322.603659;-48.00;0.50;359.20;9.70
8373617;091216;080949.28;512125.3574N;090930.8633E;322.603659;-49.10;-1.20;0.20;9.70
8373667;091216;080950.23;512125.3574N;090930.8633E;322.603659;-48.30;-0.10;359.10;9.80
8373717;091216;080951.03;512125.3574N;090930.8633E;322.603659;-48.10;0.40;359.10;9.80
8373767;091216;080952.23;512125.3574N;090930.8633E;322.603659;-48.00;-0.60;-0.10;9.80
8373817;091216;080953.23;512125.3574N;090930.8633E;322.603659;-49.00;-1.00;-0.10;9.80
8373867;091216;080954.27;512125.3574N;090930.8633E;322.603659;-48.10;0.50;358.90;9.80
8373917;091216;080955.23;512125.3574N;090930.8633E;322.603659;-48.00;0.40;359.40;9.70
8373967;091216;080956.27;512125.3574N;090930.8633E;322.603659;-48.70;-0.60;-0.10;9.70
8374017;091216;080957.23;512125.3574N;090930.8633E;322.603659;-48.80;-1.20;0.20;9.80
8374067;091216;080958.03;512125.3574N;090930.8633E;322.603659;-48.10;0.20;359.20;9.80
8374117;091216;080959.23;512125.3574N;090930.8633E;322.603659;-48.10;0.50;359.30;9.70
