8284586;091216;074001.06;512125.3674N;090930.8148E;325.788042;-47.30;0.50;358.90;9.40
8284636;091216;074002.06;512125.3674N;090930.8148E;325.788042;-48.10;0.40;359.10;9.30
8284686;091216;074003.06;512125.3674N;090930.8148E;325.788042;-48.30;0.30;359.50;9.30
8284736;091216;074004.06;512125.3563N;090930.8218E;326.400176;-48.80;-1.10;0.10;9.30
8284786;091216;074005.06;512125.3563N;090930.8218E;326.400176;-48.30;-0.20;-0.30;9.40
8284836;091216;074006.06;512125.3563N;090930.8218E;326.400176;-47.50;0.50;359.10;9.30
8284886;091216;074007.06;512125.3563N;090930.8218E;326.400176;-47.90;0.50;-0.40;9.30
8284936;091216;074008.06;512125.3563N;090930.8218E;326.400176;-48.20;0.10;359.20;9.40
8284986;091216;074009.04;512125.3563N;090930.8218E;326.400176;-48.80;-0.20;359.40;9.30
8285036;091216;074010.06;512125.3494N;090930.8310E;326.549556;-48.90;-0.90;0.20;9.30
8285086;091216;074011.02;512125.3494N;090930.8310E;326.549556;-49.20;-0.50;0.00;9.30
8285136;091216;074012.06;512125.3494N;090930.8310E;326.549556;-47.10;0.90;358.80;9.30
8285186;091216;074013.06;512125.3494N;090930.8310E;326.549556;-48.00;0.20;359.00;9.30
8285236;091216;074014.03;512125.3494N;090930.8310E;326.549556;-49.60;-1.10;0.40;9.30
8285286;091216;074015.06;512125.3494N;090930.8310E;326.549556;-48.50;-0.30;359.40;9.30
8285336;091216;074016.03;512125.3494N;090930.8310E;326.549556;-48.00;0.60;358.70;9.30
8285386;091216;074017.06;512125.3494N;090930.8310E;326.549556;-47.90;0.30;359.00;9.40
8285436;091216;074017.86;512125.3494N;090930.8310E;326.549556;-49.00;-0.80;0.00;9.30
8285486;091216;074019.06;512125.3494N;090930.8310E;326.549556;-48.90;-1.00;0.00;9.40
8285536;091216;074020.03;512125.3494N;090930.8310E;326.549556;-48.20;0.10;359.20;9.40
8285586;091216;074021.06;512125.3494N;090930.8310E;326.549556;-47.90;-0.30;-0.40;9.30
8285636;091216;074022.05;512125.3494N;090930.8310E;326.549556;-48.50;0.40;359.20;9.30
8285679;091216;074023.06;512125.3494N;090930.8310E;326.549556;-48.50;-0.70;-0.10;9.30
8285729;091216;074024.03;512125.3494N;090930.8310E;326.549556;-48.60;-0.50;359.30;9.30
8285779;091216;074025.06;512125.3494N;090930.8310E;326.549556;-47.90;0.10;359.00;9.30
8285829;091216;074026.06;512125.3494N;090930.8310E;326.549556;-48.10;0.40;359.20;9.30
8285879;091216;074027.05;512125.3494N;090930.8310E;326.549556;-48.80;-0.80;-0.10;9.20
8285929;091216;074028.06;512125.3494N;090930.8310E;326.549556;-48.60;-1.20;-0.30;9.30
8285979;091216;074029.04;512125.3494N;090930.8310E;326.549556;-47.80;0.00;358.80;9.30
8286029;091216;074030.06;512125.3494N;090930.8310E;326.549556;-47.90;0.00;359.00;9.30
8286079;091216;074031.02;512125.3494N;090930.8310E;326.549556;-48.80;0.10;359.40;9.30
8286129;091216;074032.06;512125.3494N;090930.8310E;326.549556;-48.70;-1.00;0.10;9.30
8286179;091216;074033.03;512125.3494N;090930.8310E;326.549556;-48.60;-2.00;359.00;9.40
8286229;091216;074034.06;512125.3494N;090930.8310E;326.549556;-47.60;0.00;359.10;9.30
8286279;091216;074035.06;512125.3494N;090930.8310E;326.549556;-48.10;0.10;-0.10;9.30
8286329;091216;074036.06;512125.3494N;090930.8310E;326.549556;-47.50;0.60;358.70;9.30
8286379;091216;074037.06;512125.3494N;090930.8310E;326.549556;-48.30;0.00;359.20;9.30
8286429;091216;074038.06;512125.3494N;090930.8310E;326.549556;-48.60;-0.90;0.10;9.30
8286479;091216;074039.06;512125.3494N;090930.8310E;326.549556;-48.10;0.10;358.90;9.30
8286529;091216;074040.06;512125.3494N;090930.8310E;326.549556;-47.50;-0.10;358.70;9.40
8286579;091216;074041.06;512125.3494N;090930.8310E;326.549556;-48.10;-0.50;359.30;9.30
8286629;091216;074042.06;512125.3494N;090930.8310E;326.549556;-49.00;-1.00;0.00;9.30
8286679;091216;074043.06;512125.3494N;090930.8310E;326.549556;-47.70;0.50;359.00;9.30
8286729;091216;074044.06;512125.3494N;090930.8310E;326.549556;-48.70;-0.20;-0.40;9.30
8286779;091216;074045.06;512125.3494N;090930.8310E;326.549556;-48.40;-0.50;0.20;9.40
8286829;091216;074046.06;512125.3494N;090930.8310E;326.549556;-49.10;-0.90;0.10;9.30
8286879;091216;074047.06;512125.3494N;090930.8310E;326.549556;-48.10;0.20;359.20;9.30
8286928;091216;074048.06;512125.3494N;090930.8310E;326.549556;-48.20;0.10;359.10;9.40
8286978;091216;074049.06;512125.3494N;090930.8310E;326.549556;-48.20;-0.50;0.00;9.30
8287028;091216;074050.06;512125.3494N;090930.8310E;326.549556;-48.90;-1.20;0.10;9.30
8287074;091216;074051.06;512125.3494N;090930.8310E;326.549556;-48.10;0.40;359.20;9.30
8287124;091216;074052.06;512125.3494N;090930.8310E;326.549556;-48.00;0.50;359.20;9.40
8287174;091216;074053.06;512125.3494N;090930.8310E;326.549556;-48.50;-0.90;0.00;9.30
8287224;091216;074054.06;512125.3494N;090930.8310E;326.549556;-48.50;-1.10;0.20;9.30
8287274;091216;074055.06;512125.3494N;090930.8310E;326.549556;-48.50;-0.50;-0.40;9.30
8287324;091216;074056.06;512125.3494N;090930.8310E;326.549556;-48.10;0.70;359.10;9.30
8287374;091216;074057.06;512125.3494N;090930.8310E;326.549556;-48.40;-0.30;-0.40;9.30
8287424;091216;074058.06;512125.3494N;090930.8310E;326.549556;-48.20;-0.70;0.00;9.30
8287474;091216;074059.06;512125.3494N;090930.8310E;326.549556;-48.80;-0.90;-0.10;9.30
8287524;091216;074100.06;512125.3494N;090930.8310E;326.549556;-48.20;0.40;359.20;9.30
8287574;091216;074101.06;512125.3494N;090930.8310E;326.549556;-47.90;0.30;359.00;9.30
8287624;091216;074102.06;512125.3494N;090930.8310E;326.549556;-48.50;-0.60;-0.20;9.40
8287674;091216;074103.06;512125.3494N;090930.8310E;326.549556;-48.10;-0.80;-0.20;9.30
8287724;091216;074104.06;512125.3494N;090930.8310E;326.549556;-48.30;-0.70;-0.20;9.40
8287774;091216;074105.06;512125.3494N;090930.8310E;326.549556;-48.90;-0.90;0.10;9.40
8287824;091216;074106.05;512125.3494N;090930.8310E;326.549556;-48.40;-0.10;359.20;9.40
8287874;091216;074107.06;512125.3494N;090930.8310E;326.549556;-47.70;0.50;358.90;9.40
8287924;091216;074108.05;512125.3494N;090930.8310E;326.549556;-49.80;-0.50;0.90;9.30
8287974;091216;074109.06;512125.3494N;090930.8310E;326.549556;-48.60;-1.20;0.10;9.30
8288024;091216;074110.06;512125.3494N;090930.8310E;326.549556;-48.20;-0.50;-0.30;9.30
8288074;091216;074111.03;512125.3494N;090930.8310E;326.549556;-48.30;0.30;358.60;9.30
8288124;091216;074112.06;512125.3494N;090930.8310E;326.549556;-48.60;-0.40;-0.30;9.40
8288174;091216;074113.06;512125.3494N;090930.8310E;326.549556;-49.00;-0.80;0.50;9.40
8288224;091216;074114.06;512125.3494N;090930.8310E;326.549556;-48.60;-1.10;0.00;9.30
8288274;091216;074115.03;512125.3494N;090930.8310E;326.549556;-48.20;0.20;359.40;9.30
8288324;091216;074116.06;512125.3494N;090930.8310E;326.549556;-48.00;0.50;358.90;9.40
8288374;091216;074117.04;512125.3494N;090930.8310E;326.549556;-48.60;-0.50;-0.30;9.40
8288424;091216;074118.06;512125.3494N;090930.8310E;326.549556;-48.20;-0.70;0.00;9.30
8288474;091216;074119.04;512125.3494N;090930.8310E;326.549556;-48.80;-0.40;359.30;9.40
8288524;091216;074120.06;512125.3494N;090930.8310E;326.549556;-47.90;0.50;359.10;9.40
8288574;091216;074121.06;512125.3494N;090930.8310E;326.549556;-49.00;-0.80;0.10;9.30
8288624;091216;074122.06;512125.3494N;090930.8310E;326.549556;-48.50;-1.40;0.10;9.40
8288674;091216;074123.06;512125.3494N;090930.8310E;326.549556;-48.20;-0.50;359.40;9.40
8288724;091216;074124.05;512125.3494N;090930.8310E;326.549556;-48.10;0.60;359.00;9.40
8288774;091216;074125.06;512125.3494N;090930.8310E;326.549556;-48.30;-0.50;-0.20;9.30
8288818;091216;074126.04;512125.3494N;090930.8310E;326.549556;-48.80;-0.90;-0.10;9.40
8288868;091216;074127.06;512125.3494N;090930.8310E;326.549556;-48.60;-0.70;-0.20;9.40
8288918;091216;074128.04;512125.3494N;090930.8310E;326.549556;-48.30;0.40;359.10;9.40
8288968;091216;074129.06;512125.3494N;090930.8310E;326.549556;-48.20;-0.20;-0.40;9.40
8289018;091216;074130.05;512125.3494N;090930.8310E;326.549556;-49.40;-0.10;1.20;9.40
8289068;091216;074131.06;512125.3494N;090930.8310E;326.549556;-47.50;0.00;359.10;9.40
8289111;091216;074132.06;512125.3494N;090930.8310E;326.549556;-48.40;-1.50;0.40;9.30
8289161;091216;074133.06;512125.3494N;090930.8310E;326.549556;-48.50;-0.90;-0.40;9.40
8289211;091216;074134.06;512125.3494N;090930.8310E;326.549556;-48.00;0.30;359.10;9.40
8289261;091216;074135.06;512125.3494N;090930.8310E;326.549556;-48.30;-0.20;359.20;9.40
8289311;091216;074136.06;512125.3494N;090930.8310E;326.549556;-49.20;-1.00;0.20;9.40
8289361;091216;074137.06;512125.3494N;090930.8310E;326.549556;-48.20;0.20;359.30;9.40
8289411;091216;074138.06;512125.3494N;090930.8310E;326.549556;-47.60;0.70;358.60;9.40
8289461;091216;074139.06;512125.3494N;090930.8310E;326.549556;-48.10;0.10;359.10;9.50
8289511;091216;074140.06;512125.3494N;090930.8310E;326.549556;-48.80;-0.90;0.20;9.40
8289561;091216;074141.06;512125.3494N;090930.8310E;326.549556;-48.30;0.00;359.20;9.40
8289611;091216;074142.06;512125.3494N;090930.8310E;326.549556;-47.60;0.00;359.20;9.40
8289651;091216;074143.06;512125.3494N;090930.8310E;326.549556;-47.80;0.50;359.10;9.50
8289701;091216;074144.06;512125.3494N;090930.8310E;326.549556;-48.40;-0.60;-0.20;9.40
8289751;091216;074145.06;512125.3494N;090930.8310E;326.549556;-49.10;-1.00;0.30;9.40
8289801;091216;074146.06;512125.3494N;090930.8310E;326.549556;-48.40;-0.10;-0.10;9.40
8289851;091216;074147.06;512125.3494N;090930.8310E;326.549556;-48.00;0.50;359.10;9.50
8289894;091216;074148.06;512125.3494N;090930.8310E;326.549556;-48.00;0.10;359.40;9.40
8289944;091216;074149.06;512125.3494N;090930.8310E;326.549556;-49.10;-1.20;0.10;9.40
8289994;091216;074150.06;512125.3494N;090930.8310E;326.549556;-48.30;0.00;359.40;9.40
8290044;091216;074151.06;512125.3494N;090930.8310E;326.549556;-47.90;0.60;359.10;9.40
8290094;091216;074152.06;512125.3494N;090930.8310E;326.549556;-48.00;0.30;359.20;9.40
8290144;091216;074153.06;512125.3494N;090930.8310E;326.549556;-48.20;-0.30;-0.20;9.40
8290194;091216;074154.06;512125.3494N;090930.8310E;326.549556;-48.20;0.10;359.20;9.40
8290244;091216;074155.06;512125.3494N;090930.8310E;326.549556;-47.20;0.30;359.20;9.50
8290294;091216;074156.06;512125.3494N;090930.8310E;326.549556;-48.20;-0.10;359.40;9.40
8290344;091216;074157.06;512125.3494N;090930.8310E;326.549556;-48.50;-1.20;-0.10;9.40
8290394;091216;074158.06;512125.3494N;090930.8310E;326.549556;-48.20;0.60;359.00;9.40
8290444;091216;074159.06;512125.3494N;090930.8310E;326.549556;-47.80;0.20;358.80;9.40
8290494;091216;074200.06;512125.3494N;090930.8310E;326.549556;-48.10;-1.20;0.50;9.40
8290544;091216;074201.06;512125.3494N;090930.8310E;326.549556;-47.60;0.30;358.80;9.40
8290594;091216;074202.06;512125.3494N;090930.8310E;326.549556;-48.00;0.10;359.00;9.40
8290644;091216;074203.07;512125.3494N;090930.8310E;326.549556;-49.30;-1.00;0.30;9.50
8290694;091216;074204.06;512125.3494N;090930.8310E;326.549556;-48.00;-0.10;359.10;9.40
8290744;091216;074205.04;512125.3494N;090930.8310E;326.549556;-48.80;0.10;0.00;9.40
8290794;091216;074206.06;512125.3494N;090930.8310E;326.549556;-48.40;-0.70;359.40;9.40
8290844;091216;074207.06;512125.3494N;090930.8310E;326.549556;-48.70;-0.90;0.10;9.50
8290894;091216;074207.86;512125.3494N;090930.8310E;326.549556;-48.30;0.10;359.10;9.40
8290944;091216;074209.06;512125.3494N;090930.8310E;326.549556;-47.80;0.50;358.90;9.40
8290995;091216;074209.86;512125.3494N;090930.8310E;326.549556;-49.10;-0.90;0.20;9.40
8291045;091216;074211.06;512125.3494N;090930.8310E;326.549556;-48.60;-1.10;0.30;9.40
8291095;091216;074212.05;512125.3494N;090930.8310E;326.549556;-48.30;-0.10;359.30;9.40
8291145;091216;074213.06;512125.3494N;090930.8310E;326.549556;-47.80;0.50;359.00;9.40
8291195;091216;074214.04;512125.3494N;090930.8310E;326.549556;-48.70;-0.90;0.10;9.40
8291245;091216;074215.06;512125.3494N;090930.8310E;326.549556;-48.30;-1.00;0.00;9.30
8291295;091216;074216.05;512125.3494N;090930.8310E;326.549556;-48.70;-0.50;-0.40;9.40
8291345;091216;074217.06;512125.3494N;090930.8310E;326.549556;-48.20;0.50;359.20;9.40
8291395;091216;074217.86;512125.3494N;090930.8310E;326.549556;-48.70;-0.50;-0.20;9.40
8291445;091216;074219.06;512125.3494N;090930.8310E;326.549556;-48.50;-1.10;0.10;9.40
8291495;091216;074220.06;512125.3494N;090930.8310E;326.549556;-48.30;-0.50;359.30;9.50
8291545;091216;074221.05;512125.3494N;090930.8310E;326.549556;-48.40;0.40;359.20;9.50
8291592;091216;074222.06;512125.3494N;090930.8310E;326.549556;-48.10;0.30;359.40;9.50
8291642;091216;074223.04;512125.3494N;090930.8310E;326.549556;-49.00;-1.20;0.20;9.50
8291689;091216;074224.06;512125.3494N;090930.8310E;326.549556;-48.50;-0.90;-0.30;9.40
8291739;091216;074225.06;512125.3494N;090930.8310E;326.549556;-47.90;0.40;359.20;9.40
8291789;091216;074226.06;512125.3494N;090930.8310E;326.549556;-48.20;0.50;359.30;9.30
8291839;091216;074227.04;512125.3494N;090930.8310E;326.549556;-48.60;1.50;0.50;9.40
8291889;091216;074228.06;512125.3494N;090930.8310E;326.549556;-47.70;-0.70;359.20;9.40
8291939;091216;074229.06;512125.3494N;090930.8310E;326.549556;-48.00;-1.10;-0.30;9.50
8291989;091216;074230.06;512125.3494N;090930.8310E;326.549556;-48.50;-1.10;-0.20;9.40
8292039;091216;074231.06;512125.3494N;090930.8310E;326.549556;-48.20;0.10;359.00;9.50
8292089;091216;074232.06;512125.3494N;090930.8310E;326.549556;-48.10;0.30;358.80;9.40
8292139;091216;074233.06;512125.3494N;090930.8310E;326.549556;-48.90;-0.80;-0.10;9.40
8292189;091216;074234.06;512125.3494N;090930.8310E;326.549556;-48.40;-0.30;359.40;9.40
8292239;091216;074235.06;512125.3494N;090930.8310E;326.549556;-48.00;0.00;-0.10;9.40
8292289;091216;074236.06;512125.3494N;090930.8310E;326.549556;-48.20;0.50;359.00;9.40
8292339;091216;074237.06;512125.3494N;090930.8310E;326.549556;-48.70;-0.80;0.20;9.50
8292389;091216;074238.06;512125.3494N;090930.8310E;326.549556;-48.70;-0.60;-0.10;9.40
8292439;091216;074239.06;512125.3494N;090930.8310E;326.549556;-47.00;0.30;358.40;9.40
8292489;091216;074240.06;512125.3494N;090930.8310E;326.549556;-48.00;0.50;359.00;9.40
8292539;091216;074241.06;512125.3494N;090930.8310E;326.549556;-48.80;-0.50;-0.30;9.40
8292589;091216;074242.06;512125.3494N;090930.8310E;326.549556;-49.00;-1.10;0.30;9.30
8292639;091216;074243.06;512125.3494N;090930.8310E;326.549556;-47.80;0.00;359.40;9.30
8292689;091216;074244.06;512125.3494N;090930.8310E;326.549556;-48.20;0.10;359.20;9.40
8292739;091216;074245.06;512125.3494N;090930.8310E;326.549556;-48.10;0.40;359.20;9.40
8292789;091216;074246.06;512125.3494N;090930.8310E;326.549556;-48.90;-1.10;0.20;9.40
8292839;091216;074247.06;512125.3494N;090930.8310E;326.549556;-48.10;0.10;359.10;9.40
8292889;091216;074248.06;512125.3494N;090930.8310E;326.549556;-47.50;0.30;359.20;9.40
8292939;091216;074249.06;512125.3494N;090930.8310E;326.549556;-48.00;0.30;359.20;9.40
8292989;091216;074250.06;512125.3494N;090930.8310E;326.549556;-48.00;-0.20;-0.30;9.40
8293039;091216;074251.06;512125.3494N;090930.8310E;326.549556;-48.90;-1.20;0.10;9.30
8293089;091216;074252.06;512125.3494N;090930.8310E;326.549556;-47.90;-1.10;359.20;9.30
8293139;091216;074253.06;512125.3494N;090930.8310E;326.549556;-48.30;0.10;359.30;9.40
8293188;091216;074254.06;512125.3494N;090930.8310E;326.549556;-47.80;0.60;359.30;9.40
8293238;091216;074255.06;512125.3494N;090930.8310E;326.549556;-48.70;-0.70;-0.10;9.40
8293288;091216;074256.06;512125.3494N;090930.8310E;326.549556;-48.20;-1.30;359.30;9.30
8293338;091216;074257.06;512125.3494N;090930.8310E;326.549556;-47.70;0.20;359.10;9.30
8293388;091216;074258.06;512125.3494N;090930.8310E;326.549556;-47.40;-0.20;358.70;9.30
8293438;091216;074259.06;512125.3494N;090930.8310E;326.549556;-48.70;-0.50;0.00;9.30
8293488;091216;074300.06;512125.3494N;090930.8310E;326.549556;-48.20;0.40;358.80;9.30
8293538;091216;074301.06;512125.3494N;090930.8310E;326.549556;-48.40;-0.40;-0.40;9.30
8293588;091216;074302.05;512125.3494N;090930.8310E;326.549556;-49.70;-0.40;1.30;9.30
8293638;091216;074303.06;512125.3494N;090930.8310E;326.549556;-47.70;-0.30;359.10;9.30
8293688;091216;074304.06;512125.3494N;090930.8310E;326.549556;-48.20;0.20;359.30;9.40
8293730;091216;074305.05;512125.3494N;090930.8310E;326.549556;-48.50;0.20;359.20;9.40
8293780;091216;074306.06;512125.3494N;090930.8310E;326.549556;-48.50;-0.80;0.00;9.40
8293830;091216;074306.86;512125.3494N;090930.8310E;326.549556;-49.00;-0.90;0.00;9.40
8293880;091216;074308.06;512125.3494N;090930.8310E;326.549556;-48.70;-0.90;0.10;9.40
8293930;091216;074309.05;512125.3494N;090930.8310E;326.549556;-48.20;0.40;359.10;9.40
8293980;091216;074310.06;512125.3494N;090930.8310E;326.549556;-48.00;0.50;358.90;9.40
8294030;091216;074311.05;512125.3494N;090930.8310E;326.549556;-48.70;-0.50;-0.30;9.40
8294080;091216;074312.06;512125.3494N;090930.8310E;326.549556;-48.50;-0.60;-0.30;9.40
8294130;091216;074313.05;512125.3494N;090930.8310E;326.549556;-48.90;-0.60;-0.30;9.40
8294180;091216;074314.06;512125.3494N;090930.8310E;326.549556;-48.00;0.10;359.00;9.40
8294230;091216;074315.07;512125.3494N;090930.8310E;326.549556;-48.60;0.20;359.30;9.40
8294280;091216;074316.06;512125.3494N;090930.8310E;326.549556;-48.30;-1.10;-0.20;9.40
8294330;091216;074317.06;512125.3494N;090930.8310E;326.549556;-48.60;-1.10;0.00;9.50
8294380;091216;074318.07;512125.3494N;090930.8310E;326.549556;-48.50;0.00;359.30;9.50
8294430;091216;074319.06;512125.3494N;090930.8310E;326.549556;-48.00;0.50;359.20;9.40
8294480;091216;074320.05;512125.3494N;090930.8310E;326.549556;-48.50;0.20;-0.10;9.40
8294530;091216;074321.06;512125.3494N;090930.8310E;326.549556;-47.90;0.50;359.50;9.40
8294580;091216;074322.05;512125.3494N;090930.8310E;326.549556;-48.80;-0.80;-0.10;9.40
8294630;091216;074323.06;512125.3494N;090930.8310E;326.549556;-48.80;-1.20;-0.10;9.40
8294680;091216;074323.86;512125.3494N;090930.8310E;326.549556;-48.40;-0.30;359.10;9.40
8294730;091216;074325.06;512125.3494N;090930.8310E;326.549556;-47.40;0.40;359.20;9.40
8294780;091216;074326.06;512125.3494N;090930.8310E;326.549556;-47.00;0.80;358.60;9.40
8294830;091216;074327.06;512125.3494N;090930.8310E;326.549556;-47.50;0.60;359.20;9.40
8294880;091216;074328.06;512125.3345N;090930.8499E;327.735695;-49.10;-0.50;-0.20;9.40
8294930;091216;074329.06;512125.3345N;090930.8499E;327.735695;-48.70;-0.80;0.00;9.40
8294980;091216;074330.06;512125.3345N;090930.8499E;327.735695;-48.50;0.00;359.10;9.40
8295030;091216;074331.06;512125.3345N;090930.8499E;327.735695;-47.70;0.70;359.10;9.30
8295080;091216;074332.06;512125.3345N;090930.8499E;327.735695;-48.20;0.20;-0.30;9.30
8295130;091216;074333.06;512125.3345N;090930.8499E;327.735695;-49.10;-1.10;0.20;9.40
8295180;091216;074334.06;512125.3345N;090930.8499E;327.735695;-48.60;-0.40;-0.30;9.40
8295230;091216;074335.06;512125.3345N;090930.8499E;327.735695;-47.80;0.40;358.80;9.40
8295280;091216;074336.06;512125.3345N;090930.8499E;327.735695;-47.50;0.20;358.40;9.40
8295330;091216;074337.06;512125.3345N;090930.8499E;327.735695;-48.30;0.10;359.30;9.40
8295380;091216;074338.06;512125.3345N;090930.8499E;327.735695;-49.00;-0.80;0.00;9.30
8295430;091216;074339.06;512125.3345N;090930.8499E;327.735695;-48.40;-0.50;-0.30;9.30
8295480;091216;074340.06;512125.3345N;090930.8499E;327.735695;-47.30;0.30;358.80;9.30
8295530;091216;074341.06;512125.3345N;090930.8499E;327.735695;-48.00;0.70;359.00;9.30
8295580;091216;074342.06;512125.3345N;090930.8499E;327.735695;-48.30;0.10;359.40;9.30
8295630;091216;074343.06;512125.3345N;090930.8499E;327.735695;-48.90;-1.20;0.20;9.40
8295680;091216;074344.06;512125.3345N;090930.8499E;327.735695;-48.30;-0.80;-0.30;9.30
8295730;091216;074345.06;512125.3345N;090930.8499E;327.735695;-47.80;0.40;359.20;9.40
8295780;091216;074346.06;512125.3345N;090930.8499E;327.735695;-48.30;0.50;359.10;9.30
8295830;091216;074347.06;512125.3345N;090930.8499E;327.735695;-48.10;0.40;-0.30;9.40
8295880;091216;074348.06;512125.3345N;090930.8499E;327.735695;-48.70;-1.00;0.00;9.40
8295930;091216;074349.06;512125.3345N;090930.8499E;327.735695;-48.30;-0.60;-0.10;9.30
8295980;091216;074350.06;512125.3345N;090930.8499E;327.735695;-48.60;-0.50;359.30;9.30
8296030;091216;074351.06;512125.3345N;090930.8499E;327.735695;-48.20;0.60;359.30;9.30
8296080;091216;074352.06;512125.3345N;090930.8499E;327.735695;-48.10;-0.10;359.30;9.30
8296130;091216;074353.06;512125.3345N;090930.8499E;327.735695;-48.30;-1.20;359.20;9.30
8296180;091216;074354.06;512125.3345N;090930.8499E;327.735695;-48.20;-1.60;0.40;9.30
8296230;091216;074355.06;512125.3345N;090930.8499E;327.735695;-47.90;-0.80;359.40;9.30
8296280;091216;074356.06;512125.3345N;090930.8499E;327.735695;-48.90;-0.70;0.10;9.30
8296330;091216;074357.06;512125.3345N;090930.8499E;327.735695;-48.30;0.40;359.00;9.30
8296380;091216;074358.06;512125.3345N;090930.8499E;327.735695;-48.00;0.30;359.00;9.30
8296430;091216;074359.05;512125.3345N;090930.8499E;327.735695;-50.40;-0.80;2.10;9.30
8296480;091216;074400.06;512125.3345N;090930.8499E;327.735695;-48.10;-0.10;359.40;9.30
8296530;091216;074401.06;512125.3345N;090930.8499E;327.735695;-48.10;-0.10;-0.40;9.30
8296580;091216;074401.86;512125.3345N;090930.8499E;327.735695;-48.20;0.30;359.00;9.30
8296630;091216;074403.06;512125.3345N;090930.8499E;327.735695;-49.20;-1.20;0.80;9.30
8296680;091216;074403.86;512125.3345N;090930.8499E;327.735695;-48.50;-0.40;-0.40;9.40
8296725;091216;074405.06;512125.3345N;090930.8499E;327.735695;-48.30;-0.50;-0.10;9.30
8296775;091216;074405.86;512125.3345N;090930.8499E;327.735695;-48.20;0.60;358.80;9.40
8296825;091216;074407.06;512125.3345N;090930.8499E;327.735695;-48.00;0.50;359.00;9.30
8296876;091216;074407.86;512125.3345N;090930.8499E;327.735695;-48.80;-1.00;0.00;9.30
8296926;091216;074409.06;512125.3345N;090930.8499E;327.735695;-48.50;-0.90;0.10;9.30
8296976;091216;074410.08;512125.3345N;090930.8499E;327.735695;-48.40;0.00;359.20;9.30
8297026;091216;074411.06;512125.3345N;090930.8499E;327.735695;-47.60;0.60;358.90;9.30
8297076;091216;074412.08;512125.3345N;090930.8499E;327.735695;-48.50;0.00;-0.40;9.30
8297126;091216;074413.06;512125.3345N;090930.8499E;327.735695;-48.70;-1.30;0.20;9.30
8297176;091216;074414.06;512125.3345N;090930.8499E;327.735695;-48.40;-0.90;-0.40;9.20
8297226;091216;074415.06;512125.3345N;090930.8499E;327.735695;-48.50;0.30;358.90;9.30
8297276;091216;074416.06;512125.3345N;090930.8499E;327.735695;-48.40;0.00;359.40;9.30
8297326;091216;074417.08;512125.3345N;090930.8499E;327.735695;-48.50;-0.50;-0.10;9.40
8297376;091216;074418.06;512125.3345N;090930.8499E;327.735695;-48.50;-0.80;-0.40;9.40
8297426;091216;074419.07;512125.3345N;090930.8499E;327.735695;-48.10;0.60;359.20;9.30
8297476;091216;074420.06;512125.3345N;090930.8499E;327.735695;-48.40;-0.10;-0.40;9.30
8297526;091216;074421.06;512125.3345N;090930.8499E;327.735695;-49.70;-5.70;0.30;9.40
8297576;091216;074422.06;512125.3345N;090930.8499E;327.735695;-47.90;-0.20;359.30;9.30
8297626;091216;074423.06;512125.3345N;090930.8499E;327.735695;-48.10;-0.50;0.00;9.30
8297676;091216;074424.06;512125.3345N;090930.8499E;327.735695;-48.60;-0.50;-0.10;9.30
8297721;091216;074425.06;512125.3345N;090930.8499E;327.735695;-47.90;0.40;358.70;9.30
8297771;091216;074426.06;512125.3345N;090930.8499E;327.735695;-48.40;-0.30;-0.30;9.40
8297821;091216;074427.06;512125.3345N;090930.8499E;327.735695;-49.20;-0.90;0.20;9.30
8297871;091216;074428.06;512125.3212N;090930.8531E;327.405952;-47.90;0.30;359.00;9.30
8297921;091216;074429.06;512125.3212N;090930.8531E;327.405952;-47.20;0.50;358.60;9.30
8297971;091216;074430.06;512125.3212N;090930.8531E;327.405952;-48.20;0.30;358.90;9.30
8298021;091216;074431.06;512125.3212N;090930.8531E;327.405952;-48.60;-1.00;0.00;9.30
8298071;091216;074432.06;512125.3212N;090930.8531E;327.405952;-48.50;-0.50;-0.30;9.40
8298121;091216;074433.06;512125.3212N;090930.8531E;327.405952;-47.90;0.00;-0.20;9.40
8298171;091216;074434.06;512125.3212N;090930.8531E;327.405952;-48.20;0.50;358.90;9.40
8298221;091216;074435.06;512125.3212N;090930.8531E;327.405952;-48.40;-0.50;-0.30;9.40
8298271;091216;074436.06;512125.3212N;090930.8531E;327.405952;-49.00;-0.90;0.10;9.40
8298321;091216;074437.06;512125.3212N;090930.8531E;327.405952;-47.50;-0.50;359.00;9.40
8298371;091216;074438.06;512125.3212N;090930.8531E;327.405952;-48.10;0.50;359.10;9.40
8298421;091216;074439.06;512125.3212N;090930.8531E;327.405952;-48.30;-0.30;-0.40;9.30
8298471;091216;074440.06;512125.3121N;090930.8656E;327.512027;-48.90;-1.00;0.10;9.30
8298521;091216;074441.06;512125.3121N;090930.8656E;327.512027;-48.00;0.00;359.20;9.30
8298571;091216;074442.06;512125.3121N;090930.8656E;327.512027;-48.00;-0.10;359.20;9.30
8298621;091216;074443.06;512125.3121N;090930.8656E;327.512027;-48.00;0.20;359.10;9.30
8298671;091216;074444.06;512125.3121N;090930.8656E;327.512027;-48.90;-0.80;0.10;9.30
8298721;091216;074445.06;512125.3121N;090930.8656E;327.512027;-48.50;-0.70;-0.40;9.40
8298771;091216;074446.06;512125.2957N;090930.8629E;328.143657;-47.20;0.40;359.20;9.30
8298821;091216;074447.06;512125.2957N;090930.8629E;328.143657;-48.20;0.60;359.10;9.30
8298871;091216;074448.06;512125.2957N;090930.8629E;328.143657;-48.60;-0.50;0.00;9.30
8298921;091216;074449.06;512125.2957N;090930.8629E;328.143657;-48.90;-0.80;-0.20;9.40
8298971;091216;074450.06;512125.2957N;090930.8629E;328.143657;-47.70;0.70;358.80;9.30
8299021;091216;074451.06;512125.2957N;090930.8629E;328.143657;-47.70;0.00;-0.40;9.30
8299071;091216;074452.06;512125.2957N;090930.8629E;328.143657;-47.10;1.00;358.70;9.40
8299121;091216;074453.06;512125.2957N;090930.8629E;328.143657;-48.00;0.40;359.00;9.40
8299171;091216;074454.08;512125.2957N;090930.8629E;328.143657;-48.80;-0.50;-0.10;9.40
8299221;091216;074455.06;512125.2957N;090930.8629E;328.143657;-48.50;-0.70;-0.20;9.40
8299271;091216;074456.07;512125.2957N;090930.8629E;328.143657;-49.30;0.00;0.10;9.40
8299321;091216;074457.06;512125.2957N;090930.8629E;328.143657;-47.90;0.20;359.00;9.40
8299371;091216;074458.06;512125.2957N;090930.8629E;328.143657;-48.60;-0.20;-0.40;9.40
8299421;091216;074459.07;512125.2957N;090930.8629E;328.143657;-48.60;-0.70;0.00;9.40
8299471;091216;074500.06;512125.2957N;090930.8629E;328.143657;-48.20;0.00;359.00;9.40
8299521;091216;074501.08;512125.2957N;090930.8629E;328.143657;-48.40;0.00;359.20;9.40
8299571;091216;074502.06;512125.2957N;090930.8629E;328.143657;-48.00;0.30;359.20;9.40
8299621;091216;074503.07;512125.2957N;090930.8629E;328.143657;-48.70;-0.80;-0.10;9.40
8299671;091216;074504.06;512125.2957N;090930.8629E;328.143657;-48.60;-1.20;0.10;9.40
8299721;091216;074505.07;512125.2957N;090930.8629E;328.143657;-48.30;0.20;359.20;9.30
8299771;091216;074506.06;512125.2957N;090930.8629E;328.143657;-48.00;0.40;359.20;9.30
8299811;091216;074507.07;512125.2957N;090930.8629E;328.143657;-48.10;0.00;359.40;9.30
8299861;091216;074508.06;512125.2957N;090930.8629E;328.143657;-48.60;-0.60;-0.10;9.40
8299907;091216;074509.08;512125.2957N;090930.8629E;328.143657;-48.40;-0.30;359.40;9.40
8299957;091216;074510.06;512125.2971N;090930.8714E;327.620560;-47.40;0.30;359.00;9.40
8300007;091216;074511.06;512125.2971N;090930.8714E;327.620560;-48.00;0.70;359.20;9.30
8300057;091216;074512.08;512125.2971N;090930.8714E;327.620560;-48.90;-1.10;0.00;9.40
8300107;091216;074513.06;512125.2971N;090930.8714E;327.620560;-48.30;-0.90;-0.40;9.30
8300157;091216;074514.08;512125.2971N;090930.8714E;327.620560;-48.10;0.30;359.00;9.40
8300207;091216;074515.06;512125.2971N;090930.8714E;327.620560;-47.90;0.40;359.00;9.40
8300257;091216;074516.07;512125.3061N;090930.8777E;326.470756;-48.70;-0.40;359.40;9.40
8300307;091216;074517.06;512125.3061N;090930.8777E;326.470756;-48.70;-0.90;-0.10;9.40
8300357;091216;074517.86;512125.3061N;090930.8777E;326.470756;-48.80;-0.30;-0.20;9.30
8300407;091216;074519.06;512125.3061N;090930.8777E;326.470756;-47.60;0.30;359.00;9.40
8300457;091216;074520.06;512125.3061N;090930.8777E;326.470756;-48.00;-0.80;-0.10;9.40
8300507;091216;074521.06;512125.3061N;090930.8777E;326.470756;-47.70;0.20;359.30;9.40
8300557;091216;074522.06;512125.3061N;090930.8777E;326.470756;-48.20;0.30;358.90;9.50
8300607;091216;074523.06;512125.3061N;090930.8777E;326.470756;-49.00;-0.80;0.30;9.50
8300657;091216;074524.06;512125.3061N;090930.8777E;326.470756;-48.50;-0.30;-0.40;9.50
8300707;091216;074525.06;512125.3061N;090930.8777E;326.470756;-47.80;0.30;358.70;9.40
8300757;091216;074526.06;512125.3061N;090930.8777E;326.470756;-47.80;0.10;359.10;9.50
8300807;091216;074527.06;512125.3061N;090930.8777E;326.470756;-48.90;-0.80;0.10;9.50
8300857;091216;074528.06;512125.3061N;090930.8777E;326.470756;-48.90;-0.30;-0.20;9.40
8300907;091216;074529.06;512125.3061N;090930.8777E;326.470756;-48.10;0.40;359.00;9.50
8300957;091216;074530.06;512125.3061N;090930.8777E;326.470756;-47.90;0.10;359.30;9.50
8301007;091216;074531.06;512125.3061N;090930.8777E;326.470756;-48.60;-0.40;-0.40;9.50
8301057;091216;074532.06;512125.3061N;090930.8777E;326.470756;-48.80;-0.90;0.00;9.40
8301107;091216;074533.06;512125.3061N;090930.8777E;326.470756;-48.20;0.40;358.80;9.40
8301157;091216;074534.06;512125.3061N;090930.8777E;326.470756;-47.20;1.30;359.00;9.50
8301207;091216;074535.06;512125.3061N;090930.8777E;326.470756;-48.10;0.10;359.30;9.40
8301257;091216;074536.06;512125.3061N;090930.8777E;326.470756;-48.90;-1.20;0.00;9.50
8301307;091216;074537.06;512125.3061N;090930.8777E;326.470756;-48.50;0.10;359.20;9.50
8301357;091216;074538.06;512125.3061N;090930.8777E;326.470756;-47.50;0.80;359.10;9.50
8301407;091216;074539.06;512125.3061N;090930.8777E;326.470756;-47.70;0.40;359.40;9.50
8301457;091216;074540.06;512125.3061N;090930.8777E;326.470756;-48.90;-1.00;0.00;9.50
8301507;091216;074541.06;512125.3061N;090930.8777E;326.470756;-48.50;-1.10;-0.40;9.50
8301555;091216;074542.06;512125.3061N;090930.8777E;326.470756;-47.80;0.30;359.10;9.50
8301605;091216;074543.06;512125.3061N;090930.8777E;326.470756;-47.50;0.60;359.20;9.50
8301655;091216;074544.06;512125.3061N;090930.8777E;326.470756;-48.10;0.70;359.10;9.50
8301705;091216;074545.06;512125.3061N;090930.8777E;326.470756;-48.60;-0.60;-0.10;9.40
8301749;091216;074546.05;512125.3061N;090930.8777E;326.470756;-48.80;-0.80;-0.20;9.40
8301799;091216;074547.05;512125.3061N;090930.8777E;326.470756;-47.80;-0.20;358.90;9.40
8301849;091216;074548.05;512125.3061N;090930.8777E;326.470756;-47.40;0.50;359.30;9.40
8301899;091216;074549.05;512125.3061N;090930.8777E;326.470756;-47.40;0.60;358.40;9.40
8301949;091216;074550.06;512125.3061N;090930.8777E;326.470756;-47.80;0.50;359.10;9.40
8301999;091216;074551.08;512125.3061N;090930.8777E;326.470756;-49.10;-0.70;-0.30;9.40
8302049;091216;074552.06;512125.3061N;090930.8777E;326.470756;-48.80;-0.80;0.20;9.40
8302099;091216;074553.07;512125.3061N;090930.8777E;326.470756;-49.60;-0.10;0.60;9.30
8302149;091216;074554.06;512125.3061N;090930.8777E;326.470756;-48.00;0.60;359.40;9.30
8302199;091216;074555.06;512125.3061N;090930.8777E;326.470756;-48.10;0.20;359.20;9.40
8302249;091216;074556.09;512125.3061N;090930.8777E;326.470756;-48.90;-0.80;0.20;9.30
8302299;091216;074557.06;512125.3061N;090930.8777E;326.470756;-48.40;-0.70;-0.10;9.40
8302349;091216;074558.07;512125.3061N;090930.8777E;326.470756;-48.30;0.20;359.20;9.40
8302399;091216;074559.06;512125.3061N;090930.8777E;326.470756;-48.00;0.60;359.20;9.40
8302449;091216;074600.09;512125.3061N;090930.8777E;326.470756;-48.40;0.00;359.30;9.30
8302499;091216;074601.06;512125.3061N;090930.8777E;326.470756;-48.50;-1.10;0.20;9.40
8302549;091216;074602.08;512125.3061N;090930.8777E;326.470756;-48.70;-0.50;-0.20;9.40
8302599;091216;074603.05;512125.3061N;090930.8777E;326.470756;-48.50;-0.50;-0.30;9.40
8302649;091216;074604.10;512125.3061N;090930.8777E;326.470756;-48.10;0.70;359.00;9.30
8302699;091216;074605.05;512125.3061N;090930.8777E;326.470756;-48.50;-0.30;-0.30;9.40
8302749;091216;074606.07;512125.3061N;090930.8777E;326.470756;-48.70;-0.50;-0.30;9.40
8302799;091216;074607.05;512125.3061N;090930.8777E;326.470756;-47.80;-0.10;-0.40;9.30
8302849;091216;074608.05;512125.3061N;090930.8777E;326.470756;-48.00;0.10;359.20;9.40
8302899;091216;074609.07;512125.3061N;090930.8777E;326.470756;-48.20;0.30;359.40;9.30
8302949;091216;074610.05;512125.3061N;090930.8777E;326.470756;-48.50;-0.30;-0.40;9.40
8302999;091216;074611.07;512125.3061N;090930.8777E;326.470756;-48.80;-0.90;0.00;9.40
8303049;091216;074612.05;512125.3061N;090930.8777E;326.470756;-48.60;-0.90;-0.10;9.40
8303099;091216;074613.08;512125.3061N;090930.8777E;326.470756;-48.30;0.00;359.10;9.40
8303149;091216;074614.06;512125.3061N;090930.8777E;326.470756;-47.90;0.60;359.20;9.40
8303199;091216;074615.08;512125.3061N;090930.8777E;326.470756;-49.30;-0.20;0.40;9.40
8303249;091216;074616.06;512125.3061N;090930.8777E;326.470756;-47.90;-0.80;-0.30;9.50
8303299;091216;074617.06;512125.3061N;090930.8777E;326.470756;-47.90;-0.60;0.10;9.40
8303349;091216;074618.06;512125.3061N;090930.8777E;326.470756;-48.20;-0.60;-0.40;9.40
8303399;091216;074619.06;512125.3061N;090930.8777E;326.470756;-49.00;-0.90;0.10;9.40
8303449;091216;074620.06;512125.3061N;090930.8777E;326.470756;-47.90;0.20;359.10;9.40
8303499;091216;074621.05;512125.3061N;090930.8777E;326.470756;-48.10;0.50;359.00;9.40
8303549;091216;074622.05;512125.3061N;090930.8777E;326.470756;-47.90;0.20;359.20;9.40
8303598;091216;074623.05;512125.3061N;090930.8777E;326.470756;-48.70;-0.80;0.10;9.40
8303648;091216;074624.05;512125.3061N;090930.8777E;326.470756;-48.50;-0.50;-0.30;9.50
8303698;091216;074625.05;512125.3061N;090930.8777E;326.470756;-48.20;0.40;359.10;9.50
8303748;091216;074626.05;512125.3061N;090930.8777E;326.470756;-48.30;0.00;359.20;9.40
8303798;091216;074627.05;512125.3061N;090930.8777E;326.470756;-48.00;-0.30;0.10;9.50
8303848;091216;074628.05;512125.3061N;090930.8777E;326.470756;-48.90;-1.00;0.20;9.50
8303898;091216;074629.05;512125.3061N;090930.8777E;326.470756;-48.30;0.00;359.20;9.50
8303948;091216;074630.05;512125.3061N;090930.8777E;326.470756;-48.10;0.50;358.90;9.50
8303998;091216;074631.05;512125.3061N;090930.8777E;326.470756;-47.40;0.30;359.10;9.40
8304048;091216;074632.05;512125.3061N;090930.8777E;326.470756;-48.80;-1.00;0.10;9.40
8304098;091216;074633.05;512125.3061N;090930.8777E;326.470756;-48.30;-0.20;359.40;9.40
8304148;091216;074634.05;512125.3061N;090930.8777E;326.470756;-47.80;0.50;359.00;9.50
8304198;091216;074635.05;512125.3061N;090930.8777E;326.470756;-48.10;-0.50;-0.30;9.50
8304248;091216;074636.05;512125.3061N;090930.8777E;326.470756;-48.10;-0.50;-0.20;9.50
8304298;091216;074637.05;512125.3061N;090930.8777E;326.470756;-48.30;-0.50;-0.20;9.50
8304348;091216;074638.05;512125.3061N;090930.8777E;326.470756;-48.70;-0.90;0.00;9.40
8304398;091216;074639.05;512125.3061N;090930.8777E;326.470756;-48.40;-0.20;359.30;9.40
8304448;091216;074640.05;512125.3061N;090930.8777E;326.470756;-47.40;0.40;359.10;9.50
8304498;091216;074641.05;512125.3061N;090930.8777E;326.470756;-47.80;0.70;359.00;9.50
8304548;091216;074642.05;512125.3061N;090930.8777E;326.470756;-48.80;-0.50;-0.20;9.50
8304598;091216;074643.05;512125.3061N;090930.8777E;326.470756;-48.60;-1.10;-0.10;9.50
8304648;091216;074644.05;512125.3061N;090930.8777E;326.470756;-47.50;0.30;358.80;9.50
8304698;091216;074645.05;512125.3061N;090930.8777E;326.470756;-47.30;-0.10;358.70;9.50
8304748;091216;074646.05;512125.3061N;090930.8777E;326.470756;-47.20;0.70;358.90;9.50
8304798;091216;074647.05;512125.3061N;090930.8777E;326.470756;-48.00;0.30;358.90;9.40
8304848;091216;074647.85;512125.3061N;090930.8777E;326.470756;-49.00;-0.80;0.10;9.40
8304897;091216;074649.05;512125.3061N;090930.8777E;326.470756;-48.70;-0.90;0.10;9.40
8304947;091216;074649.85;512125.3061N;090930.8777E;326.470756;-47.20;-0.30;357.30;9.50
8304997;091216;074651.05;512125.3061N;090930.8777E;326.470756;-47.40;0.70;358.30;9.40
8305047;091216;074652.05;512125.3061N;090930.8777E;326.470756;-48.40;0.20;359.10;9.40
8305097;091216;074653.08;512125.3061N;090930.8777E;326.470756;-49.00;-1.10;0.30;9.40
8305147;091216;074654.05;512125.3061N;090930.8777E;326.470756;-48.20;-0.20;359.20;9.50
8305197;091216;074654.85;512125.3061N;090930.8777E;326.470756;-47.80;0.50;358.30;9.40
8305247;091216;074656.05;512125.3061N;090930.8777E;326.470756;-47.50;0.40;359.00;9.40
8305296;091216;074656.85;512125.3061N;090930.8777E;326.470756;-48.80;-0.90;0.00;9.40
8305346;091216;074658.05;512125.3061N;090930.8777E;326.470756;-49.00;-1.20;0.20;9.40
8305396;091216;074659.07;512125.3061N;090930.8777E;326.470756;-48.20;0.40;359.10;9.50
8305446;091216;074700.05;512125.3061N;090930.8777E;326.470756;-47.50;1.10;358.60;9.40
8305496;091216;074701.09;512125.3061N;090930.8777E;326.470756;-48.00;0.10;359.20;9.40
8305546;091216;074702.05;512125.3061N;090930.8777E;326.470756;-48.50;-1.00;0.00;9.40
8305596;091216;074703.09;512125.3061N;090930.8777E;326.470756;-48.50;-0.20;359.40;9.40
8305646;091216;074704.05;512125.3061N;090930.8777E;326.470756;-47.40;0.20;358.70;9.40
8305696;091216;074705.05;512125.3061N;090930.8777E;326.470756;-47.80;0.70;359.20;9.40
8305746;091216;074705.85;512125.3061N;090930.8777E;326.470756;-48.70;-0.40;-0.20;9.40
8305796;091216;074707.05;512125.3061N;090930.8777E;326.470756;-48.70;-1.10;0.00;9.50
8305846;091216;074708.07;512125.3061N;090930.8777E;326.470756;-48.00;-0.10;359.30;9.40
8305896;091216;074709.05;512125.3061N;090930.8777E;326.470756;-48.30;-0.40;359.30;9.40
8305946;091216;074710.08;512125.3061N;090930.8777E;326.470756;-48.40;0.40;359.10;9.40
8305996;091216;074711.05;512125.3061N;090930.8777E;326.470756;-48.70;-0.50;-0.10;9.40
8306046;091216;074712.08;512125.3061N;090930.8777E;326.470756;-48.60;-0.20;359.00;9.50
8306096;091216;074713.05;512125.3061N;090930.8777E;326.470756;-47.90;-0.30;-0.40;9.50
8306146;091216;074714.05;512125.3061N;090930.8777E;326.470756;-46.30;1.40;357.90;9.50
8306196;091216;074715.05;512125.3061N;090930.8777E;326.470756;-48.70;-0.20;0.20;9.50
8306246;091216;074716.05;512125.3061N;090930.8777E;326.470756;-48.30;0.40;358.90;9.50
8306296;091216;074717.05;512125.3061N;090930.8777E;326.470756;-48.80;-0.70;0.00;9.50
8306346;091216;074718.05;512125.3061N;090930.8777E;326.470756;-49.10;-1.00;0.00;9.50
8306396;091216;074719.05;512125.3061N;090930.8777E;326.470756;-47.50;0.70;358.80;9.50
8306446;091216;074720.05;512125.3061N;090930.8777E;326.470756;-48.00;0.00;359.30;9.50
8306487;091216;074721.05;512125.3061N;090930.8777E;326.470756;-48.90;-0.60;0.00;9.50
8306537;091216;074722.05;512125.3061N;090930.8777E;326.470756;-48.40;-0.60;-0.10;9.40
8306587;091216;074723.05;512125.3061N;090930.8777E;326.470756;-47.90;0.40;358.80;9.40
8306637;091216;074724.05;512125.3061N;090930.8777E;326.470756;-47.70;0.20;359.30;9.50
8306687;091216;074725.05;512125.3061N;090930.8777E;326.470756;-48.20;0.30;359.10;9.50
8306737;091216;074726.05;512125.3061N;090930.8777E;326.470756;-48.90;-1.20;-0.20;9.40
8306787;091216;074727.05;512125.3061N;090930.8777E;326.470756;-48.70;-0.30;-0.40;9.40
8306832;091216;074728.05;512125.3061N;090930.8777E;326.470756;-47.60;0.40;358.90;9.40
8306882;091216;074729.05;512125.3061N;090930.8777E;326.470756;-48.60;0.20;359.20;9.50
8306932;091216;074730.05;512125.3061N;090930.8777E;326.470756;-48.40;-1.10;0.00;9.50
8306982;091216;074731.05;512125.3061N;090930.8777E;326.470756;-48.50;-0.20;359.40;9.50
8307031;091216;074732.05;512125.3061N;090930.8777E;326.470756;-47.80;0.70;359.20;9.50
8307081;091216;074733.05;512125.3061N;090930.8777E;326.470756;-47.80;-0.20;359.30;9.50
8307131;091216;074734.05;512125.3204N;090930.8671E;324.782182;-48.90;-1.30;0.00;9.50
8307181;091216;074735.05;512125.3204N;090930.8671E;324.782182;-48.20;-0.50;359.40;9.40
8307231;091216;074736.05;512125.3204N;090930.8671E;324.782182;-47.80;-0.30;359.30;9.50
8307281;091216;074737.05;512125.3204N;090930.8671E;324.782182;-47.50;-0.20;359.10;9.50
8307331;091216;074738.05;512125.3204N;090930.8671E;324.782182;-48.00;0.70;359.20;9.50
8307381;091216;074739.05;512125.3204N;090930.8671E;324.782182;-48.60;-1.00;-0.10;9.50
8307431;091216;074740.05;512125.3427N;090930.8630E;323.686074;-48.40;-0.50;-0.40;9.50
8307481;091216;074741.05;512125.3427N;090930.8630E;323.686074;-47.50;0.70;358.60;9.50
8307531;091216;074742.05;512125.3427N;090930.8630E;323.686074;-47.30;0.20;359.10;9.50
8307581;091216;074743.05;512125.3427N;090930.8630E;323.686074;-48.00;0.50;0.00;9.50
8307631;091216;074744.05;512125.3427N;090930.8630E;323.686074;-47.90;0.40;359.00;9.50
8307681;091216;074745.08;512125.3427N;090930.8630E;323.686074;-49.10;-0.90;0.00;9.40
8307731;091216;074746.05;512125.3427N;090930.8630E;323.686074;-48.60;-0.70;-0.10;9.50
8307781;091216;074747.09;512125.3427N;090930.8630E;323.686074;-46.40;1.10;355.80;9.50
8307831;091216;074748.05;512125.3427N;090930.8630E;323.686074;-47.70;0.00;359.20;9.50
8307881;091216;074749.05;512125.3427N;090930.8630E;323.686074;-48.40;-0.60;359.40;9.40
8307931;091216;074749.85;512125.3427N;090930.8630E;323.686074;-48.80;-0.30;-0.20;9.40
8307981;091216;074751.05;512125.3427N;090930.8630E;323.686074;-47.90;0.30;358.80;9.40
8308031;091216;074751.85;512125.3427N;090930.8630E;323.686074;-47.80;0.30;358.90;9.40
8308081;091216;074753.05;512125.3427N;090930.8630E;323.686074;-47.80;-0.10;359.10;9.40
8308131;091216;074754.09;512125.3427N;090930.8630E;323.686074;-49.00;-1.00;0.10;9.50
8308181;091216;074755.05;512125.3427N;090930.8630E;323.686074;-48.70;-0.60;-0.20;9.50
8308231;091216;074755.85;512125.3427N;090930.8630E;323.686074;-47.90;0.40;359.00;9.40
8308281;091216;074757.05;512125.3427N;090930.8630E;323.686074;-47.80;0.80;358.90;9.50
8308331;091216;074757.85;512125.3692N;090930.8484E;321.915634;-49.20;-0.90;0.10;9.40
8308381;091216;074759.05;512125.3692N;090930.8484E;321.915634;-48.60;-0.90;-0.10;9.40
8308431;091216;074800.08;512125.3692N;090930.8484E;321.915634;-48.20;0.40;359.10;9.50
8308481;091216;074801.05;512125.3692N;090930.8484E;321.915634;-47.90;0.90;359.30;9.50
8308531;091216;074802.05;512125.3692N;090930.8484E;321.915634;-48.60;-0.40;-0.20;9.50
8308581;091216;074803.09;512125.3692N;090930.8484E;321.915634;-49.20;-0.80;0.00;9.40
8308631;091216;074804.05;512125.3692N;090930.8484E;321.915634;-48.20;0.10;359.20;9.50
8308682;091216;074804.85;512125.3692N;090930.8484E;321.915634;-48.20;0.30;359.20;9.50
8308732;091216;074806.05;512125.3692N;090930.8484E;321.915634;-47.90;-0.10;359.30;9.40
8308782;091216;074806.85;512125.3692N;090930.8484E;321.915634;-49.20;-0.90;0.10;9.40
8308832;091216;074808.05;512125.3692N;090930.8484E;321.915634;-48.20;-0.30;359.30;9.40
8308882;091216;074808.85;512125.3692N;090930.8484E;321.915634;-47.20;1.60;358.30;9.50
8308932;091216;074810.05;512125.3692N;090930.8484E;321.915634;-48.60;-1.90;0.30;9.50
8308982;091216;074811.05;512125.3692N;090930.8484E;321.915634;-47.10;0.30;358.80;9.40
8309032;091216;074812.05;512125.3692N;090930.8484E;321.915634;-47.80;-0.30;359.10;9.40
8309082;091216;074813.05;512125.3692N;090930.8484E;321.915634;-49.00;-0.70;0.20;9.40
8309132;091216;074814.05;512125.3692N;090930.8484E;321.915634;-48.20;-0.40;-0.20;9.40
8309182;091216;074815.05;512125.3692N;090930.8484E;321.915634;-48.20;0.30;358.90;9.50
8309232;091216;074816.05;512125.3692N;090930.8484E;321.915634;-48.30;-0.90;359.30;9.50
8309282;091216;074817.05;512125.3692N;090930.8484E;321.915634;-48.30;-0.90;0.00;9.40
8309332;091216;074818.05;512125.3692N;090930.8484E;321.915634;-48.50;-0.50;-0.40;9.40
8309382;091216;074819.05;512125.3692N;090930.8484E;321.915634;-47.90;0.50;358.70;9.50
8309432;091216;074820.05;512125.3692N;090930.8484E;321.915634;-48.50;-0.30;-0.30;9.40
8309482;091216;074821.05;512125.3692N;090930.8484E;321.915634;-48.00;-0.50;-0.40;9.50
8309532;091216;074822.05;512125.3692N;090930.8484E;321.915634;-48.90;-1.00;0.20;9.50
8309582;091216;074823.05;512125.3692N;090930.8484E;321.915634;-47.90;0.40;359.20;9.50
8309632;091216;074824.05;512125.3692N;090930.8484E;321.915634;-48.20;0.20;359.10;9.40
8309682;091216;074825.05;512125.3692N;090930.8484E;321.915634;-48.40;-1.00;0.00;9.40
8309732;091216;074826.05;512125.3692N;090930.8484E;321.915634;-48.60;-0.90;0.10;9.50
8309782;091216;074827.05;512125.3692N;090930.8484E;321.915634;-48.10;0.50;359.10;9.40
8309832;091216;074828.05;512125.3692N;090930.8484E;321.915634;-48.40;-0.40;-0.30;9.50
8309882;091216;074829.05;512125.3692N;090930.8484E;321.915634;-48.50;-1.10;0.10;9.40
8309932;091216;074830.05;512125.3692N;090930.8484E;321.915634;-47.90;-0.60;359.30;9.40
8309982;091216;074831.05;512125.3692N;090930.8484E;321.915634;-48.00;0.80;359.10;9.40
8310032;091216;074832.05;512125.3692N;090930.8484E;321.915634;-48.30;-0.20;-0.20;9.40
8310082;091216;074833.05;512125.3692N;090930.8484E;321.915634;-48.60;-0.80;-0.30;9.40
8310132;091216;074834.05;512125.3692N;090930.8484E;321.915634;-47.80;0.00;358.90;9.40
8310182;091216;074835.05;512125.3692N;090930.8484E;321.915634;-48.00;0.50;359.10;9.50
8310232;091216;074836.05;512125.3692N;090930.8484E;321.915634;-48.80;-1.10;-0.10;9.50
8310282;091216;074837.05;512125.3692N;090930.8484E;321.915634;-48.40;-0.50;359.40;9.40
8310332;091216;074838.05;512125.3692N;090930.8484E;321.915634;-48.20;0.30;0.00;9.50
8310382;091216;074839.05;512125.3692N;090930.8484E;321.915634;-47.60;0.00;359.20;9.50
8310432;091216;074840.05;512125.3692N;090930.8484E;321.915634;-47.90;0.10;-0.30;9.40
8310482;091216;074841.05;512125.3692N;090930.8484E;321.915634;-48.20;0.50;359.20;9.50
8310532;091216;074842.10;512125.3692N;090930.8484E;321.915634;-49.00;-1.00;0.20;9.50
8310582;091216;074843.05;512125.3692N;090930.8484E;321.915634;-48.30;-0.10;359.40;9.50
8310632;091216;074844.11;512125.3692N;090930.8484E;321.915634;-47.80;-0.20;358.40;9.50
8310682;091216;074845.05;512125.3692N;090930.8484E;321.915634;-48.60;-1.10;0.00;9.40
8310732;091216;074846.05;512125.3692N;090930.8484E;321.915634;-49.10;-0.90;0.30;9.40
8310782;091216;074847.10;512125.3692N;090930.8484E;321.915634;-48.10;0.50;358.90;9.40
8310832;091216;074848.05;512125.3692N;090930.8484E;321.915634;-48.60;-0.50;-0.30;9.40
8310882;091216;074848.85;512125.3692N;090930.8484E;321.915634;-48.90;-0.80;0.30;9.50
8310932;091216;074850.05;512125.3692N;090930.8484E;321.915634;-48.80;-0.90;0.10;9.50
8310982;091216;074850.85;512125.3692N;090930.8484E;321.915634;-48.30;0.50;359.10;9.50
8311032;091216;074852.05;512125.3692N;090930.8484E;321.915634;-47.90;0.30;359.00;9.50
8311082;091216;074852.85;512125.3692N;090930.8484E;321.915634;-49.10;-1.20;0.20;9.50
8311132;091216;074854.05;512125.3692N;090930.8484E;321.915634;-48.10;-0.50;-0.40;9.40
8311182;091216;074855.10;512125.3692N;090930.8484E;321.915634;-48.30;0.30;359.20;9.50
8311232;091216;074856.05;512125.3692N;090930.8484E;321.915634;-48.50;0.10;359.30;9.40
8311282;091216;074857.11;512125.3692N;090930.8484E;321.915634;-48.60;-1.00;-0.10;9.40
8311332;091216;074858.05;512125.3692N;090930.8484E;321.915634;-47.70;0.00;359.10;9.40
8311382;091216;074859.05;512125.3692N;090930.8484E;321.915634;-48.10;0.50;359.10;9.40
8311432;091216;074900.11;512125.3692N;090930.8484E;321.915634;-49.10;-1.10;0.50;9.50
8311482;091216;074901.05;512125.3692N;090930.8484E;321.915634;-48.80;-0.70;-0.40;9.50
8311532;091216;074902.11;512125.3692N;090930.8484E;321.915634;-48.10;0.40;359.20;9.50
8311582;091216;074903.05;512125.3692N;090930.8484E;321.915634;-48.10;0.00;359.20;9.50
8311632;091216;074904.11;512125.3692N;090930.8484E;321.915634;-49.30;-1.20;0.20;9.40
8311682;091216;074905.05;512125.3692N;090930.8484E;321.915634;-48.50;-0.50;359.30;9.50
8311732;091216;074905.85;512125.3692N;090930.8484E;321.915634;-47.70;0.90;358.60;9.50
8311782;091216;074907.05;512125.3692N;090930.8484E;321.915634;-47.50;0.40;359.30;9.50
8311821;091216;074908.05;512125.3692N;090930.8484E;321.915634;-47.70;-0.30;359.30;9.50
8311871;091216;074909.05;512125.3692N;090930.8484E;321.915634;-48.00;-0.30;359.30;9.50
8311921;091216;074910.05;512125.3692N;090930.8484E;321.915634;-49.00;-0.90;0.30;9.50
8311971;091216;074911.05;512125.3692N;090930.8484E;321.915634;-47.90;0.20;358.90;9.50
8312021;091216;074912.05;512125.3692N;090930.8484E;321.915634;-47.80;0.30;359.00;9.40
8312071;091216;074913.05;512125.3692N;090930.8484E;321.915634;-48.50;-1.00;0.10;9.50
8312121;091216;074914.05;512125.3692N;090930.8484E;321.915634;-48.30;-0.30;-0.20;9.50
8312171;091216;074915.05;512125.3692N;090930.8484E;321.915634;-47.90;0.50;358.70;9.40
8312221;091216;074916.05;512125.3692N;090930.8484E;321.915634;-48.30;-0.40;-0.20;9.40
8312271;091216;074917.05;512125.3692N;090930.8484E;321.915634;-49.20;-0.90;0.10;9.40
8312321;091216;074918.05;512125.3692N;090930.8484E;321.915634;-47.90;-0.30;-0.10;9.50
8312371;091216;074919.05;512125.3692N;090930.8484E;321.915634;-47.90;0.50;358.70;9.50
8312421;091216;074920.05;512125.3692N;090930.8484E;321.915634;-48.40;-0.10;359.30;9.50
8312471;091216;074921.05;512125.3692N;090930.8484E;321.915634;-49.20;-1.00;0.20;9.40
8312521;091216;074922.05;512125.3692N;090930.8484E;321.915634;-47.60;-0.50;359.20;9.50
8312571;091216;074923.05;512125.3692N;090930.8484E;321.915634;-48.20;0.50;359.10;9.50
8312621;091216;074924.05;512125.3692N;090930.8484E;321.915634;-48.60;-0.50;-0.20;9.50
8312671;091216;074925.05;512125.3692N;090930.8484E;321.915634;-48.80;-1.20;0.00;9.50
8312721;091216;074926.05;512125.3692N;090930.8484E;321.915634;-48.20;-0.20;359.10;9.40
8312771;091216;074927.05;512125.3692N;090930.8484E;321.915634;-47.60;0.30;359.00;9.50
8312821;091216;074928.05;512125.3692N;090930.8484E;321.915634;-48.10;0.70;359.30;9.50
8312871;091216;074929.05;512125.3692N;090930.8484E;321.915634;-48.40;-0.90;0.00;9.40
8312921;091216;074930.05;512125.3692N;090930.8484E;321.915634;-48.40;-0.50;359.30;9.40
8312971;091216;074931.05;512125.3692N;090930.8484E;321.915634;-47.80;0.00;359.50;9.40
8313021;091216;074932.05;512125.3692N;090930.8484E;321.915634;-48.40;0.00;359.40;9.40
8313070;091216;074933.05;512125.3692N;090930.8484E;321.915634;-48.40;-1.10;-0.20;9.40
8313120;091216;074934.05;512125.3692N;090930.8484E;321.915634;-48.50;-0.20;359.20;9.50
8313170;091216;074935.05;512125.3692N;090930.8484E;321.915634;-48.00;-0.40;359.30;9.40
8313220;091216;074936.05;512125.3692N;090930.8484E;321.915634;-47.50;0.30;358.90;9.50
8313270;091216;074937.05;512125.3692N;090930.8484E;321.915634;-48.20;0.50;0.20;9.40
8313320;091216;074938.05;512125.3692N;090930.8484E;321.915634;-48.20;0.10;359.40;9.40
8313370;091216;074938.95;512125.3692N;090930.8484E;321.915634;-49.10;-0.70;0.10;9.40
8313420;091216;074940.05;512125.3692N;090930.8484E;321.915634;-48.20;0.30;359.10;9.40
8313470;091216;074940.95;512125.3692N;090930.8484E;321.915634;-48.50;0.40;-0.20;9.40
8313520;091216;074942.05;512125.3692N;090930.8484E;321.915634;-48.70;-0.70;0.20;9.50
8313570;091216;074943.05;512125.3692N;090930.8484E;321.915634;-48.70;-1.00;-0.10;9.40
8313620;091216;074943.95;512125.3692N;090930.8484E;321.915634;-48.00;0.30;358.60;9.50
8313670;091216;074945.05;512125.3692N;090930.8484E;321.915634;-47.90;0.10;358.90;9.60
8313720;091216;074945.95;512125.3692N;090930.8484E;321.915634;-49.20;-1.00;0.20;9.50
8313770;091216;074947.05;512125.3692N;090930.8484E;321.915634;-48.70;-0.90;-0.10;9.50
8313820;091216;074947.95;512125.3692N;090930.8484E;321.915634;-48.50;-0.40;-0.20;9.60
8313870;091216;074949.05;512125.3692N;090930.8484E;321.915634;-47.60;0.60;358.90;9.60
8313920;091216;074949.95;512125.3692N;090930.8484E;321.915634;-48.90;-0.70;0.00;9.50
8313970;091216;074951.05;512125.3692N;090930.8484E;321.915634;-48.50;-1.20;-0.10;9.60
8314020;091216;074951.95;512125.3692N;090930.8484E;321.915634;-48.10;0.20;359.10;9.60
8314070;091216;074953.05;512125.3692N;090930.8484E;321.915634;-48.20;0.50;359.20;9.60
8314120;091216;074953.95;512125.3692N;090930.8484E;321.915634;-48.40;-0.30;-0.30;9.60
8314170;091216;074955.05;512125.3692N;090930.8484E;321.915634;-48.40;-0.80;-0.30;9.70
8314217;091216;074956.05;512125.3692N;090930.8484E;321.915634;-48.30;-0.70;359.40;9.70
8314267;091216;074957.13;512125.3692N;090930.8484E;321.915634;-48.10;0.50;359.10;9.60
8314317;091216;074958.05;512125.3692N;090930.8484E;321.915634;-47.90;0.40;359.30;9.60
8314367;091216;074959.14;512125.3692N;090930.8484E;321.915634;-49.00;-0.90;0.20;9.60
