8314417;091216;075000.05;512125.3692N;090930.8484E;321.915634;-48.70;-0.70;-0.10;9.60
8314467;091216;075000.95;512125.3692N;090930.8484E;321.915634;-48.90;-0.50;-0.40;9.60
8314517;091216;075002.05;512125.3692N;090930.8484E;321.915634;-47.90;0.50;359.30;9.50
8314567;091216;075003.12;512125.3692N;090930.8484E;321.915634;-48.60;0.10;359.30;9.60
8314617;091216;075004.05;512125.3692N;090930.8484E;321.915634;-47.90;-0.90;-0.30;9.60
8314667;091216;075005.05;512125.3692N;090930.8484E;321.915634;-47.60;-0.70;359.40;9.60
8314717;091216;075006.05;512125.3692N;090930.8484E;321.915634;-48.60;-1.10;-0.10;9.60
8314767;091216;075007.05;512125.3692N;090930.8484E;321.915634;-48.40;0.00;359.30;9.60
8314817;091216;075008.05;512125.3692N;090930.8484E;321.915634;-48.20;0.20;359.20;9.60
8314867;091216;075009.05;512125.3692N;090930.8484E;321.915634;-49.00;-0.80;0.00;9.60
8314917;091216;075010.05;512125.3692N;090930.8484E;321.915634;-48.40;-1.00;-0.30;9.50
8314967;091216;075011.05;512125.3692N;090930.8484E;321.915634;-48.10;-0.10;-0.30;9.60
8315017;091216;075012.05;512125.3692N;090930.8484E;321.915634;-48.10;0.40;358.80;9.60
8315067;091216;075013.05;512125.3692N;090930.8484E;321.915634;-48.90;-1.00;0.00;9.60
8315117;091216;075014.05;512125.3692N;090930.8484E;321.915634;-48.70;-0.50;-0.20;9.60
8315167;091216;075015.05;512125.3692N;090930.8484E;321.915634;-47.30;0.70;359.30;9.60
8315217;091216;075016.05;512125.3692N;090930.8484E;321.915634;-48.10;0.20;359.30;9.60
8315267;091216;075017.05;512125.3692N;090930.8484E;321.915634;-48.60;-0.90;0.00;9.60
8315317;091216;075018.05;512125.3692N;090930.8484E;321.915634;-48.20;-0.10;359.30;9.60
8315367;091216;075019.05;512125.3692N;090930.8484E;321.915634;-47.10;1.30;358.60;9.50
8315417;091216;075020.05;512125.3692N;090930.8484E;321.915634;-48.30;0.40;359.10;9.60
8315467;091216;075021.05;512125.3692N;090930.8484E;321.915634;-48.60;-1.10;-0.10;9.50
8315517;091216;075022.05;512125.3692N;090930.8484E;321.915634;-48.40;-0.30;359.40;9.50
8315567;091216;075023.05;512125.3692N;090930.8484E;321.915634;-47.80;0.70;358.90;9.60
8315617;091216;075024.05;512125.3692N;090930.8484E;321.915634;-48.00;-0.40;359.30;9.60
8315667;091216;075025.05;512125.3692N;090930.8484E;321.915634;-49.10;-1.00;0.10;9.60
8315717;091216;075026.05;512125.3692N;090930.8484E;321.915634;-48.00;-0.10;359.30;9.60
8315767;091216;075027.05;512125.3692N;090930.8484E;321.915634;-47.90;0.80;359.10;9.50
8315817;091216;075028.05;512125.3692N;090930.8484E;321.915634;-48.20;-0.30;0.10;9.50
8315867;091216;075029.05;512125.3692N;090930.8484E;321.915634;-49.00;-1.10;0.00;9.60
8315917;091216;075030.05;512125.3692N;090930.8484E;321.915634;-48.40;-0.70;359.30;9.50
8315967;091216;075031.05;512125.3692N;090930.8484E;321.915634;-48.20;0.40;359.20;9.50
8316017;091216;075032.05;512125.3692N;090930.8484E;321.915634;-48.30;-0.10;0.30;9.60
8316067;091216;075033.05;512125.3692N;090930.8484E;321.915634;-47.50;-0.30;-0.40;9.60
8316117;091216;075034.05;512125.3692N;090930.8484E;321.915634;-47.90;-0.40;359.20;9.60
8316167;091216;075035.05;512125.3692N;090930.8484E;321.915634;-48.80;-0.90;0.00;9.50
8316217;091216;075036.11;512125.3692N;090930.8484E;321.915634;-48.50;0.10;359.10;9.50
8316267;091216;075037.05;512125.3692N;090930.8484E;321.915634;-48.00;0.30;358.70;9.60
8316317;091216;075038.12;512125.3692N;090930.8484E;321.915634;-49.00;-1.40;0.30;9.50
8316367;091216;075039.05;512125.3692N;090930.8484E;321.915634;-47.90;-0.20;-0.30;9.50
8316417;091216;075040.05;512125.3692N;090930.8484E;321.915634;-48.50;-0.10;359.40;9.50
8316467;091216;075041.13;512125.3692N;090930.8484E;321.915634;-47.90;0.50;358.80;9.40
8316517;091216;075042.05;512125.3692N;090930.8484E;321.915634;-48.40;-0.70;-0.40;9.50
8316567;091216;075043.13;512125.3692N;090930.8484E;321.915634;-48.50;-0.30;-0.30;9.50
8316617;091216;075044.05;512125.3692N;090930.8484E;321.915634;-48.20;-0.10;359.20;9.50
8316667;091216;075045.14;512125.3692N;090930.8484E;321.915634;-48.10;0.40;358.90;9.50
8316717;091216;075046.05;512125.3692N;090930.8484E;321.915634;-48.50;-0.50;0.00;9.50
8316768;091216;075047.13;512125.3692N;090930.8484E;321.915634;-49.00;-1.00;0.40;9.50
8316818;091216;075048.05;512125.3692N;090930.8484E;321.915634;-48.20;-0.50;359.40;9.60
8316868;091216;075049.12;512125.3692N;090930.8484E;321.915634;-47.90;0.50;359.00;9.60
8316918;091216;075050.05;512125.3692N;090930.8484E;321.915634;-48.30;-0.10;359.40;9.50
8316968;091216;075051.12;512125.3692N;090930.8484E;321.915634;-48.90;-0.70;-0.10;9.50
8317018;091216;075052.05;512125.3692N;090930.8484E;321.915634;-48.30;-0.90;-0.40;9.50
8317068;091216;075053.05;512125.3692N;090930.8484E;321.915634;-48.30;0.00;359.20;9.40
8317118;091216;075054.13;512125.3692N;090930.8484E;321.915634;-48.30;0.40;359.40;9.50
8317168;091216;075055.05;512125.3692N;090930.8484E;321.915634;-48.70;-0.90;-0.10;9.40
8317218;091216;075056.13;512125.3692N;090930.8484E;321.915634;-48.10;-0.30;359.00;9.50
8317268;091216;075057.05;512125.3692N;090930.8484E;321.915634;-47.50;0.00;359.00;9.50
8317318;091216;075058.13;512125.3692N;090930.8484E;321.915634;-48.60;0.30;359.20;9.40
8317368;091216;075059.05;512125.3692N;090930.8484E;321.915634;-48.80;-1.10;-0.20;9.40
8317418;091216;075100.12;512125.3692N;090930.8484E;321.915634;-47.60;4.40;0.20;9.40
8317468;091216;075101.05;512125.3692N;090930.8484E;321.915634;-47.90;0.00;-0.30;9.50
8317518;091216;075102.05;512125.3692N;090930.8484E;321.915634;-47.20;0.90;358.40;9.40
8317568;091216;075103.05;512125.3692N;090930.8484E;321.915634;-48.10;0.90;-0.40;9.40
8317618;091216;075104.05;512125.3692N;090930.8484E;321.915634;-48.30;0.20;359.00;9.40
8317668;091216;075105.05;512125.3692N;090930.8484E;321.915634;-48.80;-1.00;0.00;9.40
8317718;091216;075106.05;512125.3692N;090930.8484E;321.915634;-48.20;0.10;359.20;9.50
8317768;091216;075107.05;512125.3692N;090930.8484E;321.915634;-48.20;0.00;-0.20;9.50
8317818;091216;075108.05;512125.3692N;090930.8484E;321.915634;-47.70;0.20;358.90;9.50
8317868;091216;075109.05;512125.3692N;090930.8484E;321.915634;-48.80;-0.80;0.30;9.50
8317918;091216;075110.05;512125.3692N;090930.8484E;321.915634;-48.70;-0.70;-0.10;9.50
8317968;091216;075111.05;512125.3692N;090930.8484E;321.915634;-47.80;0.30;358.80;9.40
8318018;091216;075112.05;512125.3692N;090930.8484E;321.915634;-47.90;0.30;0.00;9.40
8318068;091216;075113.05;512125.3692N;090930.8484E;321.915634;-47.90;0.50;359.10;9.50
8318118;091216;075114.05;512125.3692N;090930.8484E;321.915634;-48.80;-0.80;0.10;9.40
8318168;091216;075115.05;512125.3692N;090930.8484E;321.915634;-48.80;-0.80;0.10;9.50
8318218;091216;075116.05;512125.3692N;090930.8484E;321.915634;-47.80;-0.30;-0.20;9.50
8318268;091216;075117.05;512125.3692N;090930.8484E;321.915634;-48.00;0.50;359.00;9.50
8318318;091216;075118.05;512125.3692N;090930.8484E;321.915634;-48.10;0.20;359.30;9.50
8318368;091216;075119.05;512125.3692N;090930.8484E;321.915634;-48.80;-1.00;0.10;9.50
8318418;091216;075120.05;512125.3692N;090930.8484E;321.915634;-48.20;-0.40;359.30;9.40
8318468;091216;075121.05;512125.3692N;090930.8484E;321.915634;-47.50;0.40;359.10;9.40
8318518;091216;075122.05;512125.3692N;090930.8484E;321.915634;-48.30;0.50;359.20;9.50
8318568;091216;075123.05;512125.3692N;090930.8484E;321.915634;-48.50;-0.90;0.00;9.40
8318618;091216;075124.05;512125.3692N;090930.8484E;321.915634;-48.70;-0.60;-0.20;9.40
8318668;091216;075125.05;512125.3692N;090930.8484E;321.915634;-47.40;-0.10;359.20;9.40
8318718;091216;075126.05;512125.3692N;090930.8484E;321.915634;-48.00;0.50;359.10;9.40
8318759;091216;075127.05;512125.3692N;090930.8484E;321.915634;-48.30;-0.10;-0.20;9.40
8318809;091216;075128.05;512125.3692N;090930.8484E;321.915634;-49.00;-1.20;0.00;9.40
8318859;091216;075129.05;512125.3692N;090930.8484E;321.915634;-47.80;-0.80;359.00;9.40
8318909;091216;075130.05;512125.3692N;090930.8484E;321.915634;-48.40;-1.10;0.40;9.40
8318959;091216;075131.05;512125.3692N;090930.8484E;321.915634;-48.30;-0.40;-0.10;9.40
8319009;091216;075132.05;512125.3692N;090930.8484E;321.915634;-48.10;0.10;359.20;9.50
8319059;091216;075133.11;512125.3692N;090930.8484E;321.915634;-48.40;0.20;359.10;9.40
8319109;091216;075134.05;512125.3692N;090930.8484E;321.915634;-48.90;-0.70;0.20;9.40
8319159;091216;075135.13;512125.3692N;090930.8484E;321.915634;-46.70;1.00;356.20;9.40
8319209;091216;075136.05;512125.3692N;090930.8484E;321.915634;-47.40;0.90;359.20;9.50
8319259;091216;075137.05;512125.3692N;090930.8484E;321.915634;-48.10;0.40;359.00;9.40
8319306;091216;075137.95;512125.3692N;090930.8484E;321.915634;-48.90;-0.90;0.20;9.40
8319356;091216;075139.05;512125.3692N;090930.8484E;321.915634;-48.30;-0.30;-0.30;9.40
8319406;091216;075139.95;512125.3692N;090930.8484E;321.915634;-48.10;0.30;358.90;9.50
8319456;091216;075141.05;512125.3692N;090930.8484E;321.915634;-47.90;0.50;359.00;9.50
8319506;091216;075142.11;512125.3692N;090930.8484E;321.915634;-49.00;-0.50;-0.10;9.40
8319556;091216;075143.05;512125.3692N;090930.8484E;321.915634;-48.70;-1.10;0.00;9.40
8319606;091216;075144.13;512125.3692N;090930.8484E;321.915634;-48.00;0.40;358.80;9.40
8319656;091216;075145.05;512125.3692N;090930.8484E;321.915634;-48.00;0.20;359.10;9.40
8319706;091216;075146.13;512125.3692N;090930.8484E;321.915634;-48.70;-0.60;-0.20;9.40
8319756;091216;075147.05;512125.3692N;090930.8484E;321.915634;-48.90;-0.90;-0.20;9.50
8319806;091216;075148.12;512125.3692N;090930.8484E;321.915634;-48.00;0.70;358.80;9.50
8319856;091216;075149.05;512125.3692N;090930.8484E;321.915634;-47.30;0.20;359.20;9.50
8319906;091216;075150.05;512125.3692N;090930.8484E;321.915634;-48.50;-0.40;-0.10;9.50
8319956;091216;075151.11;512125.3692N;090930.8484E;321.915634;-48.60;-0.60;359.30;9.40
8320006;091216;075152.05;512125.3692N;090930.8484E;321.915634;-47.60;0.30;359.20;9.50
8320056;091216;075153.12;512125.3692N;090930.8484E;321.915634;-47.90;0.10;359.50;9.50
8320106;091216;075154.05;512125.3692N;090930.8484E;321.915634;-47.60;0.70;359.20;9.50
8320156;091216;075155.13;512125.3692N;090930.8484E;321.915634;-48.80;-0.50;-0.40;9.50
8320206;091216;075156.05;512125.3692N;090930.8484E;321.915634;-48.60;-1.00;-0.20;9.50
8320256;091216;075157.11;512125.3692N;090930.8484E;321.915634;-48.40;1.40;0.20;9.50
8320304;091216;075158.05;512125.3692N;090930.8484E;321.915634;-47.60;-0.20;359.30;9.50
8320354;091216;075159.05;512125.3692N;090930.8484E;321.915634;-47.10;1.20;358.60;9.50
8320404;091216;075200.05;512125.3692N;090930.8484E;321.915634;-47.40;0.40;358.70;9.60
8320454;091216;075201.05;512125.3692N;090930.8484E;321.915634;-48.60;0.10;359.20;9.50
8320504;091216;075202.05;512125.3692N;090930.8484E;321.915634;-49.00;-1.00;0.20;9.50
8320554;091216;075203.05;512125.3692N;090930.8484E;321.915634;-48.10;0.10;358.80;9.50
8320604;091216;075204.05;512125.3692N;090930.8484E;321.915634;-47.80;0.50;359.10;9.50
8320654;091216;075205.05;512125.3692N;090930.8484E;321.915634;-47.80;-0.30;359.10;9.50
8320704;091216;075206.05;512125.3692N;090930.8484E;321.915634;-49.10;-1.00;0.30;9.40
8320754;091216;075207.05;512125.3692N;090930.8484E;321.915634;-48.30;0.10;359.00;9.50
8320804;091216;075208.05;512125.3692N;090930.8484E;321.915634;-48.00;0.50;359.00;9.50
8320854;091216;075209.05;512125.3692N;090930.8484E;321.915634;-48.40;-0.20;0.20;9.40
8320904;091216;075210.05;512125.3692N;090930.8484E;321.915634;-48.90;-0.90;0.20;9.50
8320954;091216;075211.05;512125.3692N;090930.8484E;321.915634;-48.60;-0.40;-0.20;9.50
8321004;091216;075212.05;512125.3692N;090930.8484E;321.915634;-47.90;0.50;359.00;9.50
8321054;091216;075213.05;512125.3692N;090930.8484E;321.915634;-48.00;-0.40;359.20;9.50
8321094;091216;075214.05;512125.3692N;090930.8484E;321.915634;-48.80;-0.80;-0.20;9.50
8321144;091216;075215.05;512125.3692N;090930.8484E;321.915634;-48.70;-1.10;0.00;9.60
8321188;091216;075216.05;512125.3692N;090930.8484E;321.915634;-47.90;0.20;359.00;9.60
8321238;091216;075217.05;512125.3692N;090930.8484E;321.915634;-48.50;-0.30;-0.20;9.50
8321288;091216;075218.05;512125.3692N;090930.8484E;321.915634;-48.80;-1.10;0.20;9.50
8321338;091216;075219.05;512125.3692N;090930.8484E;321.915634;-48.50;-1.10;-0.10;9.50
8321388;091216;075220.05;512125.3692N;090930.8484E;321.915634;-48.00;0.30;359.20;9.50
8321438;091216;075221.05;512125.3692N;090930.8484E;321.915634;-47.70;0.60;359.20;9.60
8321488;091216;075222.05;512125.3692N;090930.8484E;321.915634;-48.50;-0.90;0.10;9.50
8321538;091216;075223.05;512125.3692N;090930.8484E;321.915634;-49.00;-1.10;0.00;9.50
8321588;091216;075224.05;512125.3692N;090930.8484E;321.915634;-47.90;0.10;359.20;9.60
8321638;091216;075225.05;512125.3692N;090930.8484E;321.915634;-48.00;0.40;359.10;9.60
8321688;091216;075226.05;512125.3692N;090930.8484E;321.915634;-48.60;0.30;0.10;9.60
8321738;091216;075227.05;512125.3692N;090930.8484E;321.915634;-48.60;-1.60;0.40;9.50
8321788;091216;075228.05;512125.3692N;090930.8484E;321.915634;-47.90;-0.60;359.30;9.60
8321838;091216;075229.05;512125.3692N;090930.8484E;321.915634;-48.80;-1.10;-0.10;9.60
8321888;091216;075230.13;512125.3692N;090930.8484E;321.915634;-49.00;-0.30;-0.40;9.60
8321934;091216;075231.05;512125.3692N;090930.8484E;321.915634;-47.60;0.60;358.90;9.60
8321984;091216;075232.13;512125.3692N;090930.8484E;321.915634;-48.70;-0.40;359.20;9.50
8322034;091216;075233.05;512125.3692N;090930.8484E;321.915634;-48.40;-0.80;-0.40;9.50
8322084;091216;075234.05;512125.3692N;090930.8484E;321.915634;-49.10;-0.90;0.30;9.60
8322134;091216;075234.95;512125.3692N;090930.8484E;321.915634;-48.10;0.20;359.00;9.50
8322184;091216;075236.05;512125.3692N;090930.8484E;321.915634;-48.30;0.30;359.20;9.50
8322234;091216;075236.95;512125.3692N;090930.8484E;321.915634;-49.20;-1.00;0.30;9.50
8322284;091216;075238.05;512125.3692N;090930.8484E;321.915634;-49.00;-0.70;0.10;9.50
8322334;091216;075239.13;512125.3692N;090930.8484E;321.915634;-48.60;-0.50;-0.20;9.50
8322384;091216;075240.05;512125.3692N;090930.8484E;321.915634;-48.00;0.30;359.20;9.50
8322434;091216;075241.14;512125.3692N;090930.8484E;321.915634;-48.50;0.10;359.30;9.60
8322474;091216;075242.05;512125.3692N;090930.8484E;321.915634;-48.10;0.30;359.30;9.50
8322524;091216;075243.13;512125.3692N;090930.8484E;321.915634;-49.00;-1.00;0.00;9.50
8322574;091216;075244.05;512125.3692N;090930.8484E;321.915634;-48.30;-0.50;359.40;9.50
8322624;091216;075245.12;512125.3692N;090930.8484E;321.915634;-48.10;0.50;359.10;9.60
8322674;091216;075246.05;512125.3692N;090930.8484E;321.915634;-48.10;-0.50;-0.10;9.60
8322724;091216;075247.05;512125.3692N;090930.8484E;321.915634;-48.50;-1.10;0.00;9.50
8322774;091216;075248.14;512125.3692N;090930.8484E;321.915634;-48.40;0.20;359.20;9.60
8322824;091216;075249.05;512125.3692N;090930.8484E;321.915634;-48.00;0.50;359.20;9.60
8322874;091216;075249.95;512125.3692N;090930.8484E;321.915634;-48.50;-0.70;-0.10;9.50
8322924;091216;075251.05;512125.3692N;090930.8484E;321.915634;-48.10;-0.40;-0.30;9.50
8322974;091216;075252.13;512125.3692N;090930.8484E;321.915634;-48.90;-0.80;-0.10;9.60
8323024;091216;075253.05;512125.3692N;090930.8484E;321.915634;-48.20;-0.30;359.20;9.60
8323074;091216;075254.13;512125.3692N;090930.8484E;321.915634;-47.80;5.10;-0.10;9.50
8323124;091216;075255.05;512125.3692N;090930.8484E;321.915634;-48.00;0.20;-0.10;9.60
8323174;091216;075256.05;512125.3692N;090930.8484E;321.915634;-48.10;-0.50;-0.30;9.60
8323224;091216;075257.05;512125.3692N;090930.8484E;321.915634;-47.70;0.40;359.10;9.60
8323274;091216;075258.05;512125.3692N;090930.8484E;321.915634;-49.20;-0.60;0.10;9.60
8323324;091216;075259.05;512125.3692N;090930.8484E;321.915634;-48.40;-0.70;-0.30;9.60
8323374;091216;075300.05;512125.3692N;090930.8484E;321.915634;-48.10;0.10;359.00;9.60
8323424;091216;075301.05;512125.3692N;090930.8484E;321.915634;-47.90;1.10;359.10;9.60
8323474;091216;075302.05;512125.3692N;090930.8484E;321.915634;-48.20;0.00;359.20;9.60
8323524;091216;075303.15;512125.3692N;090930.8484E;321.915634;-48.80;-0.90;0.10;9.60
8323573;091216;075304.15;512125.3692N;090930.8484E;321.915634;-48.00;-0.10;359.20;9.60
8323622;091216;075305.15;512125.3692N;090930.8484E;321.915634;-47.80;0.30;359.00;9.60
8323672;091216;075306.15;512125.3692N;090930.8484E;321.915634;-48.00;-0.70;359.40;9.60
8323722;091216;075307.15;512125.3692N;090930.8484E;321.915634;-48.80;-1.20;0.20;9.60
8323772;091216;075308.15;512125.3692N;090930.8484E;321.915634;-48.40;-0.50;-0.40;9.70
8323822;091216;075309.15;512125.3692N;090930.8484E;321.915634;-47.90;0.60;358.70;9.60
8323872;091216;075310.15;512125.3692N;090930.8484E;321.915634;-48.40;-0.60;0.10;9.60
8323922;091216;075311.15;512125.3692N;090930.8484E;321.915634;-48.50;-0.50;-0.20;9.60
8323972;091216;075312.15;512125.3692N;090930.8484E;321.915634;-48.40;-0.90;-0.20;9.70
8324022;091216;075313.15;512125.3692N;090930.8484E;321.915634;-48.10;0.60;359.10;9.60
8324072;091216;075314.15;512125.3692N;090930.8484E;321.915634;-48.30;0.00;-0.30;9.60
8324122;091216;075315.15;512125.3692N;090930.8484E;321.915634;-48.30;-0.60;-0.10;9.60
8324172;091216;075316.15;512125.3692N;090930.8484E;321.915634;-48.50;-0.70;-0.20;9.60
8324222;091216;075317.15;512125.3692N;090930.8484E;321.915634;-48.20;0.20;359.10;9.50
8324272;091216;075318.15;512125.3692N;090930.8484E;321.915634;-48.20;-0.10;359.40;9.50
8324322;091216;075319.15;512125.3692N;090930.8484E;321.915634;-48.30;-1.50;-0.10;9.60
8324372;091216;075320.15;512125.3692N;090930.8484E;321.915634;-48.90;-1.10;0.00;9.60
8324422;091216;075321.15;512125.3692N;090930.8484E;321.915634;-48.10;0.10;359.10;9.60
8324472;091216;075322.15;512125.3692N;090930.8484E;321.915634;-48.10;0.50;359.20;9.50
8324522;091216;075323.15;512125.3692N;090930.8484E;321.915634;-48.10;-0.50;359.10;9.50
8324572;091216;075324.15;512125.3692N;090930.8484E;321.915634;-48.20;-0.50;-0.10;9.60
8324622;091216;075325.15;512125.3692N;090930.8484E;321.915634;-48.50;-0.90;0.20;9.60
8324672;091216;075326.15;512125.3692N;090930.8484E;321.915634;-48.90;-1.00;0.20;9.50
8324722;091216;075327.11;512125.3692N;090930.8484E;321.915634;-48.70;-0.10;359.30;9.60
8324772;091216;075328.15;512125.3692N;090930.8484E;321.915634;-47.80;0.40;358.80;9.60
8324818;091216;075329.12;512125.3692N;090930.8484E;321.915634;-49.40;-0.50;0.50;9.50
8324868;091216;075330.15;512125.3692N;090930.8484E;321.915634;-48.30;-1.00;-0.30;9.60
8324918;091216;075331.15;512125.3692N;090930.8484E;321.915634;-48.90;-0.70;0.00;9.60
8324968;091216;075332.12;512125.3692N;090930.8484E;321.915634;-48.20;0.30;358.80;9.60
8325018;091216;075333.15;512125.3692N;090930.8484E;321.915634;-48.40;0.10;359.30;9.60
8325068;091216;075334.15;512125.3692N;090930.8484E;321.915634;-48.70;-1.10;-0.10;9.50
8325118;091216;075335.15;512125.3692N;090930.8484E;321.915634;-48.60;-0.80;0.10;9.50
8325168;091216;075336.12;512125.3692N;090930.8484E;321.915634;-48.30;-0.30;359.40;9.50
8325218;091216;075337.15;512125.3692N;090930.8484E;321.915634;-47.80;0.50;359.10;9.60
8325268;091216;075338.14;512125.3692N;090930.8484E;321.915634;-48.10;0.40;358.80;9.60
8325314;091216;075339.15;512125.3692N;090930.8484E;321.915634;-48.20;-0.20;359.30;9.60
8325364;091216;075340.14;512125.3692N;090930.8484E;321.915634;-48.90;-1.20;-0.10;9.60
8325414;091216;075341.15;512125.3692N;090930.8484E;321.915634;-48.60;-0.50;359.40;9.50
8325464;091216;075342.12;512125.3692N;090930.8484E;321.915634;-48.20;0.40;359.20;9.50
8325514;091216;075343.15;512125.3692N;090930.8484E;321.915634;-48.00;-0.80;-0.20;9.50
8325564;091216;075344.15;512125.3692N;090930.8484E;321.915634;-48.80;-1.10;0.00;9.50
8325614;091216;075345.12;512125.3692N;090930.8484E;321.915634;-48.30;0.20;359.20;9.50
8325664;091216;075346.15;512125.3692N;090930.8484E;321.915634;-47.90;0.70;359.20;9.50
8325714;091216;075347.13;512125.3692N;090930.8484E;321.915634;-49.00;-0.50;0.10;9.50
8325762;091216;075348.15;512125.3692N;090930.8484E;321.915634;-48.50;-1.20;0.10;9.50
8325812;091216;075349.12;512125.3692N;090930.8484E;321.915634;-48.10;0.30;359.20;9.50
8325862;091216;075350.15;512125.3692N;090930.8484E;321.915634;-48.20;0.50;359.10;9.50
8325912;091216;075351.12;512125.3692N;090930.8484E;321.915634;-48.60;0.20;0.30;9.50
8325962;091216;075352.15;512125.3692N;090930.8484E;321.915634;-48.50;-1.40;0.00;9.50
8326012;091216;075353.15;512125.3692N;090930.8484E;321.915634;-48.10;-0.50;0.20;9.50
8326062;091216;075354.15;512125.3692N;090930.8484E;321.915634;-48.40;-0.60;-0.30;9.50
8326105;091216;075355.15;512125.3692N;090930.8484E;321.915634;-48.40;-0.20;359.40;9.50
8326155;091216;075356.15;512125.3692N;090930.8484E;321.915634;-48.10;0.50;359.00;9.50
8326205;091216;075357.15;512125.3692N;090930.8484E;321.915634;-48.70;-0.60;-0.20;9.50
8326255;091216;075358.15;512125.3692N;090930.8484E;321.915634;-48.50;-1.30;-0.20;9.60
8326305;091216;075359.15;512125.3692N;090930.8484E;321.915634;-48.40;-0.40;-0.30;9.50
8326355;091216;075400.15;512125.3692N;090930.8484E;321.915634;-48.20;0.40;358.90;9.60
8326405;091216;075401.15;512125.3692N;090930.8484E;321.915634;-48.40;-0.50;-0.20;9.60
8326455;091216;075402.15;512125.3692N;090930.8484E;321.915634;-49.20;-1.00;0.30;9.50
8326505;091216;075403.15;512125.3692N;090930.8484E;321.915634;-48.10;0.00;-0.30;9.50
8326555;091216;075404.15;512125.3692N;090930.8484E;321.915634;-47.80;0.60;358.90;9.50
8326605;091216;075405.15;512125.3692N;090930.8484E;321.915634;-48.10;0.20;359.20;9.60
8326655;091216;075406.15;512125.3692N;090930.8484E;321.915634;-49.00;-1.10;0.20;9.50
8326705;091216;075407.15;512125.3692N;090930.8484E;321.915634;-48.00;-0.50;0.00;9.50
8326755;091216;075408.15;512125.3692N;090930.8484E;321.915634;-48.50;-0.10;359.30;9.50
8326805;091216;075409.15;512125.3692N;090930.8484E;321.915634;-48.10;0.60;359.20;9.50
8326855;091216;075410.15;512125.3692N;090930.8484E;321.915634;-49.00;-0.80;0.00;9.50
8326905;091216;075411.15;512125.3692N;090930.8484E;321.915634;-48.10;-0.50;-0.30;9.50
8326955;091216;075412.15;512125.3692N;090930.8484E;321.915634;-47.60;0.40;359.30;9.50
8327005;091216;075413.15;512125.3692N;090930.8484E;321.915634;-48.40;0.70;359.30;9.50
8327055;091216;075414.15;512125.3692N;090930.8484E;321.915634;-48.50;-0.70;-0.20;9.50
8327105;091216;075415.15;512125.3692N;090930.8484E;321.915634;-48.30;-0.50;359.40;9.50
8327155;091216;075416.15;512125.3692N;090930.8484E;321.915634;-47.70;-0.50;359.00;9.50
8327205;091216;075417.15;512125.3692N;090930.8484E;321.915634;-48.20;0.30;359.20;9.50
8327255;091216;075418.15;512125.3692N;090930.8484E;321.915634;-48.70;-1.20;-0.20;9.50
8327305;091216;075419.15;512125.3692N;090930.8484E;321.915634;-48.30;-0.30;359.40;9.50
8327355;091216;075420.15;512125.3692N;090930.8484E;321.915634;-47.80;0.70;358.90;9.50
8327405;091216;075421.15;512125.3692N;090930.8484E;321.915634;-48.20;-0.90;0.50;9.50
8327454;091216;075422.15;512125.3692N;090930.8484E;321.915634;-47.10;1.30;358.70;9.50
8327504;091216;075423.15;512125.3692N;090930.8484E;321.915634;-47.90;0.30;359.00;9.50
8327554;091216;075424.12;512125.3692N;090930.8484E;321.915634;-49.10;-0.90;0.20;9.50
8327604;091216;075425.15;512125.3692N;090930.8484E;321.915634;-48.40;-0.10;359.10;9.50
8327654;091216;075426.12;512125.3692N;090930.8484E;321.915634;-47.60;0.40;357.70;9.50
8327704;091216;075427.15;512125.3692N;090930.8484E;321.915634;-48.40;-0.80;0.30;9.50
8327754;091216;075428.15;512125.3692N;090930.8484E;321.915634;-48.80;-1.10;0.30;9.50
8327804;091216;075429.12;512125.3692N;090930.8484E;321.915634;-48.40;0.40;359.10;9.50
8327846;091216;075430.15;512125.3692N;090930.8484E;321.915634;-48.00;0.30;358.80;9.40
8327896;091216;075431.12;512125.3692N;090930.8484E;321.915634;-48.80;-0.80;0.00;9.50
8327946;091216;075432.15;512125.3692N;090930.8484E;321.915634;-48.80;-0.90;0.10;9.50
8327996;091216;075432.95;512125.3692N;090930.8484E;321.915634;-48.50;0.00;359.40;9.50
8328046;091216;075434.15;512125.3692N;090930.8484E;321.915634;-48.10;0.40;359.00;9.50
8328096;091216;075435.12;512125.3692N;090930.8484E;321.915634;-48.60;-0.50;-0.10;9.50
8328146;091216;075436.15;512125.3692N;090930.8484E;321.915634;-48.30;-0.80;-0.20;9.50
8328196;091216;075437.14;512125.3692N;090930.8484E;321.915634;-48.50;-0.50;359.40;9.50
8328246;091216;075438.15;512125.3692N;090930.8484E;321.915634;-47.90;0.50;359.00;9.50
8328296;091216;075439.13;512125.3692N;090930.8484E;321.915634;-48.40;-0.40;-0.30;9.60
8328346;091216;075440.15;512125.3692N;090930.8484E;321.915634;-48.40;-0.50;-0.20;9.50
8328396;091216;075441.15;512125.3692N;090930.8484E;321.915634;-48.90;-0.90;-0.10;9.60
8328445;091216;075442.11;512125.3692N;090930.8484E;321.915634;-48.10;0.80;359.10;9.50
8328495;091216;075443.15;512125.3692N;090930.8484E;321.915634;-48.00;0.40;359.10;9.50
8328545;091216;075444.15;512125.3692N;090930.8484E;321.915634;-48.90;-1.10;0.00;9.50
8328595;091216;075445.15;512125.3692N;090930.8484E;321.915634;-48.60;-1.00;-0.20;9.50
8328645;091216;075445.95;512125.3692N;090930.8484E;321.915634;-48.30;0.30;359.10;9.50
8328695;091216;075447.15;512125.3692N;090930.8484E;321.915634;-48.10;0.40;359.30;9.40
8328745;091216;075448.12;512125.3692N;090930.8484E;321.915634;-48.10;0.00;359.20;9.50
8328795;091216;075449.15;512125.3692N;090930.8484E;321.915634;-47.60;-0.20;358.90;9.50
8328845;091216;075450.15;512125.3692N;090930.8484E;321.915634;-47.50;0.50;359.00;9.60
8328895;091216;075451.15;512125.3692N;090930.8484E;321.915634;-48.20;-0.10;-0.30;9.50
8328945;091216;075452.15;512125.3692N;090930.8484E;321.915634;-48.20;0.50;359.00;9.50
8328995;091216;075453.15;512125.3692N;090930.8484E;321.915634;-48.50;-0.20;-0.40;9.50
8329045;091216;075454.15;512125.3692N;090930.8484E;321.915634;-48.90;-1.00;0.30;9.50
8329095;091216;075455.15;512125.3692N;090930.8484E;321.915634;-47.60;-0.30;359.00;9.50
8329145;091216;075456.15;512125.3692N;090930.8484E;321.915634;-48.00;0.20;359.10;9.40
8329195;091216;075457.15;512125.3692N;090930.8484E;321.915634;-48.20;0.00;359.20;9.50
8329245;091216;075458.15;512125.3859N;090930.8349E;321.606927;-48.50;-0.70;0.00;9.50
8329295;091216;075459.15;512125.3859N;090930.8349E;321.606927;-48.50;-0.20;359.40;9.40
8329345;091216;075500.15;512125.3859N;090930.8349E;321.606927;-47.60;0.60;358.70;9.40
8329395;091216;075501.15;512125.3859N;090930.8349E;321.606927;-48.20;0.20;359.20;9.40
8329445;091216;075502.15;512125.3859N;090930.8349E;321.606927;-48.80;-1.00;0.30;9.40
8329495;091216;075503.15;512125.3859N;090930.8349E;321.606927;-48.10;0.60;359.10;9.50
8329545;091216;075504.15;512125.3976N;090930.8151E;320.479251;-47.80;-0.60;-0.20;9.40
8329595;091216;075505.15;512125.3976N;090930.8151E;320.479251;-48.40;-0.50;-0.30;9.40
8329645;091216;075506.15;512125.3976N;090930.8151E;320.479251;-48.50;-0.70;-0.30;9.40
8329695;091216;075507.15;512125.3976N;090930.8151E;320.479251;-48.20;0.30;359.00;9.40
8329745;091216;075508.15;512125.3976N;090930.8151E;320.479251;-48.20;-0.10;-0.30;9.40
8329795;091216;075509.15;512125.3976N;090930.8151E;320.479251;-47.90;0.00;-0.30;9.40
8329845;091216;075510.15;512125.3976N;090930.8151E;320.479251;-48.60;-1.10;-0.10;9.40
8329895;091216;075511.15;512125.3976N;090930.8151E;320.479251;-48.20;0.50;359.20;9.40
8329945;091216;075512.15;512125.3976N;090930.8151E;320.479251;-48.20;0.40;359.20;9.40
8329995;091216;075513.15;512125.3976N;090930.8151E;320.479251;-48.20;-0.70;0.10;9.40
8330045;091216;075514.15;512125.3976N;090930.8151E;320.479251;-48.80;-1.20;0.10;9.30
8330095;091216;075515.15;512125.3976N;090930.8151E;320.479251;-47.90;-0.50;359.20;9.40
8330145;091216;075516.15;512125.3976N;090930.8151E;320.479251;-48.10;0.40;359.10;9.40
8330195;091216;075517.15;512125.3976N;090930.8151E;320.479251;-48.80;-1.50;0.10;9.30
8330245;091216;075518.15;512125.3976N;090930.8151E;320.479251;-48.20;-0.80;0.10;9.40
8330295;091216;075519.15;512125.3976N;090930.8151E;320.479251;-48.70;-1.10;0.30;9.40
8330345;091216;075520.15;512125.3976N;090930.8151E;320.479251;-48.30;-0.50;-0.40;9.40
8330395;091216;075521.14;512125.3976N;090930.8151E;320.479251;-48.50;0.50;359.20;9.40
8330445;091216;075522.15;512125.3976N;090930.8151E;320.479251;-48.60;-0.60;-0.10;9.50
8330496;091216;075523.14;512125.3976N;090930.8151E;320.479251;-49.10;0.10;0.90;9.40
8330546;091216;075524.15;512125.3976N;090930.8151E;320.479251;-48.00;0.20;359.00;9.40
8330596;091216;075525.15;512125.3976N;090930.8151E;320.479251;-47.60;0.40;358.60;9.40
8330646;091216;075526.13;512125.3976N;090930.8151E;320.479251;-49.00;-0.90;0.30;9.50
8330696;091216;075527.15;512125.3976N;090930.8151E;320.479251;-48.40;-0.50;-0.30;9.50
8330746;091216;075528.12;512125.3997N;090930.7991E;320.434873;-47.90;0.40;359.00;9.40
8330796;091216;075529.15;512125.3997N;090930.7991E;320.434873;-47.80;0.50;359.20;9.50
8330846;091216;075530.14;512125.3997N;090930.7991E;320.434873;-49.00;-0.60;-0.10;9.50
8330896;091216;075531.15;512125.3997N;090930.7991E;320.434873;-48.80;-1.00;0.10;9.40
8330946;091216;075531.95;512125.3997N;090930.7991E;320.434873;-48.10;0.70;359.10;9.40
8330996;091216;075533.15;512125.3997N;090930.7991E;320.434873;-48.00;0.40;359.10;9.50
8331046;091216;075534.13;512125.3997N;090930.7991E;320.434873;-48.50;-0.50;-0.20;9.40
8331095;091216;075535.15;512125.3997N;090930.7991E;320.434873;-48.40;-0.90;-0.20;9.40
8331146;091216;075536.14;512125.3997N;090930.7991E;320.434873;-48.10;0.70;359.00;9.40
8331196;091216;075537.15;512125.3997N;090930.7991E;320.434873;-47.80;-0.50;-0.40;9.40
8331246;091216;075538.15;512125.3997N;090930.7991E;320.434873;-48.90;-0.90;0.10;9.40
8331296;091216;075539.13;512125.3997N;090930.7991E;320.434873;-48.40;0.20;359.10;9.50
8331345;091216;075540.15;512125.3997N;090930.7991E;320.434873;-48.00;0.40;359.30;9.50
8331396;091216;075541.12;512125.3997N;090930.7991E;320.434873;-48.80;-0.90;0.00;9.50
8331440;091216;075542.15;512125.3997N;090930.7991E;320.434873;-48.30;-0.50;359.30;9.50
8331490;091216;075542.95;512125.3997N;090930.7991E;320.434873;-48.20;0.40;359.20;9.50
8331540;091216;075544.15;512125.3997N;090930.7991E;320.434873;-48.50;-0.50;-0.20;9.50
8331590;091216;075544.95;512125.3997N;090930.7991E;320.434873;-48.80;0.40;-0.20;9.50
8331640;091216;075546.15;512125.3997N;090930.7991E;320.434873;-47.40;0.50;359.00;9.50
8331690;091216;075547.15;512125.3997N;090930.7991E;320.434873;-46.70;1.10;358.10;9.50
8331740;091216;075548.15;512125.3997N;090930.7991E;320.434873;-47.90;0.60;359.30;9.50
8331783;091216;075549.15;512125.3997N;090930.7991E;320.434873;-48.10;0.30;358.90;9.50
8331833;091216;075550.15;512125.3997N;090930.7991E;320.434873;-48.70;-0.70;0.10;9.50
8331883;091216;075551.15;512125.3997N;090930.7991E;320.434873;-48.40;-0.30;-0.40;9.60
8331933;091216;075552.15;512125.3997N;090930.7991E;320.434873;-47.90;0.50;359.20;9.60
8331983;091216;075553.15;512125.3997N;090930.7991E;320.434873;-48.00;0.10;359.30;9.60
8332033;091216;075554.15;512125.3997N;090930.7991E;320.434873;-49.10;-1.10;0.30;9.50
8332083;091216;075555.15;512125.3997N;090930.7991E;320.434873;-48.00;0.30;359.20;9.50
8332133;091216;075556.15;512125.3997N;090930.7991E;320.434873;-47.90;0.30;359.00;9.50
8332180;091216;075557.15;512125.3997N;090930.7991E;320.434873;-48.30;-0.60;0.00;9.50
8332230;091216;075558.15;512125.3997N;090930.7991E;320.434873;-48.70;-0.80;0.00;9.60
8332280;091216;075559.15;512125.3997N;090930.7991E;320.434873;-48.80;-0.80;-0.10;9.60
8332330;091216;075600.15;512125.3997N;090930.7991E;320.434873;-47.90;0.60;359.00;9.60
8332380;091216;075601.15;512125.3997N;090930.7991E;320.434873;-47.80;-0.20;359.20;9.60
8332430;091216;075602.15;512125.3997N;090930.7991E;320.434873;-48.70;-1.20;0.10;9.60
8332480;091216;075603.15;512125.3997N;090930.7991E;320.434873;-48.20;0.10;359.30;9.50
8332530;091216;075604.15;512125.3997N;090930.7991E;320.434873;-48.10;0.60;359.00;9.50
8332580;091216;075605.15;512125.3997N;090930.7991E;320.434873;-48.70;-0.80;0.20;9.50
8332630;091216;075606.15;512125.3997N;090930.7991E;320.434873;-48.60;-0.80;0.00;9.50
8332680;091216;075607.15;512125.3997N;090930.7991E;320.434873;-48.20;0.10;359.10;9.50
8332730;091216;075608.15;512125.3997N;090930.7991E;320.434873;-47.80;0.60;359.30;9.50
8332780;091216;075609.15;512125.3997N;090930.7991E;320.434873;-49.00;-1.30;0.10;9.40
8332830;091216;075610.15;512125.3997N;090930.7991E;320.434873;-47.50;-0.20;359.10;9.50
8332880;091216;075611.15;512125.3997N;090930.7991E;320.434873;-48.30;0.30;359.10;9.50
8332930;091216;075612.15;512125.3997N;090930.7991E;320.434873;-48.40;0.10;359.50;9.50
8332980;091216;075613.15;512125.3997N;090930.7991E;320.434873;-48.90;-0.90;-0.10;9.40
8333030;091216;075614.15;512125.3997N;090930.7991E;320.434873;-47.60;0.60;358.70;9.50
8333080;091216;075615.14;512125.3997N;090930.7991E;320.434873;-46.80;1.10;358.90;9.40
8333130;091216;075616.15;512125.3997N;090930.7991E;320.434873;-47.00;0.90;358.50;9.50
8333180;091216;075617.15;512125.3997N;090930.7991E;320.434873;-48.40;0.40;359.10;9.40
8333230;091216;075617.95;512125.3997N;090930.7991E;320.434873;-49.20;-0.90;0.20;9.50
8333280;091216;075619.15;512125.3997N;090930.7991E;320.434873;-47.70;0.40;358.90;9.50
8333330;091216;075620.14;512125.3997N;090930.7991E;320.434873;-49.30;-0.30;0.90;9.50
8333370;091216;075621.15;512125.3997N;090930.7991E;320.434873;-48.60;-1.00;0.10;9.50
8333420;091216;075622.15;512125.4073N;090930.7945E;319.250112;-48.10;0.00;359.40;9.50
8333470;091216;075622.95;512125.4073N;090930.7945E;319.250112;-48.30;0.30;359.00;9.50
8333520;091216;075624.15;512125.4073N;090930.7945E;319.250112;-48.60;-0.70;0.20;9.50
8333570;091216;075625.15;512125.4073N;090930.7945E;319.250112;-48.60;0.00;359.40;9.50
8333620;091216;075626.15;512125.4073N;090930.7945E;319.250112;-48.20;0.20;359.20;9.50
8333670;091216;075627.13;512125.4073N;090930.7945E;319.250112;-48.20;0.00;359.20;9.50
8333720;091216;075628.15;512125.4073N;090930.7945E;319.250112;-49.00;-0.90;0.20;9.50
8333770;091216;075628.95;512125.4073N;090930.7945E;319.250112;-48.50;0.30;359.20;9.50
8333820;091216;075630.15;512125.4073N;090930.7945E;319.250112;-48.00;0.50;359.40;9.50
8333870;091216;075631.14;512125.4073N;090930.7945E;319.250112;-49.00;-0.80;0.00;9.50
8333920;091216;075632.14;512125.4073N;090930.7945E;319.250112;-48.80;-1.10;-0.10;9.50
8333965;091216;075633.13;512125.4073N;090930.7945E;319.250112;-48.30;0.40;359.20;9.50
8334015;091216;075634.14;512125.4209N;090930.7981E;319.772800;-47.90;-0.30;359.40;9.50
8334065;091216;075635.14;512125.4209N;090930.7981E;319.772800;-48.50;-0.40;-0.10;9.40
8334115;091216;075636.14;512125.4209N;090930.7981E;319.772800;-48.70;-0.70;359.40;9.40
8334165;091216;075637.14;512125.4209N;090930.7981E;319.772800;-48.10;0.70;359.20;9.40
8334215;091216;075637.94;512125.4209N;090930.7981E;319.772800;-48.00;0.50;359.10;9.50
8334265;091216;075639.15;512125.4209N;090930.7981E;319.772800;-48.20;-0.10;-0.20;9.50
8334315;091216;075639.95;512125.4209N;090930.7981E;319.772800;-48.60;-0.70;-0.40;9.50
8334365;091216;075641.15;512125.4209N;090930.7981E;319.772800;-48.30;0.40;359.10;9.50
8334415;091216;075641.95;512125.4209N;090930.7981E;319.772800;-48.70;-0.50;0.40;9.50
8334465;091216;075643.15;512125.4209N;090930.7981E;319.772800;-48.00;-0.50;-0.20;9.50
8334515;091216;075644.15;512125.4209N;090930.7981E;319.772800;-48.00;-0.90;0.20;9.50
8334565;091216;075645.15;512125.4209N;090930.7981E;319.772800;-48.70;-0.60;0.40;9.50
8334615;091216;075646.15;512125.4356N;090930.7889E;318.937574;-48.00;0.10;358.90;9.50
8334665;091216;075647.15;512125.4356N;090930.7889E;318.937574;-47.80;0.30;359.10;9.50
8334715;091216;075648.15;512125.4356N;090930.7889E;318.937574;-49.10;-1.10;0.40;9.50
8334765;091216;075649.15;512125.4356N;090930.7889E;318.937574;-47.60;0.40;358.90;9.60
8334815;091216;075650.14;512125.4356N;090930.7889E;318.937574;-47.70;0.70;359.20;9.50
8334865;091216;075651.14;512125.4356N;090930.7889E;318.937574;-48.70;-0.50;-0.30;9.50
8334915;091216;075652.14;512125.4356N;090930.7889E;318.937574;-48.70;-0.90;0.00;9.50
8334965;091216;075653.14;512125.4356N;090930.7889E;318.937574;-47.70;0.40;358.80;9.50
8335015;091216;075654.14;512125.4356N;090930.7889E;318.937574;-48.00;-0.20;359.30;9.50
8335065;091216;075655.14;512125.4356N;090930.7889E;318.937574;-48.70;-0.40;-0.30;9.50
8335115;091216;075656.14;512125.4356N;090930.7889E;318.937574;-48.50;-0.70;-0.10;9.50
8335165;091216;075657.14;512125.4356N;090930.7889E;318.937574;-48.10;0.60;359.00;9.40
8335215;091216;075658.14;512125.4311N;090930.7774E;318.653122;-47.70;0.00;-0.40;9.50
8335265;091216;075659.14;512125.4311N;090930.7774E;318.653122;-48.90;-1.10;0.10;9.50
8335303;091216;075700.14;512125.4311N;090930.7774E;318.653122;-48.30;-0.50;-0.40;9.50
8335353;091216;075701.15;512125.4311N;090930.7774E;318.653122;-47.90;0.50;359.10;9.60
8335403;091216;075702.14;512125.4311N;090930.7774E;318.653122;-48.50;-0.30;-0.20;9.50
8335453;091216;075703.14;512125.4311N;090930.7774E;318.653122;-48.60;-0.60;0.00;9.50
8335503;091216;075704.15;512125.4311N;090930.7774E;318.653122;-48.40;-0.60;-0.40;9.60
8335553;091216;075705.15;512125.4311N;090930.7774E;318.653122;-48.00;0.50;359.10;9.50
8335603;091216;075706.15;512125.4311N;090930.7774E;318.653122;-48.50;-0.20;-0.40;9.60
8335653;091216;075707.14;512125.4311N;090930.7774E;318.653122;-48.00;0.00;-0.20;9.60
8335703;091216;075708.14;512125.4311N;090930.7774E;318.653122;-48.90;-0.90;-0.20;9.60
8335753;091216;075709.14;512125.4311N;090930.7774E;318.653122;-48.30;0.20;359.10;9.50
8335803;091216;075710.14;512125.4311N;090930.7774E;318.653122;-48.00;0.30;359.20;9.50
8335853;091216;075711.14;512125.4311N;090930.7774E;318.653122;-48.50;-1.60;359.30;9.60
8335903;091216;075712.14;512125.4311N;090930.7774E;318.653122;-47.50;0.70;358.70;9.60
8335953;091216;075713.14;512125.4311N;090930.7774E;318.653122;-48.00;-0.50;359.40;9.60
8336003;091216;075714.14;512125.4311N;090930.7774E;318.653122;-48.70;-0.50;-0.10;9.50
8336053;091216;075714.94;512125.4311N;090930.7774E;318.653122;-48.50;0.40;359.00;9.60
8336103;091216;075716.14;512125.4311N;090930.7774E;318.653122;-48.30;-0.40;-0.30;9.60
8336153;091216;075717.13;512125.4311N;090930.7774E;318.653122;-48.40;-0.80;358.90;9.60
8336203;091216;075718.14;512125.4311N;090930.7774E;318.653122;-47.50;0.30;358.80;9.50
8336253;091216;075719.15;512125.4311N;090930.7774E;318.653122;-47.70;0.30;358.90;9.50
8336303;091216;075719.94;512125.4311N;090930.7774E;318.653122;-49.10;-0.60;-0.10;9.50
8336353;091216;075721.14;512125.4311N;090930.7774E;318.653122;-48.60;-0.80;0.10;9.50
8336403;091216;075722.14;512125.4311N;090930.7774E;318.653122;-48.30;0.40;359.10;9.60
8336453;091216;075723.14;512125.4311N;090930.7774E;318.653122;-47.80;0.60;359.10;9.50
8336503;091216;075724.15;512125.4311N;090930.7774E;318.653122;-48.90;-0.90;0.20;9.60
8336553;091216;075725.14;512125.4311N;090930.7774E;318.653122;-48.70;-0.90;-0.10;9.50
8336603;091216;075726.15;512125.4311N;090930.7774E;318.653122;-47.80;0.70;358.80;9.50
8336653;091216;075727.14;512125.4311N;090930.7774E;318.653122;-47.70;0.60;359.00;9.60
8336703;091216;075728.15;512125.4311N;090930.7774E;318.653122;-49.20;-1.20;0.10;9.60
8336753;091216;075729.14;512125.4311N;090930.7774E;318.653122;-48.00;-0.20;359.20;9.50
8336802;091216;075730.14;512125.4311N;090930.7774E;318.653122;-48.20;0.50;358.90;9.60
8336852;091216;075731.14;512125.4311N;090930.7774E;318.653122;-47.90;0.30;-0.40;9.50
8336902;091216;075732.14;512125.4311N;090930.7774E;318.653122;-48.50;-0.50;-0.10;9.60
8336952;091216;075733.13;512125.4311N;090930.7774E;318.653122;-48.30;-0.70;-0.30;9.60
8337002;091216;075734.14;512125.4311N;090930.7774E;318.653122;-48.30;0.00;359.20;9.60
8337052;091216;075734.94;512125.4311N;090930.7774E;318.653122;-48.50;-0.20;-0.40;9.60
8337102;091216;075736.14;512125.4311N;090930.7774E;318.653122;-48.50;-1.00;0.10;9.50
8337152;091216;075737.15;512125.4311N;090930.7774E;318.653122;-48.50;-0.30;359.20;9.50
8337202;091216;075738.14;512125.4311N;090930.7774E;318.653122;-48.10;0.60;359.10;9.60
8337252;091216;075738.94;512125.4311N;090930.7774E;318.653122;-48.00;-0.50;359.10;9.60
8337302;091216;075740.14;512125.4286N;090930.7843E;318.348979;-48.60;-1.30;0.10;9.50
8337352;091216;075741.14;512125.4286N;090930.7843E;318.348979;-47.50;-0.30;358.80;9.50
8337402;091216;075742.14;512125.4286N;090930.7843E;318.348979;-48.70;-0.70;0.40;9.50
8337452;091216;075743.14;512125.4286N;090930.7843E;318.348979;-48.20;0.20;359.10;9.50
8337502;091216;075744.14;512125.4286N;090930.7843E;318.348979;-48.30;-0.20;359.20;9.50
8337552;091216;075745.14;512125.4286N;090930.7843E;318.348979;-49.10;-1.00;0.20;9.50
8337602;091216;075746.14;512125.4216N;090930.7977E;319.432056;-48.40;-0.50;359.50;9.50
8337652;091216;075747.14;512125.4216N;090930.7977E;319.432056;-47.40;0.50;358.90;9.60
8337702;091216;075748.14;512125.4216N;090930.7977E;319.432056;-48.50;-0.40;359.50;9.60
8337752;091216;075749.14;512125.4216N;090930.7977E;319.432056;-48.40;-0.50;0.00;9.60
8337802;091216;075750.14;512125.4216N;090930.7977E;319.432056;-47.90;0.50;358.80;9.60
8337852;091216;075751.14;512125.4216N;090930.7977E;319.432056;-47.90;-0.20;359.10;9.50
8337902;091216;075752.14;512125.4216N;090930.7977E;319.432056;-48.70;-0.50;-0.10;9.50
8337952;091216;075753.14;512125.4216N;090930.7977E;319.432056;-48.50;-0.60;-0.20;9.40
8338002;091216;075754.14;512125.4216N;090930.7977E;319.432056;-47.70;0.50;359.00;9.50
8338052;091216;075755.14;512125.4216N;090930.7977E;319.432056;-47.90;-0.60;359.50;9.50
8338102;091216;075756.14;512125.4216N;090930.7977E;319.432056;-48.70;-1.30;0.10;9.50
8338152;091216;075757.14;512125.4216N;090930.7977E;319.432056;-47.90;-0.10;359.10;9.50
8338202;091216;075758.14;512125.4216N;090930.7977E;319.432056;-48.30;0.40;359.20;9.60
8338252;091216;075759.14;512125.4216N;090930.7977E;319.432056;-48.50;-1.10;-0.10;9.50
8338302;091216;075800.14;512125.4216N;090930.7977E;319.432056;-47.90;-0.90;359.50;9.60
8338352;091216;075801.14;512125.4216N;090930.7977E;319.432056;-47.90;0.60;359.10;9.60
8338402;091216;075802.14;512125.4216N;090930.7977E;319.432056;-48.30;-0.70;-0.30;9.60
8338452;091216;075803.14;512125.4216N;090930.7977E;319.432056;-48.70;-1.10;0.10;9.50
8338502;091216;075804.14;512125.4216N;090930.7977E;319.432056;-47.70;-0.50;359.40;9.60
8338552;091216;075805.14;512125.4216N;090930.7977E;319.432056;-48.00;0.40;359.10;9.60
8338602;091216;075806.14;512125.4216N;090930.7977E;319.432056;-48.00;0.30;-0.40;9.60
8338652;091216;075807.14;512125.4216N;090930.7977E;319.432056;-48.80;-1.30;0.00;9.60
8338702;091216;075808.14;512125.4216N;090930.7977E;319.432056;-47.60;-0.10;358.60;9.60
8338752;091216;075809.14;512125.4216N;090930.7977E;319.432056;-48.10;-1.00;0.40;9.60
8338802;091216;075810.14;512125.4216N;090930.7977E;319.432056;-48.00;0.20;-0.40;9.60
8338852;091216;075811.14;512125.4216N;090930.7977E;319.432056;-48.40;0.50;359.30;9.60
8338902;091216;075811.94;512125.4216N;090930.7977E;319.432056;-48.60;-0.30;359.50;9.60
8338952;091216;075813.14;512125.4216N;090930.7977E;319.432056;-49.00;-0.80;0.00;9.60
8339002;091216;075813.94;512125.4216N;090930.7977E;319.432056;-48.00;0.60;358.70;9.60
8339047;091216;075815.14;512125.4216N;090930.7977E;319.432056;-47.90;0.30;358.80;9.60
8339097;091216;075816.14;512125.4216N;090930.7977E;319.432056;-48.70;-0.80;-0.10;9.60
8339147;091216;075816.94;512125.4216N;090930.7977E;319.432056;-48.20;0.20;359.10;9.70
8339197;091216;075818.14;512125.4216N;090930.7977E;319.432056;-47.90;0.50;359.00;9.60
8339247;091216;075818.94;512125.4216N;090930.7977E;319.432056;-49.00;-0.80;0.30;9.60
8339297;091216;075820.14;512125.4216N;090930.7977E;319.432056;-49.00;-1.00;0.60;9.60
8339347;091216;075820.94;512125.4216N;090930.7977E;319.432056;-48.30;0.30;359.00;9.60
8339397;091216;075822.14;512125.4216N;090930.7977E;319.432056;-47.80;0.70;359.20;9.60
8339447;091216;075822.94;512125.4216N;090930.7977E;319.432056;-48.90;-0.80;0.00;9.60
8339497;091216;075824.14;512125.4216N;090930.7977E;319.432056;-49.00;-1.40;0.20;9.60
8339547;091216;075824.94;512125.4216N;090930.7977E;319.432056;-48.50;-0.30;359.40;9.60
8339597;091216;075826.14;512125.4216N;090930.7977E;319.432056;-47.70;0.70;359.20;9.60
8339645;091216;075826.94;512125.4216N;090930.7977E;319.432056;-48.60;-0.50;-0.20;9.50
8339695;091216;075828.14;512125.4187N;090930.8102E;319.913895;-48.40;-0.80;-0.10;9.50
8339745;091216;075829.14;512125.4187N;090930.8102E;319.913895;-48.10;-0.30;359.40;9.50
8339795;091216;075829.94;512125.4187N;090930.8102E;319.913895;-48.00;0.40;359.20;9.60
8339845;091216;075831.14;512125.4187N;090930.8102E;319.913895;-48.30;-0.40;-0.30;9.50
8339895;091216;075831.94;512125.4187N;090930.8102E;319.913895;-48.90;-1.10;-0.40;9.50
8339945;091216;075833.14;512125.4187N;090930.8102E;319.913895;-48.30;-0.70;359.40;9.50
8339994;091216;075833.94;512125.4187N;090930.8102E;319.913895;-48.40;0.70;359.30;9.50
8340044;091216;075835.14;512125.4187N;090930.8102E;319.913895;-48.50;0.00;-0.40;9.50
8340095;091216;075835.94;512125.4187N;090930.8102E;319.913895;-49.80;1.20;1.80;9.50
8340145;091216;075837.14;512125.4187N;090930.8102E;319.913895;-47.40;0.30;359.30;9.50
8340195;091216;075838.14;512125.4187N;090930.8102E;319.913895;-47.50;-0.20;-0.10;9.50
8340245;091216;075839.14;512125.4187N;090930.8102E;319.913895;-48.30;0.00;-0.20;9.50
8340295;091216;075840.14;512125.4283N;090930.8094E;319.049319;-48.00;0.50;358.80;9.50
8340345;091216;075841.14;512125.4283N;090930.8094E;319.049319;-48.40;-0.50;-0.40;9.60
8340395;091216;075842.14;512125.4283N;090930.8094E;319.049319;-48.90;-0.80;0.30;9.60
8340445;091216;075843.14;512125.4283N;090930.8094E;319.049319;-47.80;-0.10;359.10;9.60
8340495;091216;075844.14;512125.4283N;090930.8094E;319.049319;-48.00;0.20;359.00;9.50
8340545;091216;075845.14;512125.4283N;090930.8094E;319.049319;-48.60;-0.30;359.40;9.60
8340595;091216;075846.14;512125.4283N;090930.8094E;319.049319;-48.70;-0.90;0.10;9.60
8340645;091216;075847.14;512125.4283N;090930.8094E;319.049319;-48.10;0.20;358.90;9.60
8340695;091216;075848.14;512125.4283N;090930.8094E;319.049319;-47.80;0.10;358.90;9.60
8340745;091216;075849.14;512125.4283N;090930.8094E;319.049319;-48.80;-0.70;-0.20;9.60
8340795;091216;075850.14;512125.4283N;090930.8094E;319.049319;-48.80;-0.90;0.10;9.50
8340845;091216;075851.14;512125.4283N;090930.8094E;319.049319;-48.10;0.50;359.10;9.50
8340895;091216;075852.14;512125.4283N;090930.8101E;319.234285;-47.50;-0.10;359.00;9.50
8340945;091216;075853.14;512125.4283N;090930.8101E;319.234285;-48.40;-0.50;-0.30;9.50
8340995;091216;075854.14;512125.4283N;090930.8101E;319.234285;-48.70;-0.80;-0.20;9.50
8341036;091216;075855.14;512125.4283N;090930.8101E;319.234285;-48.00;0.50;359.00;9.60
8341086;091216;075856.14;512125.4283N;090930.8101E;319.234285;-48.30;-0.50;-0.20;9.50
8341136;091216;075857.14;512125.4283N;090930.8101E;319.234285;-48.60;-1.30;0.20;9.50
8341186;091216;075858.14;512125.4283N;090930.8101E;319.234285;-48.20;-0.30;359.40;9.50
8341236;091216;075859.14;512125.4283N;090930.8101E;319.234285;-47.80;0.70;359.10;9.50
8341286;091216;075900.14;512125.4283N;090930.8101E;319.234285;-48.40;-0.40;-0.30;9.50
8341336;091216;075901.14;512125.4283N;090930.8101E;319.234285;-48.50;-1.10;0.10;9.50
8341386;091216;075902.14;512125.4283N;090930.8101E;319.234285;-48.90;-1.00;0.00;9.50
8341431;091216;075903.14;512125.4283N;090930.8101E;319.234285;-48.20;0.40;359.20;9.50
8341481;091216;075904.14;512125.4184N;090930.8051E;318.632572;-48.20;0.00;359.30;9.50
8341530;091216;075905.14;512125.4184N;090930.8051E;318.632572;-48.20;-1.40;-0.30;9.50
8341580;091216;075906.14;512125.4184N;090930.8051E;318.632572;-48.30;-0.80;-0.10;9.50
8341630;091216;075907.14;512125.4184N;090930.8051E;318.632572;-47.90;-0.90;359.00;9.50
8341680;091216;075908.14;512125.4184N;090930.8051E;318.632572;-49.00;-0.80;-0.10;9.50
8341730;091216;075908.94;512125.4184N;090930.8051E;318.632572;-47.80;0.40;358.90;9.50
8341780;091216;075910.14;512125.4137N;090930.8092E;319.175570;-48.50;-0.50;-0.30;9.50
8341830;091216;075910.94;512125.4137N;090930.8092E;319.175570;-49.30;-1.40;0.20;9.50
8341880;091216;075912.14;512125.4137N;090930.8092E;319.175570;-47.60;0.10;359.00;9.50
8341930;091216;075913.14;512125.4137N;090930.8092E;319.175570;-48.40;0.20;359.10;9.50
8341980;091216;075913.94;512125.4137N;090930.8092E;319.175570;-49.10;-1.00;0.10;9.50
8342030;091216;075915.14;512125.4137N;090930.8092E;319.175570;-48.40;-0.50;-0.30;9.50
8342080;091216;075915.94;512125.4137N;090930.8092E;319.175570;-48.20;0.40;359.00;9.50
8342130;091216;075917.14;512125.4137N;090930.8092E;319.175570;-47.90;0.10;359.20;9.50
8342180;091216;075917.94;512125.4137N;090930.8092E;319.175570;-48.80;-0.90;-0.20;9.50
8342230;091216;075919.14;512125.4137N;090930.8092E;319.175570;-48.20;-0.50;-0.20;9.50
8342280;091216;075919.94;512125.4137N;090930.8092E;319.175570;-48.00;0.20;359.00;9.50
8342330;091216;075921.14;512125.4137N;090930.8092E;319.175570;-47.80;0.90;359.20;9.50
8342380;091216;075921.94;512125.4153N;090930.8143E;319.573324;-48.60;-0.50;-0.20;9.50
8342430;091216;075923.14;512125.4153N;090930.8143E;319.573324;-48.80;-1.20;0.00;9.50
8342479;091216;075923.94;512125.4153N;090930.8143E;319.573324;-48.00;0.40;359.00;9.40
8342529;091216;075925.14;512125.4153N;090930.8143E;319.573324;-47.90;0.70;359.40;9.50
8342579;091216;075926.14;512125.4153N;090930.8143E;319.573324;-48.40;-0.60;-0.20;9.40
8342628;091216;075926.94;512125.4153N;090930.8143E;319.573324;-48.60;-0.30;359.40;9.50
8342678;091216;075928.14;512125.4153N;090930.8143E;319.573324;-47.60;0.50;359.10;9.50
8342728;091216;075928.94;512125.4153N;090930.8143E;319.573324;-48.30;0.00;-0.40;9.50
8342778;091216;075930.14;512125.4153N;090930.8143E;319.573324;-48.50;-0.60;0.20;9.50
8342828;091216;075930.94;512125.4153N;090930.8143E;319.573324;-49.00;-0.80;-0.30;9.50
8342878;091216;075932.14;512125.4153N;090930.8143E;319.573324;-48.00;0.50;359.10;9.50
8342928;091216;075932.94;512125.4153N;090930.8143E;319.573324;-48.10;-0.40;358.40;9.40
8342978;091216;075934.14;512125.4153N;090930.8143E;319.573324;-48.50;-1.40;-0.10;9.50
8343028;091216;075935.14;512125.4153N;090930.8143E;319.573324;-47.60;-0.50;358.90;9.50
8343078;091216;075936.14;512125.4153N;090930.8143E;319.573324;-48.60;-0.60;-0.10;9.60
8343128;091216;075937.14;512125.4153N;090930.8143E;319.573324;-48.00;0.10;359.00;9.60
8343178;091216;075938.14;512125.4153N;090930.8143E;319.573324;-48.00;0.00;359.10;9.60
8343228;091216;075939.14;512125.4153N;090930.8143E;319.573324;-49.10;-0.90;0.40;9.50
8343278;091216;075940.14;512125.4203N;090930.8129E;319.498299;-48.50;-0.50;-0.10;9.60
8343328;091216;075941.14;512125.4203N;090930.8129E;319.498299;-47.70;0.20;359.20;9.50
8343378;091216;075942.14;512125.4203N;090930.8129E;319.498299;-48.40;0.00;359.40;9.50
8343428;091216;075943.14;512125.4203N;090930.8129E;319.498299;-48.90;-1.00;0.10;9.50
8343478;091216;075944.14;512125.4203N;090930.8129E;319.498299;-48.10;0.10;358.90;9.50
8343528;091216;075945.14;512125.4203N;090930.8129E;319.498299;-47.10;0.50;358.60;9.50
8343578;091216;075946.14;512125.4203N;090930.8129E;319.498299;-48.50;0.00;359.30;9.50
8343628;091216;075947.14;512125.4203N;090930.8129E;319.498299;-48.90;-1.00;0.00;9.50
8343678;091216;075948.14;512125.4203N;090930.8129E;319.498299;-48.30;0.30;359.10;9.50
8343728;091216;075949.14;512125.4203N;090930.8129E;319.498299;-47.30;0.90;358.70;9.50
8343778;091216;075950.14;512125.4203N;090930.8129E;319.498299;-48.80;-0.50;-0.30;9.50
8343828;091216;075951.14;512125.4203N;090930.8129E;319.498299;-48.40;-0.80;-0.10;9.50
8343878;091216;075952.14;512125.4203N;090930.8129E;319.498299;-48.10;0.70;359.00;9.60
8343928;091216;075953.14;512125.4203N;090930.8129E;319.498299;-48.60;-0.90;-0.20;9.50
8343978;091216;075954.14;512125.4203N;090930.8129E;319.498299;-48.20;-1.10;0.00;9.50
8344028;091216;075955.14;512125.4203N;090930.8129E;319.498299;-48.20;0.00;359.30;9.50
8344078;091216;075956.14;512125.4203N;090930.8129E;319.498299;-47.80;0.60;359.30;9.50
8344128;091216;075957.14;512125.4203N;090930.8129E;319.498299;-48.50;-0.80;-0.10;9.50
8344178;091216;075958.14;512125.4203N;090930.8129E;319.498299;-48.00;-0.90;0.10;9.50
8344228;091216;075959.14;512125.4203N;090930.8129E;319.498299;-48.50;-0.50;-0.30;9.50
