3905093;191116;115000.81;512210.0056N;091440.7856E;355.462958;227.00;0.43;-0.01;15.70
3905143;191116;115001.81;512210.0056N;091440.7856E;355.462958;226.80;0.43;-0.01;15.80
3905193;191116;115002.81;512210.0056N;091440.7856E;355.462958;226.40;0.42;-0.01;15.70
3905243;191116;115003.81;512210.0056N;091440.7856E;355.462958;227.00;0.42;-0.01;15.70
3905293;191116;115004.81;512210.0056N;091440.7856E;355.462958;226.90;0.42;-0.01;15.80
3905343;191116;115005.81;512210.0056N;091440.7856E;355.462958;227.10;0.43;-0.01;15.80
3905393;191116;115006.81;512210.0056N;091440.7856E;355.462958;226.70;0.42;-0.01;15.80
3905443;191116;115007.81;512210.0056N;091440.7856E;355.462958;226.80;0.42;-0.01;15.80
3905493;191116;115008.81;512210.0056N;091440.7856E;355.462958;226.90;0.42;-0.02;15.80
3905543;191116;115009.81;512210.0056N;091440.7856E;355.462958;227.10;0.42;-0.01;15.80
3905593;191116;115010.81;512210.0056N;091440.7856E;355.462958;227.00;0.42;-0.02;15.80
3905643;191116;115011.81;512210.0056N;091440.7856E;355.462958;227.30;0.42;-0.02;15.80
3905693;191116;115012.81;512210.0056N;091440.7856E;355.462958;227.00;0.42;-0.02;15.80
3905743;191116;115013.81;512210.0056N;091440.7856E;355.462958;227.10;0.42;-0.02;15.80
3905793;191116;115014.81;512210.0056N;091440.7856E;355.462958;226.80;0.42;-0.02;15.80
3905843;191116;115015.81;512210.0056N;091440.7856E;355.462958;226.60;0.42;-0.02;15.80
3905893;191116;115016.81;512210.0056N;091440.7856E;355.462958;226.90;0.42;-0.02;15.80
3905943;191116;115017.81;512210.0056N;091440.7856E;355.462958;226.80;0.42;-0.02;15.80
3905993;191116;115018.81;512210.0056N;091440.7856E;355.462958;226.80;0.42;-0.02;15.70
3906043;191116;115019.81;512210.0056N;091440.7856E;355.462958;226.80;0.42;-0.02;15.70
3906093;191116;115020.81;512210.0056N;091440.7856E;355.462958;227.00;0.42;-0.02;15.80
3906143;191116;115021.81;512210.0056N;091440.7856E;355.462958;226.60;0.42;-0.02;15.80
3906193;191116;115022.81;512210.0056N;091440.7856E;355.462958;226.90;0.42;-0.02;15.80
3906243;191116;115023.81;512210.0056N;091440.7856E;355.462958;226.40;0.42;-0.02;15.70
3906293;191116;115024.81;512210.0056N;091440.7856E;355.462958;226.60;0.42;-0.02;15.70
3906343;191116;115025.81;512210.0056N;091440.7856E;355.462958;226.90;0.42;-0.02;15.70
3906393;191116;115026.81;512210.0056N;091440.7856E;355.462958;226.70;0.43;-0.02;15.70
3906443;191116;115027.71;512210.0056N;091440.7856E;355.462958;226.90;0.42;-0.01;15.80
3906493;191116;115028.81;512210.0056N;091440.7856E;355.462958;226.70;0.42;-0.01;15.80
3906543;191116;115029.71;512210.0056N;091440.7856E;355.462958;226.90;0.43;-0.01;15.80
3906593;191116;115030.81;512210.0056N;091440.7856E;355.462958;226.80;0.43;-0.01;15.80
3906643;191116;115031.81;512210.0056N;091440.7856E;355.462958;227.00;0.42;-0.01;15.80
3906693;191116;115032.71;512210.0056N;091440.7856E;355.462958;226.90;0.42;-0.01;15.70
3906743;191116;115033.81;512210.0056N;091440.7856E;355.462958;226.70;0.42;-0.01;15.70
3906793;191116;115034.71;512210.0056N;091440.7856E;355.462958;226.80;0.43;-0.01;15.70
3906843;191116;115035.81;512210.0056N;091440.7856E;355.462958;227.00;0.43;-0.01;15.70
3906893;191116;115036.71;512210.0056N;091440.7856E;355.462958;226.80;0.43;-0.01;15.70
3906943;191116;115037.81;512210.0056N;091440.7856E;355.462958;226.90;0.42;-0.01;15.70
3906993;191116;115038.71;512210.0056N;091440.7856E;355.462958;226.90;0.43;-0.02;15.70
3907043;191116;115039.81;512210.0056N;091440.7856E;355.462958;226.80;0.42;-0.01;15.70
3907093;191116;115040.71;512210.0056N;091440.7856E;355.462958;226.90;0.42;-0.02;15.80
3907143;191116;115041.81;512210.0056N;091440.7856E;355.462958;226.80;0.42;-0.02;15.80
3907193;191116;115042.71;512210.0056N;091440.7856E;355.462958;226.90;0.42;-0.02;15.80
3907243;191116;115043.81;512210.0056N;091440.7856E;355.462958;226.90;0.42;-0.02;15.80
3907293;191116;115044.81;512210.0056N;091440.7856E;355.462958;227.00;0.42;-0.02;15.80
3907338;191116;115045.71;512210.0056N;091440.7856E;355.462958;226.90;0.42;-0.02;15.80
3907388;191116;115046.81;512210.0056N;091440.7856E;355.462958;227.00;0.42;-0.02;15.80
3907438;191116;115047.71;512210.0056N;091440.7856E;355.462958;226.90;0.42;-0.02;15.80
3907488;191116;115048.81;512210.0056N;091440.7856E;355.462958;227.00;0.42;-0.02;15.80
3907538;191116;115049.71;512210.0056N;091440.7856E;355.462958;226.90;0.42;-0.02;15.80
3907588;191116;115050.81;512210.0056N;091440.7856E;355.462958;227.00;0.42;-0.02;15.80
3907638;191116;115051.71;512210.0056N;091440.7856E;355.462958;227.70;0.42;-0.02;15.80
3907688;191116;115052.81;512210.0056N;091440.7856E;355.462958;226.70;0.42;-0.02;15.80
3907738;191116;115053.81;512210.0056N;091440.7856E;355.462958;226.90;0.42;-0.02;15.80
3907788;191116;115054.81;512210.0056N;091440.7856E;355.462958;226.80;0.42;-0.02;15.80
3907838;191116;115055.81;512210.0056N;091440.7856E;355.462958;227.00;0.42;-0.02;15.70
3907888;191116;115056.81;512210.0056N;091440.7856E;355.462958;227.00;0.42;-0.01;15.70
3907938;191116;115057.81;512210.0056N;091440.7856E;355.462958;226.90;0.43;-0.01;15.70
3907988;191116;115058.81;512210.0056N;091440.7856E;355.462958;227.00;0.43;-0.01;15.70
3908038;191116;115059.81;512210.0056N;091440.7856E;355.462958;226.80;0.42;-0.01;15.70
3908088;191116;115100.81;512210.0056N;091440.7856E;355.462958;227.00;0.42;-0.01;15.70
3908138;191116;115101.81;512210.0056N;091440.7856E;355.462958;227.10;0.43;-0.01;15.70
3908188;191116;115102.81;512210.0056N;091440.7856E;355.462958;227.20;0.42;-0.01;15.70
3908238;191116;115103.81;512210.0056N;091440.7856E;355.462958;226.80;0.42;-0.01;15.70
3908288;191116;115104.81;512210.0056N;091440.7856E;355.462958;227.00;0.42;-0.01;15.60
3908338;191116;115105.81;512210.0056N;091440.7856E;355.462958;226.90;0.42;-0.01;15.60
3908388;191116;115106.81;512210.0056N;091440.7856E;355.462958;227.10;0.42;-0.01;15.60
3908438;191116;115107.81;512210.0056N;091440.7856E;355.462958;226.80;0.42;-0.02;15.60
3908488;191116;115108.81;512210.0056N;091440.7856E;355.462958;227.00;0.42;-0.02;15.70
3908538;191116;115109.81;512210.0056N;091440.7856E;355.462958;227.40;0.42;-0.02;15.60
3908588;191116;115110.81;512210.0056N;091440.7856E;355.462958;226.90;0.42;-0.02;15.70
3908638;191116;115111.81;512210.0056N;091440.7856E;355.462958;227.10;0.42;-0.02;15.70
3908688;191116;115112.81;512210.0056N;091440.7856E;355.462958;227.00;0.42;-0.02;15.70
3908738;191116;115113.81;512210.0056N;091440.7856E;355.462958;227.00;0.42;-0.02;15.70
3908788;191116;115114.81;512210.0056N;091440.7856E;355.462958;227.20;0.42;-0.02;15.70
3908838;191116;115115.81;512210.0056N;091440.7856E;355.462958;226.90;0.42;-0.02;15.70
3908888;191116;115116.81;512210.0056N;091440.7856E;355.462958;227.00;0.42;-0.02;15.70
3908938;191116;115117.81;512210.0056N;091440.7856E;355.462958;227.00;0.42;-0.02;15.70
3908988;191116;115118.81;512210.0056N;091440.7856E;355.462958;226.90;0.42;-0.02;15.70
3909038;191116;115119.81;512210.0056N;091440.7856E;355.462958;226.70;0.42;-0.02;15.60
3909088;191116;115120.81;512210.0056N;091440.7856E;355.462958;226.80;0.42;-0.02;15.70
3909138;191116;115121.81;512210.0056N;091440.7856E;355.462958;226.60;0.42;-0.02;15.70
3909188;191116;115122.81;512210.0056N;091440.7856E;355.462958;226.70;0.42;-0.02;15.70
3909238;191116;115123.81;512210.0056N;091440.7856E;355.462958;226.70;0.42;-0.01;15.70
3909288;191116;115124.71;512210.0056N;091440.7856E;355.462958;226.40;0.42;-0.01;15.70
3909338;191116;115125.81;512210.0056N;091440.7856E;355.462958;227.00;0.42;-0.01;15.80
3909388;191116;115126.71;512210.0056N;091440.7856E;355.462958;226.90;0.43;-0.01;15.70
3909438;191116;115127.81;512210.0056N;091440.7856E;355.462958;226.90;0.43;-0.01;15.70
3909488;191116;115128.81;512210.0056N;091440.7856E;355.462958;226.50;0.43;-0.01;15.80
3909538;191116;115129.71;512210.0056N;091440.7856E;355.462958;227.10;0.42;-0.02;15.70
3909588;191116;115130.81;512210.0056N;091440.7856E;355.462958;226.90;0.42;-0.01;15.70
3909638;191116;115131.71;512210.0056N;091440.7856E;355.462958;227.00;0.42;-0.02;15.70
3909688;191116;115132.81;512210.0056N;091440.7856E;355.462958;227.00;0.42;-0.01;15.70
3909738;191116;115133.71;512210.0056N;091440.7856E;355.462958;227.20;0.42;-0.01;15.70
3909788;191116;115134.81;512210.0056N;091440.7856E;355.462958;227.00;0.42;-0.02;15.70
3909838;191116;115135.71;512210.0056N;091440.7856E;355.462958;227.30;0.42;-0.02;15.70
3909888;191116;115136.81;512210.0056N;091440.7856E;355.462958;227.10;0.43;-0.02;15.60
3909938;191116;115137.71;512210.0056N;091440.7856E;355.462958;227.10;0.42;-0.02;15.60
3909988;191116;115138.81;512210.0056N;091440.7856E;355.462958;226.90;0.42;-0.02;15.70
3910038;191116;115139.71;512210.0056N;091440.7856E;355.462958;227.00;0.42;-0.02;15.70
3910088;191116;115140.81;512210.0056N;091440.7856E;355.462958;227.00;0.42;-0.02;15.70
3910138;191116;115141.81;512210.0056N;091440.7856E;355.462958;226.80;0.42;-0.02;15.70
3910188;191116;115142.71;512210.0056N;091440.7856E;355.462958;227.00;0.42;-0.02;15.70
3910238;191116;115143.81;512210.0056N;091440.7856E;355.462958;226.70;0.42;-0.02;15.60
3910288;191116;115144.71;512210.0056N;091440.7856E;355.462958;227.30;0.42;-0.02;15.70
3910338;191116;115145.81;512210.0056N;091440.7856E;355.462958;227.00;0.42;-0.02;15.70
3910388;191116;115146.71;512210.0056N;091440.7856E;355.462958;227.00;0.42;-0.02;15.70
3910438;191116;115147.81;512210.0056N;091440.7856E;355.462958;227.20;0.42;-0.02;15.70
3910488;191116;115148.71;512210.0056N;091440.7856E;355.462958;227.90;0.42;-0.02;15.70
3910538;191116;115149.81;512210.0056N;091440.7856E;355.462958;226.80;0.42;-0.02;15.70
3910588;191116;115150.81;512210.0056N;091440.7856E;355.462958;226.70;0.42;-0.02;15.70
3910638;191116;115151.81;512210.0056N;091440.7856E;355.462958;226.80;0.42;-0.01;15.70
3910688;191116;115152.81;512210.0056N;091440.7856E;355.462958;226.80;0.42;-0.01;15.70
3910738;191116;115153.81;512210.0056N;091440.7856E;355.462958;227.10;0.43;-0.01;15.70
3910788;191116;115154.81;512210.0056N;091440.7856E;355.462958;227.00;0.43;-0.01;15.70
3910838;191116;115155.81;512210.0056N;091440.7856E;355.462958;226.80;0.43;-0.01;15.70
3910888;191116;115156.81;512210.0056N;091440.7856E;355.462958;227.10;0.42;-0.02;15.70
3910938;191116;115157.81;512210.0056N;091440.7856E;355.462958;226.90;0.42;-0.01;15.70
3910988;191116;115158.81;512210.0056N;091440.7856E;355.462958;226.70;0.42;-0.01;15.60
3911038;191116;115159.99;512210.0056N;091440.7856E;355.462958;226.90;0.42;-0.01;15.60
3911088;191116;115200.81;512210.0056N;091440.7856E;355.462958;226.80;0.42;-0.01;15.60
3911138;191116;115201.81;512210.0056N;091440.7856E;355.462958;227.10;0.42;-0.02;15.60
3911188;191116;115202.81;512210.0056N;091440.7856E;355.462958;226.80;0.42;-0.01;15.70
3911238;191116;115203.81;512210.0056N;091440.7856E;355.462958;227.10;0.42;-0.02;15.70
3911288;191116;115204.81;512210.0056N;091440.7856E;355.462958;226.50;0.42;-0.01;15.70
3911338;191116;115205.81;512210.0056N;091440.7856E;355.462958;226.90;0.42;-0.02;15.70
3911388;191116;115206.81;512210.0056N;091440.7856E;355.462958;227.10;0.42;-0.02;15.60
3911438;191116;115207.81;512210.0056N;091440.7856E;355.462958;227.10;0.42;-0.02;15.60
3911488;191116;115208.81;512210.0056N;091440.7856E;355.462958;226.90;0.42;-0.02;15.70
3911538;191116;115209.81;512210.0056N;091440.7856E;355.462958;226.90;0.42;-0.02;15.70
3911588;191116;115210.81;512210.0056N;091440.7856E;355.462958;227.10;0.42;-0.02;15.70
3911638;191116;115211.81;512210.0056N;091440.7856E;355.462958;226.70;0.42;-0.02;15.70
3911688;191116;115212.81;512210.0056N;091440.7856E;355.462958;226.70;0.42;-0.02;15.60
3911738;191116;115213.81;512210.0056N;091440.7856E;355.462958;226.80;0.42;-0.02;15.60
3911788;191116;115214.81;512210.0056N;091440.7856E;355.462958;226.80;0.42;-0.02;15.70
3911838;191116;115215.81;512210.0056N;091440.7856E;355.462958;227.30;0.42;-0.02;15.70
3911888;191116;115216.81;512210.0056N;091440.7856E;355.462958;226.90;0.42;-0.02;15.60
3911938;191116;115217.81;512210.0056N;091440.7856E;355.462958;226.90;0.42;-0.02;15.60
3911988;191116;115218.81;512210.0056N;091440.7856E;355.462958;227.10;0.42;-0.02;15.60
3912038;191116;115219.81;512210.0056N;091440.7856E;355.462958;226.60;0.42;-0.02;15.60
3912088;191116;115220.81;512210.0056N;091440.7856E;355.462958;226.90;0.42;-0.01;15.60
3912138;191116;115221.71;512210.0056N;091440.7856E;355.462958;226.60;0.42;-0.01;15.60
3912188;191116;115222.81;512210.0056N;091440.7856E;355.462958;226.70;0.42;-0.01;15.60
3912238;191116;115223.71;512210.0056N;091440.7856E;355.462958;226.80;0.42;-0.01;15.60
3912288;191116;115224.81;512210.0056N;091440.7856E;355.462958;226.70;0.42;-0.01;15.60
3912338;191116;115225.81;512210.0056N;091440.7856E;355.462958;226.50;0.42;-0.02;15.60
3912388;191116;115226.71;512210.0056N;091440.7856E;355.462958;226.80;0.42;-0.01;15.60
3912438;191116;115227.81;512210.0056N;091440.7856E;355.462958;226.50;0.42;-0.01;15.60
3912488;191116;115228.71;512210.0056N;091440.7856E;355.462958;226.80;0.42;-0.01;15.60
3912538;191116;115229.81;512210.0056N;091440.7856E;355.462958;227.10;0.42;-0.01;15.70
3912588;191116;115230.71;512210.0056N;091440.7856E;355.462958;227.10;0.42;-0.02;15.70
3912638;191116;115231.81;512210.0056N;091440.7856E;355.462958;226.90;0.42;-0.01;15.60
3912688;191116;115232.71;512210.0056N;091440.7856E;355.462958;227.00;0.42;-0.01;15.60
3912738;191116;115233.81;512210.0056N;091440.7856E;355.462958;227.00;0.42;-0.02;15.60
3912788;191116;115234.71;512210.0056N;091440.7856E;355.462958;227.00;0.42;-0.02;15.60
3912838;191116;115235.81;512210.0056N;091440.7856E;355.462958;226.80;0.42;-0.01;15.60
3912888;191116;115236.71;512210.0056N;091440.7856E;355.462958;227.40;0.42;-0.01;15.70
3912938;191116;115237.81;512210.0056N;091440.7856E;355.462958;226.90;0.42;-0.01;15.70
3912988;191116;115238.81;512210.0056N;091440.7856E;355.462958;226.60;0.42;-0.02;15.70
3913038;191116;115239.71;512210.0056N;091440.7856E;355.462958;227.00;0.42;-0.02;15.70
3913088;191116;115240.81;512210.0056N;091440.7856E;355.462958;226.80;0.42;-0.02;15.70
3913138;191116;115241.71;512210.0056N;091440.7856E;355.462958;226.70;0.42;-0.02;15.70
3913188;191116;115242.81;512210.0056N;091440.7856E;355.462958;226.90;0.42;-0.02;15.70
3913238;191116;115243.81;512210.0056N;091440.7856E;355.462958;226.70;0.42;-0.02;15.60
3913288;191116;115244.81;512210.0056N;091440.7856E;355.462958;226.90;0.42;-0.02;15.60
3913338;191116;115245.81;512210.0056N;091440.7856E;355.462958;226.80;0.42;-0.02;15.70
3913388;191116;115246.81;512210.0056N;091440.7856E;355.462958;226.50;0.42;-0.03;15.70
3913438;191116;115247.81;512210.0056N;091440.7856E;355.462958;226.70;0.42;-0.02;15.70
3913488;191116;115248.81;512210.0056N;091440.7856E;355.462958;226.90;0.42;-0.02;15.60
3913538;191116;115249.81;512210.0056N;091440.7856E;355.462958;226.90;0.42;-0.01;15.60
3913588;191116;115250.81;512210.0056N;091440.7856E;355.462958;226.90;0.43;-0.01;15.60
3913638;191116;115251.81;512210.0056N;091440.7856E;355.462958;227.10;0.43;-0.01;15.60
3913688;191116;115252.81;512210.0056N;091440.7856E;355.462958;226.90;0.42;-0.01;15.60
3913738;191116;115253.81;512210.0056N;091440.7856E;355.462958;226.90;0.43;-0.02;15.60
3913788;191116;115254.81;512210.0056N;091440.7856E;355.462958;226.90;0.43;-0.01;15.60
3913838;191116;115255.81;512210.0056N;091440.7856E;355.462958;226.90;0.42;-0.01;15.60
3913888;191116;115256.81;512210.0056N;091440.7856E;355.462958;226.90;0.42;-0.01;15.60
3913938;191116;115257.81;512210.0056N;091440.7856E;355.462958;227.20;0.43;-0.01;15.60
3913988;191116;115258.81;512210.0056N;091440.7856E;355.462958;226.60;0.43;-0.01;15.70
3914038;191116;115259.81;512210.0056N;091440.7856E;355.462958;226.90;0.42;-0.01;15.60
3914088;191116;115300.81;512210.0056N;091440.7856E;355.462958;226.90;0.42;-0.01;15.60
3914138;191116;115301.81;512210.0056N;091440.7856E;355.462958;226.60;0.42;-0.01;15.60
3914188;191116;115302.81;512210.0056N;091440.7856E;355.462958;226.80;0.42;-0.02;15.70
3914238;191116;115303.81;512210.0056N;091440.7856E;355.462958;226.90;0.42;-0.02;15.70
3914288;191116;115304.81;512210.0056N;091440.7856E;355.462958;226.60;0.42;-0.02;15.70
3914338;191116;115305.81;512210.0056N;091440.7856E;355.462958;226.60;0.42;-0.02;15.70
3914388;191116;115306.81;512210.0056N;091440.7856E;355.462958;227.00;0.42;-0.02;15.70
3914438;191116;115307.81;512210.0056N;091440.7856E;355.462958;226.60;0.42;-0.02;15.70
3914488;191116;115308.81;512210.0056N;091440.7856E;355.462958;226.90;0.42;-0.02;15.70
3914538;191116;115309.81;512210.0056N;091440.7856E;355.462958;226.90;0.42;-0.02;15.70
3914588;191116;115310.81;512210.0056N;091440.7856E;355.462958;227.00;0.42;-0.02;15.70
3914638;191116;115311.81;512210.0056N;091440.7856E;355.462958;226.80;0.42;-0.02;15.70
3914688;191116;115312.81;512210.0056N;091440.7856E;355.462958;226.70;0.42;-0.02;15.70
3914738;191116;115313.81;512210.0056N;091440.7856E;355.462958;226.90;0.42;-0.02;15.70
3914788;191116;115314.81;512210.0056N;091440.7856E;355.462958;226.90;0.42;-0.02;15.70
3914838;191116;115315.81;512210.0056N;091440.7856E;355.462958;226.90;0.41;-0.03;15.70
3914888;191116;115316.81;512210.0056N;091440.7856E;355.462958;226.90;0.42;-0.02;15.70
3914938;191116;115317.81;512210.0056N;091440.7856E;355.462958;226.40;0.42;-0.01;15.70
3914988;191116;115318.81;512210.0056N;091440.7856E;355.462958;226.90;0.43;-0.01;15.70
3915038;191116;115319.81;512210.0056N;091440.7856E;355.462958;227.10;0.43;-0.01;15.70
3915088;191116;115320.81;512210.0056N;091440.7856E;355.462958;227.10;0.42;-0.01;15.70
3915138;191116;115321.81;512210.0056N;091440.7856E;355.462958;226.90;0.43;-0.02;15.70
3915188;191116;115322.81;512210.0056N;091440.7856E;355.462958;227.00;0.43;-0.01;15.70
3915238;191116;115323.81;512210.0056N;091440.7856E;355.462958;227.30;0.43;-0.01;15.60
3915288;191116;115324.81;512210.0056N;091440.7856E;355.462958;227.10;0.42;-0.01;15.60
3915339;191116;115325.81;512210.0056N;091440.7856E;355.462958;227.10;0.42;-0.01;15.60
3915389;191116;115326.99;512210.0056N;091440.7856E;355.462958;227.10;0.43;-0.01;15.70
3915439;191116;115327.81;512210.0056N;091440.7856E;355.462958;227.00;0.42;-0.02;15.70
3915489;191116;115328.99;512210.0056N;091440.7856E;355.462958;226.90;0.42;-0.01;15.70
3915538;191116;115329.81;512210.0056N;091440.7856E;355.462958;227.30;0.42;-0.01;15.70
3915588;191116;115330.99;512210.0056N;091440.7856E;355.462958;226.80;0.42;-0.02;15.70
3915638;191116;115331.81;512210.0056N;091440.7856E;355.462958;226.90;0.42;-0.02;15.70
3915688;191116;115332.99;512210.0056N;091440.7856E;355.462958;227.00;0.42;-0.02;15.70
3915737;191116;115333.81;512210.0056N;091440.7856E;355.462958;227.10;0.42;-0.02;15.70
3915787;191116;115334.99;512210.0056N;091440.7856E;355.462958;226.80;0.42;-0.02;15.70
3915837;191116;115335.99;512210.0056N;091440.7856E;355.462958;227.10;0.42;-0.02;15.70
3915887;191116;115336.81;512210.0056N;091440.7856E;355.462958;227.00;0.42;-0.02;15.70
3915937;191116;115337.99;512210.0056N;091440.7856E;355.462958;226.90;0.42;-0.02;15.70
3915987;191116;115338.81;512210.0056N;091440.7856E;355.462958;227.10;0.42;-0.02;15.60
3916037;191116;115339.99;512210.0056N;091440.7856E;355.462958;227.20;0.42;-0.02;15.60
3916087;191116;115340.81;512210.0056N;091440.7856E;355.462958;227.00;0.42;-0.02;15.70
3916137;191116;115341.99;512210.0056N;091440.7856E;355.462958;226.90;0.42;-0.02;15.70
3916187;191116;115342.81;512210.0056N;091440.7856E;355.462958;226.80;0.42;-0.02;15.70
3916237;191116;115343.99;512210.0056N;091440.7856E;355.462958;227.00;0.42;-0.03;15.70
3916287;191116;115344.99;512210.0056N;091440.7856E;355.462958;227.00;0.42;-0.02;15.70
3916337;191116;115345.99;512210.0056N;091440.7856E;355.462958;227.00;0.42;-0.02;15.70
3916387;191116;115346.99;512210.0056N;091440.7856E;355.462958;227.40;0.42;-0.01;15.70
3916437;191116;115347.99;512210.0056N;091440.7856E;355.462958;226.90;0.42;-0.01;15.70
3916487;191116;115348.99;512210.0056N;091440.7856E;355.462958;226.80;0.42;-0.01;15.70
3916537;191116;115349.81;512210.0056N;091440.7856E;355.462958;226.80;0.43;-0.01;15.70
3916587;191116;115350.99;512210.0056N;091440.7856E;355.462958;226.70;0.43;-0.02;15.70
3916637;191116;115351.99;512210.0056N;091440.7856E;355.462958;226.90;0.43;-0.01;15.70
3916687;191116;115352.81;512210.0056N;091440.7856E;355.462958;226.70;0.43;-0.01;15.70
3916737;191116;115353.99;512210.0056N;091440.7856E;355.462958;226.80;0.42;-0.01;15.70
3916787;191116;115354.81;512210.0056N;091440.7856E;355.462958;226.60;0.42;-0.01;15.70
3916837;191116;115355.99;512210.0056N;091440.7856E;355.462958;227.00;0.43;-0.01;15.70
3916887;191116;115356.99;512210.0056N;091440.7856E;355.462958;227.10;0.42;-0.02;15.70
3916937;191116;115357.99;512210.0056N;091440.7856E;355.462958;226.90;0.42;-0.01;15.70
3916987;191116;115358.81;512210.0056N;091440.7856E;355.462958;227.00;0.42;-0.01;15.70
3917037;191116;115359.99;512210.0056N;091440.7856E;355.462958;226.90;0.42;-0.02;15.70
3917087;191116;115400.99;512210.0056N;091440.7856E;355.462958;227.30;0.42;-0.02;15.70
3917137;191116;115401.99;512210.0056N;091440.7856E;355.462958;226.70;0.42;-0.02;15.70
3917187;191116;115402.99;512210.0056N;091440.7856E;355.462958;227.10;0.42;-0.02;15.70
3917237;191116;115403.99;512210.0056N;091440.7856E;355.462958;226.60;0.42;-0.01;15.70
3917287;191116;115404.99;512210.0056N;091440.7856E;355.462958;227.20;0.42;-0.02;15.70
3917337;191116;115405.99;512210.0056N;091440.7856E;355.462958;226.70;0.42;-0.02;15.70
3917387;191116;115406.99;512210.0056N;091440.7856E;355.462958;227.00;0.42;-0.02;15.70
3917437;191116;115407.81;512210.0056N;091440.7856E;355.462958;227.20;0.42;-0.02;15.70
3917487;191116;115408.99;512210.0056N;091440.7856E;355.462958;226.90;0.42;-0.02;15.70
3917537;191116;115409.99;512210.0056N;091440.7856E;355.462958;227.10;0.42;-0.02;15.70
3917587;191116;115410.99;512210.0056N;091440.7856E;355.462958;226.90;0.42;-0.02;15.70
3917637;191116;115411.99;512210.0056N;091440.7856E;355.462958;227.20;0.42;-0.02;15.70
3917687;191116;115412.99;512210.0056N;091440.7856E;355.462958;226.70;0.42;-0.02;15.70
3917737;191116;115413.99;512210.0056N;091440.7856E;355.462958;227.10;0.42;-0.02;15.70
3917787;191116;115414.99;512210.0056N;091440.7856E;355.462958;226.70;0.42;-0.01;15.70
3917837;191116;115415.81;512210.0056N;091440.7856E;355.462958;227.20;0.42;-0.01;15.80
3917886;191116;115416.99;512210.0056N;091440.7856E;355.462958;227.00;0.43;-0.01;15.80
3917936;191116;115417.81;512210.0056N;091440.7856E;355.462958;226.80;0.42;-0.01;15.80
3917985;191116;115418.99;512210.0056N;091440.7856E;355.462958;226.90;0.43;-0.01;15.70
3918035;191116;115419.99;512210.0056N;091440.7856E;355.462958;227.10;0.43;-0.01;15.70
3918085;191116;115420.81;512210.0056N;091440.7856E;355.462958;227.20;0.43;-0.01;15.70
3918134;191116;115421.99;512210.0056N;091440.7856E;355.462958;227.30;0.43;-0.01;15.70
3918184;191116;115422.81;512210.0056N;091440.7856E;355.462958;227.30;0.42;-0.01;15.70
3918233;191116;115423.99;512210.0056N;091440.7856E;355.462958;227.00;0.43;-0.01;15.70
3918283;191116;115424.81;512210.0056N;091440.7856E;355.462958;227.00;0.42;-0.02;15.70
3918333;191116;115425.99;512210.0056N;091440.7856E;355.462958;227.20;0.43;-0.01;15.70
3918383;191116;115426.81;512210.0056N;091440.7856E;355.462958;226.90;0.42;-0.01;15.70
3918432;191116;115427.99;512210.0056N;091440.7856E;355.462958;226.90;0.42;-0.02;15.70
3918482;191116;115428.81;512210.0056N;091440.7856E;355.462958;227.20;0.42;-0.02;15.70
3918531;191116;115429.99;512210.0056N;091440.7856E;355.462958;227.00;0.42;-0.02;15.70
3918581;191116;115430.81;512210.0056N;091440.7856E;355.462958;227.20;0.42;-0.02;15.70
3918630;191116;115431.99;512210.0056N;091440.7856E;355.462958;226.90;0.42;-0.02;15.70
3918680;191116;115432.99;512209.9945N;091440.7767E;356.081642;226.50;0.42;-0.02;15.70
3918730;191116;115433.81;512209.9945N;091440.7767E;356.081642;227.00;0.42;-0.02;15.70
3918779;191116;115434.99;512209.9945N;091440.7767E;356.081642;226.90;0.42;-0.02;15.80
3918829;191116;115435.81;512209.9945N;091440.7767E;356.081642;227.00;0.42;-0.02;15.80
3918878;191116;115436.99;512209.9945N;091440.7767E;356.081642;227.10;0.42;-0.02;15.80
3918928;191116;115437.81;512209.9945N;091440.7767E;356.081642;227.20;0.42;-0.02;15.70
3918978;191116;115438.99;512209.9945N;091440.7767E;356.081642;227.20;0.42;-0.02;15.80
3919028;191116;115439.81;512209.9945N;091440.7767E;356.081642;226.20;0.42;-0.02;15.80
3919077;191116;115440.99;512209.9945N;091440.7767E;356.081642;226.90;0.42;-0.02;15.80
3919127;191116;115441.99;512209.9945N;091440.7767E;356.081642;226.80;0.42;-0.02;15.80
3919177;191116;115442.99;512209.9945N;091440.7767E;356.081642;227.00;0.42;-0.02;15.80
3919227;191116;115443.99;512209.9945N;091440.7767E;356.081642;227.10;0.43;-0.01;15.80
3919277;191116;115444.99;512209.9945N;091440.7767E;356.081642;226.90;0.43;-0.01;15.80
3919327;191116;115445.99;512209.9945N;091440.7767E;356.081642;226.90;0.42;-0.01;15.80
3919377;191116;115446.81;512209.9945N;091440.7767E;356.081642;226.80;0.43;-0.01;15.80
3919427;191116;115447.99;512209.9945N;091440.7767E;356.081642;226.70;0.43;-0.01;15.80
3919477;191116;115448.99;512209.9945N;091440.7767E;356.081642;227.10;0.43;-0.01;15.80
3919527;191116;115449.99;512209.9945N;091440.7767E;356.081642;226.50;0.42;-0.01;15.80
3919577;191116;115450.99;512209.9945N;091440.7767E;356.081642;226.90;0.43;-0.01;15.80
3919627;191116;115451.99;512209.9945N;091440.7767E;356.081642;226.70;0.43;-0.01;15.80
3919677;191116;115452.81;512209.9945N;091440.7767E;356.081642;226.90;0.42;-0.02;15.80
3919727;191116;115453.99;512209.9945N;091440.7767E;356.081642;226.80;0.42;-0.01;15.80
3919777;191116;115454.99;512209.9945N;091440.7767E;356.081642;226.90;0.42;-0.01;15.80
3919827;191116;115455.81;512209.9945N;091440.7767E;356.081642;226.90;0.42;-0.01;15.80
3919877;191116;115456.99;512209.9945N;091440.7767E;356.081642;227.00;0.42;-0.02;15.80
3919927;191116;115457.99;512209.9945N;091440.7767E;356.081642;227.00;0.42;-0.02;15.80
3919977;191116;115458.99;512209.9945N;091440.7767E;356.081642;227.30;0.42;-0.02;15.80
3920027;191116;115459.99;512209.9945N;091440.7767E;356.081642;227.10;0.42;-0.02;15.80
3920077;191116;115500.99;512209.9945N;091440.7767E;356.081642;226.90;0.42;-0.02;15.80
3920127;191116;115501.99;512209.9945N;091440.7767E;356.081642;226.90;0.42;-0.02;15.80
3920177;191116;115502.99;512209.9945N;091440.7767E;356.081642;227.00;0.42;-0.02;15.80
3920227;191116;115503.99;512209.9945N;091440.7767E;356.081642;227.00;0.42;-0.02;15.80
3920277;191116;115504.81;512209.9945N;091440.7767E;356.081642;227.20;0.42;-0.02;15.80
3920327;191116;115505.99;512209.9945N;091440.7767E;356.081642;226.90;0.42;-0.02;15.80
3920377;191116;115506.99;512209.9945N;091440.7767E;356.081642;227.10;0.42;-0.02;15.70
3920427;191116;115507.99;512209.9945N;091440.7767E;356.081642;227.00;0.42;-0.02;15.70
3920477;191116;115508.99;512209.9945N;091440.7767E;356.081642;226.80;0.42;-0.02;15.70
3920527;191116;115509.99;512209.9945N;091440.7767E;356.081642;227.00;0.42;-0.02;15.70
3920577;191116;115510.99;512209.9945N;091440.7767E;356.081642;227.10;0.42;-0.02;15.70
3920627;191116;115511.99;512209.9945N;091440.7767E;356.081642;226.90;0.43;-0.01;15.70
3920677;191116;115512.81;512209.9945N;091440.7767E;356.081642;227.00;0.43;-0.01;15.70
3920726;191116;115513.99;512209.9945N;091440.7767E;356.081642;227.00;0.43;-0.01;15.70
3920776;191116;115514.81;512209.9945N;091440.7767E;356.081642;226.70;0.43;-0.01;15.70
3920825;191116;115515.99;512209.9945N;091440.7767E;356.081642;226.70;0.43;-0.01;15.80
3920875;191116;115516.99;512209.9945N;091440.7767E;356.081642;226.90;0.43;-0.01;15.70
3920925;191116;115517.81;512209.9945N;091440.7767E;356.081642;226.70;0.43;-0.01;15.80
3920975;191116;115518.99;512209.9945N;091440.7767E;356.081642;227.00;0.42;-0.01;15.70
3921025;191116;115519.81;512209.9945N;091440.7767E;356.081642;226.70;0.42;-0.01;15.80
3921074;191116;115520.99;512209.9945N;091440.7767E;356.081642;226.90;0.42;-0.01;15.80
3921124;191116;115521.81;512209.9945N;091440.7767E;356.081642;227.10;0.42;-0.02;15.80
3921174;191116;115522.99;512209.9945N;091440.7767E;356.081642;227.10;0.42;-0.02;15.70
3921224;191116;115523.81;512209.9945N;091440.7767E;356.081642;226.80;0.42;-0.01;15.70
3921273;191116;115524.99;512209.9945N;091440.7767E;356.081642;227.10;0.42;-0.01;15.70
3921323;191116;115525.81;512209.9945N;091440.7767E;356.081642;227.10;0.42;-0.02;15.70
3921372;191116;115526.99;512209.9945N;091440.7767E;356.081642;227.30;0.42;-0.01;15.70
3921422;191116;115527.81;512209.9945N;091440.7767E;356.081642;226.90;0.42;-0.01;15.70
3921472;191116;115528.99;512209.9945N;091440.7767E;356.081642;227.00;0.42;-0.02;15.70
3921522;191116;115529.99;512209.9945N;091440.7767E;356.081642;227.10;0.42;-0.02;15.70
3921572;191116;115530.81;512209.9945N;091440.7767E;356.081642;227.10;0.42;-0.02;15.80
3921621;191116;115531.99;512209.9945N;091440.7767E;356.081642;227.00;0.42;-0.02;15.80
3921671;191116;115532.81;512209.9945N;091440.7767E;356.081642;227.20;0.42;-0.02;15.80
3921721;191116;115533.99;512209.9945N;091440.7767E;356.081642;227.00;0.42;-0.02;15.80
3921771;191116;115534.81;512209.9945N;091440.7767E;356.081642;226.90;0.42;-0.02;15.80
3921821;191116;115535.99;512209.9945N;091440.7767E;356.081642;226.70;0.42;-0.02;15.80
3921871;191116;115536.81;512209.9945N;091440.7767E;356.081642;226.30;0.42;-0.02;15.80
3921921;191116;115537.99;512209.9945N;091440.7767E;356.081642;226.90;0.42;-0.02;15.80
3921971;191116;115538.99;512209.9945N;091440.7767E;356.081642;226.70;0.42;-0.02;15.80
3922021;191116;115539.99;512209.9945N;091440.7767E;356.081642;226.80;0.42;-0.02;15.80
3922071;191116;115540.99;512209.9945N;091440.7767E;356.081642;226.80;0.42;-0.01;15.80
3922121;191116;115541.99;512209.9945N;091440.7767E;356.081642;226.90;0.42;-0.01;15.70
3922171;191116;115542.99;512209.9945N;091440.7767E;356.081642;226.70;0.42;-0.01;15.70
3922221;191116;115544.00;512209.9945N;091440.7767E;356.081642;226.60;0.43;-0.01;15.70
3922271;191116;115544.99;512209.9945N;091440.7767E;356.081642;227.20;0.43;-0.02;15.70
3922321;191116;115545.99;512209.9945N;091440.7767E;356.081642;227.20;0.43;-0.01;15.80
3922371;191116;115546.99;512209.9945N;091440.7767E;356.081642;227.40;0.42;-0.01;15.80
3922421;191116;115547.99;512209.9945N;091440.7767E;356.081642;227.10;0.43;-0.01;15.80
3922471;191116;115548.99;512209.9945N;091440.7767E;356.081642;227.30;0.43;-0.01;15.70
3922521;191116;115549.99;512209.9945N;091440.7767E;356.081642;227.10;0.43;-0.01;15.70
3922571;191116;115550.99;512209.9945N;091440.7767E;356.081642;227.30;0.42;-0.01;15.70
3922621;191116;115551.99;512209.9945N;091440.7767E;356.081642;227.00;0.42;-0.01;15.70
3922671;191116;115552.99;512209.9945N;091440.7767E;356.081642;227.20;0.43;-0.01;15.70
3922721;191116;115553.99;512209.9945N;091440.7767E;356.081642;227.10;0.43;-0.01;15.70
3922771;191116;115554.99;512209.9945N;091440.7767E;356.081642;226.90;0.42;-0.02;15.70
3922821;191116;115555.99;512209.9945N;091440.7767E;356.081642;227.00;0.42;-0.02;15.70
3922871;191116;115556.99;512209.9945N;091440.7767E;356.081642;226.90;0.42;-0.02;15.70
3922920;191116;115557.99;512209.9945N;091440.7767E;356.081642;227.00;0.42;-0.02;15.70
3922970;191116;115558.99;512209.9945N;091440.7767E;356.081642;226.90;0.42;-0.02;15.80
3923020;191116;115600.00;512209.9945N;091440.7767E;356.081642;227.00;0.42;-0.02;15.80
3923070;191116;115600.99;512209.9945N;091440.7767E;356.081642;226.90;0.42;-0.02;15.80
3923120;191116;115601.99;512209.9945N;091440.7767E;356.081642;227.10;0.42;-0.02;15.80
3923170;191116;115602.99;512209.9945N;091440.7767E;356.081642;227.10;0.42;-0.02;15.80
3923219;191116;115603.99;512209.9945N;091440.7767E;356.081642;226.90;0.42;-0.02;15.80
3923269;191116;115604.99;512209.9945N;091440.7767E;356.081642;226.90;0.42;-0.02;15.80
3923319;191116;115606.00;512209.9945N;091440.7767E;356.081642;227.10;0.42;-0.02;15.80
3923368;191116;115606.99;512209.9945N;091440.7767E;356.081642;227.00;0.42;-0.03;15.80
3923417;191116;115607.99;512209.9945N;091440.7767E;356.081642;227.00;0.42;-0.02;15.80
3923467;191116;115608.99;512209.9945N;091440.7767E;356.081642;227.10;0.43;-0.01;15.80
3923517;191116;115609.81;512209.9945N;091440.7767E;356.081642;227.10;0.43;-0.01;15.80
3923566;191116;115610.99;512209.9945N;091440.7767E;356.081642;227.20;0.43;-0.01;15.80
3923616;191116;115611.81;512209.9945N;091440.7767E;356.081642;226.40;0.42;-0.01;15.80
3923666;191116;115612.99;512209.9945N;091440.7767E;356.081642;227.10;0.43;-0.01;15.70
3923716;191116;115613.99;512209.9945N;091440.7767E;356.081642;227.00;0.42;-0.01;15.70
3923766;191116;115614.81;512209.9945N;091440.7767E;356.081642;227.20;0.42;-0.01;15.70
3923816;191116;115615.99;512209.9945N;091440.7767E;356.081642;227.10;0.42;-0.01;15.80
3923866;191116;115616.81;512209.9945N;091440.7767E;356.081642;227.30;0.43;-0.01;15.80
3923916;191116;115617.99;512209.9945N;091440.7767E;356.081642;226.70;0.43;-0.01;15.70
3923966;191116;115618.81;512209.9945N;091440.7767E;356.081642;227.20;0.42;-0.01;15.70
3924016;191116;115619.99;512209.9945N;091440.7767E;356.081642;227.00;0.42;-0.01;15.70
3924066;191116;115620.81;512209.9945N;091440.7767E;356.081642;227.30;0.42;-0.01;15.70
3924116;191116;115621.99;512209.9945N;091440.7767E;356.081642;227.10;0.42;-0.01;15.70
3924166;191116;115622.81;512209.9945N;091440.7767E;356.081642;227.10;0.42;-0.02;15.70
3924216;191116;115623.99;512209.9945N;091440.7767E;356.081642;226.90;0.42;-0.02;15.70
3924266;191116;115624.81;512209.9945N;091440.7767E;356.081642;227.00;0.42;-0.02;15.70
3924316;191116;115625.99;512209.9945N;091440.7767E;356.081642;226.80;0.42;-0.02;15.70
3924366;191116;115626.99;512209.9945N;091440.7767E;356.081642;226.80;0.42;-0.02;15.70
3924414;191116;115627.81;512209.9945N;091440.7767E;356.081642;226.90;0.42;-0.02;15.60
3924463;191116;115628.99;512209.9945N;091440.7767E;356.081642;227.00;0.42;-0.02;15.70
3924512;191116;115629.81;512209.9945N;091440.7767E;356.081642;226.60;0.42;-0.02;15.70
3924562;191116;115630.99;512209.9945N;091440.7767E;356.081642;226.70;0.42;-0.02;15.70
3924612;191116;115631.81;512209.9945N;091440.7767E;356.081642;226.70;0.42;-0.02;15.70
3924662;191116;115633.00;512209.9945N;091440.7767E;356.081642;226.90;0.42;-0.02;15.70
3924712;191116;115633.81;512209.9945N;091440.7767E;356.081642;225.20;0.42;-0.02;15.70
3924762;191116;115634.99;512209.9945N;091440.7767E;356.081642;226.70;0.42;-0.03;15.70
3924812;191116;115636.01;512209.9945N;091440.7767E;356.081642;227.10;0.42;-0.02;15.70
3924862;191116;115636.99;512209.9945N;091440.7767E;356.081642;227.00;0.42;-0.02;15.70
3924912;191116;115637.99;512209.9945N;091440.7767E;356.081642;226.90;0.43;-0.01;15.70
3924962;191116;115639.00;512209.9945N;091440.7767E;356.081642;226.90;0.43;-0.01;15.70
3925012;191116;115639.99;512209.9945N;091440.7767E;356.081642;226.70;0.43;-0.01;15.70
3925062;191116;115640.81;512209.9945N;091440.7767E;356.081642;227.00;0.43;-0.01;15.70
3925112;191116;115641.99;512209.9945N;091440.7767E;356.081642;226.60;0.43;-0.01;15.70
3925162;191116;115642.99;512209.9945N;091440.7767E;356.081642;227.00;0.43;-0.01;15.70
3925212;191116;115643.81;512209.9945N;091440.7767E;356.081642;227.10;0.42;-0.01;15.80
3925262;191116;115644.99;512209.9945N;091440.7767E;356.081642;226.90;0.43;-0.02;15.80
3925312;191116;115645.99;512209.9945N;091440.7767E;356.081642;227.20;0.43;-0.01;15.70
3925362;191116;115646.99;512209.9945N;091440.7767E;356.081642;227.10;0.42;-0.01;15.70
3925412;191116;115647.99;512209.9945N;091440.7767E;356.081642;227.00;0.42;-0.02;15.70
3925462;191116;115648.99;512209.9945N;091440.7767E;356.081642;227.00;0.42;-0.01;15.70
3925512;191116;115650.02;512209.9945N;091440.7767E;356.081642;227.00;0.42;-0.02;15.70
3925562;191116;115650.99;512209.9945N;091440.7767E;356.081642;227.20;0.42;-0.02;15.70
3925612;191116;115651.99;512209.9945N;091440.7767E;356.081642;227.00;0.42;-0.01;15.70
3925662;191116;115652.99;512209.9945N;091440.7767E;356.081642;226.90;0.42;-0.02;15.70
3925712;191116;115654.00;512209.9945N;091440.7767E;356.081642;227.00;0.42;-0.02;15.70
3925762;191116;115654.99;512209.9945N;091440.7767E;356.081642;226.90;0.42;-0.02;15.70
3925812;191116;115655.99;512209.9945N;091440.7767E;356.081642;227.00;0.42;-0.02;15.70
3925862;191116;115656.99;512209.9945N;091440.7767E;356.081642;226.90;0.42;-0.02;15.70
3925912;191116;115657.99;512209.9945N;091440.7767E;356.081642;227.00;0.42;-0.02;15.70
3925962;191116;115658.81;512209.9945N;091440.7767E;356.081642;226.90;0.42;-0.02;15.70
3926012;191116;115659.99;512209.9945N;091440.7767E;356.081642;227.30;0.42;-0.02;15.80
3926062;191116;115701.00;512209.9945N;091440.7767E;356.081642;227.00;0.42;-0.02;15.70
3926112;191116;115701.99;512209.9945N;091440.7767E;356.081642;226.80;0.42;-0.02;15.70
3926162;191116;115703.00;512209.9945N;091440.7767E;356.081642;226.40;0.42;-0.02;15.70
3926212;191116;115703.99;512209.9945N;091440.7767E;356.081642;226.70;0.42;-0.02;15.70
3926262;191116;115704.99;512209.9945N;091440.7767E;356.081642;226.70;0.42;-0.02;15.70
3926312;191116;115705.99;512209.9945N;091440.7767E;356.081642;226.70;0.42;-0.02;15.70
3926362;191116;115706.81;512209.9945N;091440.7767E;356.081642;226.90;0.43;-0.01;15.70
3926412;191116;115708.00;512209.9945N;091440.7767E;356.081642;226.70;0.43;-0.01;15.70
3926462;191116;115708.81;512209.9945N;091440.7767E;356.081642;226.90;0.43;-0.01;15.70
3926512;191116;115709.99;512209.9945N;091440.7767E;356.081642;226.80;0.42;-0.02;15.70
3926562;191116;115710.99;512209.9945N;091440.7767E;356.081642;226.70;0.43;-0.01;15.70
3926612;191116;115711.81;512209.9945N;091440.7767E;356.081642;226.90;0.42;-0.01;15.70
3926662;191116;115712.99;512209.9945N;091440.7767E;356.081642;227.30;0.42;-0.01;15.70
3926712;191116;115713.81;512209.9945N;091440.7767E;356.081642;227.10;0.42;-0.01;15.70
3926762;191116;115714.99;512209.9945N;091440.7767E;356.081642;227.30;0.43;-0.01;15.70
3926812;191116;115715.81;512209.9945N;091440.7767E;356.081642;227.20;0.43;-0.02;15.60
3926862;191116;115716.99;512209.9945N;091440.7767E;356.081642;227.30;0.42;-0.01;15.60
3926912;191116;115717.81;512209.9945N;091440.7767E;356.081642;227.50;0.42;-0.01;15.70
3926962;191116;115718.99;512209.9945N;091440.7767E;356.081642;226.70;0.42;-0.02;15.70
3927011;191116;115719.81;512209.9945N;091440.7767E;356.081642;227.30;0.42;-0.02;15.70
3927061;191116;115720.99;512209.9945N;091440.7767E;356.081642;226.90;0.42;-0.01;15.70
3927111;191116;115721.81;512209.9945N;091440.7767E;356.081642;226.70;0.42;-0.01;15.70
3927161;191116;115722.99;512209.9945N;091440.7767E;356.081642;227.00;0.42;-0.02;15.70
3927211;191116;115723.99;512209.9945N;091440.7767E;356.081642;226.60;0.42;-0.02;15.70
3927261;191116;115724.81;512209.9945N;091440.7767E;356.081642;227.10;0.42;-0.02;15.70
3927311;191116;115725.99;512209.9945N;091440.7767E;356.081642;226.70;0.42;-0.02;15.70
3927361;191116;115726.81;512209.9945N;091440.7767E;356.081642;226.80;0.42;-0.02;15.70
3927411;191116;115727.99;512209.9945N;091440.7767E;356.081642;226.60;0.42;-0.02;15.70
3927461;191116;115728.81;512209.9945N;091440.7767E;356.081642;227.00;0.42;-0.02;15.70
3927511;191116;115729.99;512209.9945N;091440.7767E;356.081642;226.50;0.42;-0.02;15.70
3927561;191116;115730.81;512209.9945N;091440.7767E;356.081642;226.60;0.42;-0.02;15.70
3927611;191116;115731.99;512209.9945N;091440.7767E;356.081642;227.00;0.42;-0.03;15.70
3927661;191116;115732.99;512209.9945N;091440.7767E;356.081642;226.60;0.42;-0.02;15.70
3927711;191116;115733.99;512209.9945N;091440.7767E;356.081642;227.00;0.42;-0.02;15.70
3927761;191116;115734.99;512209.9945N;091440.7767E;356.081642;226.80;0.43;-0.02;15.70
3927811;191116;115735.99;512209.9945N;091440.7767E;356.081642;226.80;0.42;-0.01;15.60
3927861;191116;115736.99;512209.9945N;091440.7767E;356.081642;226.70;0.42;-0.01;15.70
3927911;191116;115738.02;512209.9945N;091440.7767E;356.081642;226.80;0.43;-0.01;15.70
3927961;191116;115738.99;512209.9945N;091440.7767E;356.081642;226.90;0.43;-0.01;15.60
3928011;191116;115739.99;512209.9945N;091440.7767E;356.081642;226.90;0.42;-0.01;15.60
3928061;191116;115740.99;512209.9945N;091440.7767E;356.081642;227.10;0.43;-0.01;15.60
3928111;191116;115741.99;512209.9945N;091440.7767E;356.081642;227.10;0.43;-0.01;15.60
3928161;191116;115742.99;512209.9945N;091440.7767E;356.081642;227.10;0.42;-0.01;15.70
3928211;191116;115743.99;512209.9945N;091440.7767E;356.081642;226.90;0.42;-0.01;15.70
3928261;191116;115744.99;512209.9945N;091440.7767E;356.081642;227.00;0.43;-0.01;15.70
3928311;191116;115745.99;512209.9945N;091440.7767E;356.081642;226.90;0.42;-0.02;15.60
3928361;191116;115746.81;512209.9945N;091440.7767E;356.081642;226.90;0.42;-0.01;15.60
3928411;191116;115747.99;512209.9945N;091440.7767E;356.081642;226.80;0.42;-0.02;15.60
3928461;191116;115749.00;512209.9945N;091440.7767E;356.081642;227.20;0.42;-0.02;15.70
3928511;191116;115749.99;512209.9945N;091440.7767E;356.081642;226.90;0.42;-0.02;15.70
3928561;191116;115751.00;512209.9945N;091440.7767E;356.081642;227.10;0.42;-0.02;15.70
3928611;191116;115751.99;512209.9945N;091440.7767E;356.081642;227.10;0.42;-0.02;15.70
3928661;191116;115752.99;512209.9945N;091440.7767E;356.081642;227.10;0.42;-0.02;15.70
3928711;191116;115753.99;512209.9945N;091440.7767E;356.081642;226.80;0.42;-0.02;15.60
3928761;191116;115754.99;512209.9945N;091440.7767E;356.081642;227.10;0.42;-0.02;15.60
3928811;191116;115755.81;512209.9945N;091440.7767E;356.081642;226.70;0.42;-0.02;15.70
3928861;191116;115756.99;512209.9945N;091440.7767E;356.081642;227.10;0.42;-0.02;15.60
3928911;191116;115758.00;512209.9945N;091440.7767E;356.081642;227.00;0.42;-0.02;15.70
3928961;191116;115758.99;512209.9945N;091440.7767E;356.081642;227.10;0.42;-0.02;15.60
3929011;191116;115800.00;512209.9945N;091440.7767E;356.081642;227.10;0.42;-0.02;15.60
3929061;191116;115800.99;512209.9945N;091440.7767E;356.081642;226.80;0.42;-0.03;15.60
3929111;191116;115801.99;512209.9945N;091440.7767E;356.081642;227.30;0.42;-0.02;15.60
3929161;191116;115802.99;512209.9945N;091440.7767E;356.081642;227.20;0.43;-0.01;15.60
3929211;191116;115803.81;512209.9945N;091440.7767E;356.081642;227.00;0.43;-0.01;15.70
3929261;191116;115805.00;512209.9945N;091440.7767E;356.081642;227.20;0.42;-0.01;15.60
3929311;191116;115805.81;512209.9945N;091440.7767E;356.081642;227.00;0.43;-0.01;15.60
3929361;191116;115806.99;512209.9945N;091440.7767E;356.081642;227.20;0.43;-0.02;15.60
3929411;191116;115807.99;512209.9945N;091440.7767E;356.081642;227.20;0.42;-0.01;15.70
3929460;191116;115808.81;512209.9945N;091440.7767E;356.081642;227.10;0.43;-0.01;15.70
3929510;191116;115809.99;512209.9945N;091440.7767E;356.081642;227.00;0.43;-0.01;15.70
3929560;191116;115810.81;512209.9945N;091440.7767E;356.081642;227.10;0.42;-0.01;15.60
3929610;191116;115811.99;512209.9945N;091440.7767E;356.081642;226.90;0.42;-0.01;15.60
3929660;191116;115812.81;512209.9945N;091440.7767E;356.081642;227.00;0.42;-0.01;15.60
3929710;191116;115813.81;512209.9945N;091440.7767E;356.081642;226.90;0.42;-0.01;15.60
3929760;191116;115814.81;512209.9945N;091440.7767E;356.081642;227.00;0.42;-0.01;15.70
3929810;191116;115815.99;512209.9945N;091440.7767E;356.081642;226.90;0.42;-0.01;15.60
3929860;191116;115816.81;512209.9945N;091440.7767E;356.081642;227.00;0.42;-0.02;15.60
3929910;191116;115817.99;512209.9945N;091440.7767E;356.081642;227.10;0.42;-0.01;15.60
3929960;191116;115818.81;512209.9945N;091440.7767E;356.081642;227.10;0.42;-0.01;15.60
3930010;191116;115819.99;512209.9945N;091440.7767E;356.081642;226.90;0.42;-0.02;15.60
3930060;191116;115820.99;512209.9945N;091440.7767E;356.081642;227.20;0.42;-0.02;15.60
3930110;191116;115821.81;512209.9945N;091440.7767E;356.081642;227.30;0.42;-0.02;15.60
3930160;191116;115822.99;512209.9945N;091440.7767E;356.081642;227.30;0.42;-0.02;15.60
3930209;191116;115823.81;512209.9945N;091440.7767E;356.081642;227.10;0.42;-0.02;15.60
3930259;191116;115824.99;512209.9945N;091440.7767E;356.081642;226.90;0.42;-0.02;15.60
3930309;191116;115825.81;512209.9945N;091440.7767E;356.081642;227.00;0.42;-0.02;15.60
3930359;191116;115826.99;512209.9945N;091440.7767E;356.081642;226.90;0.42;-0.02;15.60
3930409;191116;115827.81;512209.9945N;091440.7767E;356.081642;227.70;0.42;-0.02;15.60
3930459;191116;115828.99;512209.9945N;091440.7767E;356.081642;227.10;0.42;-0.02;15.60
3930509;191116;115829.99;512209.9945N;091440.7767E;356.081642;226.90;0.42;-0.02;15.60
3930559;191116;115830.99;512209.9945N;091440.7767E;356.081642;226.60;0.43;-0.02;15.60
3930609;191116;115831.99;512209.9945N;091440.7767E;356.081642;227.10;0.42;-0.01;15.60
3930659;191116;115833.00;512209.9945N;091440.7767E;356.081642;226.90;0.42;-0.01;15.60
3930709;191116;115833.99;512209.9945N;091440.7767E;356.081642;226.80;0.43;-0.01;15.60
3930759;191116;115835.00;512209.9945N;091440.7767E;356.081642;226.70;0.43;-0.01;15.60
3930809;191116;115835.99;512209.9945N;091440.7767E;356.081642;226.90;0.43;-0.01;15.60
3930859;191116;115836.99;512209.9945N;091440.7767E;356.081642;226.70;0.43;-0.01;15.60
3930909;191116;115837.99;512209.9945N;091440.7767E;356.081642;227.00;0.42;-0.01;15.60
3930959;191116;115838.99;512209.9945N;091440.7767E;356.081642;227.00;0.42;-0.01;15.60
3931009;191116;115840.00;512209.9945N;091440.7767E;356.081642;226.30;0.43;-0.01;15.60
3931059;191116;115840.99;512209.9945N;091440.7767E;356.081642;226.80;0.43;-0.02;15.60
3931109;191116;115842.00;512209.9945N;091440.7767E;356.081642;226.90;0.42;-0.01;15.60
3931159;191116;115842.99;512209.9945N;091440.7767E;356.081642;226.80;0.42;-0.01;15.60
3931209;191116;115844.00;512209.9945N;091440.7767E;356.081642;226.80;0.42;-0.01;15.60
3931259;191116;115844.99;512209.9945N;091440.7767E;356.081642;226.90;0.42;-0.02;15.60
3931309;191116;115846.00;512209.9945N;091440.7767E;356.081642;226.90;0.42;-0.02;15.60
3931359;191116;115846.99;512209.9945N;091440.7767E;356.081642;227.10;0.42;-0.02;15.60
3931409;191116;115848.00;512209.9945N;091440.7767E;356.081642;226.80;0.42;-0.01;15.60
3931459;191116;115848.99;512209.9945N;091440.7767E;356.081642;227.10;0.42;-0.02;15.60
3931509;191116;115849.99;512209.9945N;091440.7767E;356.081642;226.90;0.42;-0.02;15.60
3931559;191116;115850.99;512209.9945N;091440.7767E;356.081642;227.00;0.42;-0.02;15.60
3931609;191116;115851.99;512209.9945N;091440.7767E;356.081642;226.90;0.42;-0.02;15.60
3931659;191116;115853.00;512209.9945N;091440.7767E;356.081642;226.90;0.42;-0.02;15.60
3931709;191116;115853.99;512209.9945N;091440.7767E;356.081642;226.80;0.42;-0.02;15.60
3931759;191116;115855.00;512209.9945N;091440.7767E;356.081642;226.80;0.42;-0.02;15.60
3931809;191116;115855.99;512209.9945N;091440.7767E;356.081642;227.00;0.42;-0.02;15.60
3931859;191116;115857.00;512209.9945N;091440.7767E;356.081642;226.80;0.42;-0.02;15.60
3931909;191116;115857.99;512209.9945N;091440.7767E;356.081642;226.70;0.42;-0.03;15.70
3931959;191116;115858.99;512209.9945N;091440.7767E;356.081642;227.00;0.42;-0.02;15.70
3932009;191116;115859.99;512209.9945N;091440.7767E;356.081642;226.80;0.43;-0.01;15.70
3932059;191116;115900.81;512209.9945N;091440.7767E;356.081642;226.90;0.43;-0.01;15.70
3932109;191116;115901.99;512209.9945N;091440.7767E;356.081642;226.90;0.43;-0.01;15.60
3932160;191116;115902.81;512209.9945N;091440.7767E;356.081642;226.70;0.43;-0.01;15.60
3932210;191116;115903.99;512209.9945N;091440.7767E;356.081642;226.80;0.43;-0.01;15.60
3932260;191116;115904.99;512209.9945N;091440.7767E;356.081642;226.80;0.43;-0.01;15.60
3932310;191116;115905.81;512209.9945N;091440.7767E;356.081642;226.80;0.43;-0.01;15.60
3932360;191116;115906.99;512209.9945N;091440.7767E;356.081642;225.00;0.42;-0.01;15.60
3932410;191116;115907.81;512209.9945N;091440.7767E;356.081642;225.20;0.43;-0.01;15.70
3932460;191116;115909.01;512209.9945N;091440.7767E;356.081642;225.40;0.43;-0.02;15.70
3932510;191116;115909.81;512209.9945N;091440.7767E;356.081642;226.00;0.42;-0.02;15.70
3932560;191116;115910.99;512209.9945N;091440.7767E;356.081642;228.20;0.42;-0.01;15.70
3932610;191116;115911.81;512209.9945N;091440.7767E;356.081642;228.40;0.42;-0.01;15.70
3932660;191116;115912.99;512209.9945N;091440.7767E;356.081642;227.80;0.42;-0.01;15.60
3932710;191116;115913.81;512209.9945N;091440.7767E;356.081642;227.40;0.42;-0.02;15.60
3932760;191116;115914.99;512209.9945N;091440.7767E;356.081642;227.30;0.42;-0.02;15.60
3932810;191116;115915.81;512209.9945N;091440.7767E;356.081642;227.50;0.42;-0.02;15.60
3932860;191116;115917.00;512209.9945N;091440.7767E;356.081642;227.20;0.42;-0.02;15.70
3932910;191116;115917.99;512209.9945N;091440.7767E;356.081642;226.00;0.42;-0.02;15.70
3932960;191116;115918.81;512209.9945N;091440.7767E;356.081642;226.20;0.42;-0.02;15.60
3933010;191116;115919.99;512209.9945N;091440.7767E;356.081642;226.40;0.42;-0.02;15.70
3933060;191116;115920.81;512209.9945N;091440.7767E;356.081642;226.10;0.42;-0.02;15.70
3933110;191116;115921.99;512209.9945N;091440.7767E;356.081642;226.10;0.42;-0.02;15.70
3933160;191116;115922.81;512209.9945N;091440.7767E;356.081642;226.30;0.42;-0.02;15.70
3933210;191116;115924.01;512209.9945N;091440.7767E;356.081642;226.90;0.42;-0.02;15.70
3933259;191116;115924.81;512209.9945N;091440.7767E;356.081642;226.00;0.42;-0.02;15.70
3933309;191116;115926.00;512209.9945N;091440.7767E;356.081642;226.30;0.42;-0.02;15.70
3933359;191116;115926.99;512209.9945N;091440.7767E;356.081642;226.70;0.42;-0.02;15.70
3933409;191116;115927.99;512209.9945N;091440.7767E;356.081642;228.30;0.42;-0.02;15.70
3933459;191116;115928.99;512209.9945N;091440.7767E;356.081642;228.20;0.43;-0.01;15.70
3933509;191116;115930.00;512209.9945N;091440.7767E;356.081642;227.40;0.42;-0.01;15.70
3933559;191116;115931.01;512209.9945N;091440.7767E;356.081642;227.50;0.42;-0.01;15.70
3933609;191116;115932.03;512209.9945N;091440.7767E;356.081642;227.80;0.43;-0.01;15.70
3933659;191116;115933.02;512209.9945N;091440.7767E;356.081642;227.30;0.43;-0.01;15.70
3933709;191116;115933.99;512209.9945N;091440.7767E;356.081642;227.30;0.43;-0.01;15.70
3933759;191116;115935.00;512209.9945N;091440.7767E;356.081642;227.20;0.43;-0.01;15.70
3933809;191116;115936.02;512209.9945N;091440.7767E;356.081642;227.30;0.43;-0.01;15.70
3933859;191116;115937.00;512209.9945N;091440.7767E;356.081642;227.10;0.43;-0.01;15.70
3933909;191116;115938.02;512209.9945N;091440.7767E;356.081642;227.50;0.43;-0.01;15.70
3933959;191116;115939.00;512209.9945N;091440.7767E;356.081642;227.10;0.43;-0.02;15.70
3934009;191116;115939.99;512209.9945N;091440.7767E;356.081642;227.30;0.43;-0.01;15.70
3934059;191116;115941.01;512209.9945N;091440.7767E;356.081642;227.60;0.43;-0.02;15.60
3934109;191116;115942.02;512209.9945N;091440.7767E;356.081642;227.10;0.43;-0.02;15.60
3934159;191116;115943.00;512209.9945N;091440.7767E;356.081642;227.00;0.42;-0.02;15.60
3934209;191116;115944.02;512209.9945N;091440.7767E;356.081642;227.10;0.42;-0.02;15.60
3934259;191116;115945.00;512209.9945N;091440.7767E;356.081642;227.30;0.42;-0.02;15.60
3934309;191116;115946.02;512209.9945N;091440.7767E;356.081642;227.30;0.42;-0.02;15.70
3934359;191116;115947.02;512209.9945N;091440.7767E;356.081642;227.30;0.42;-0.02;15.70
3934409;191116;115948.00;512209.9945N;091440.7767E;356.081642;227.10;0.42;-0.02;15.60
3934459;191116;115949.02;512209.9945N;091440.7767E;356.081642;227.10;0.42;-0.02;15.60
3934509;191116;115950.03;512209.9945N;091440.7767E;356.081642;227.20;0.42;-0.02;15.60
3934559;191116;115950.99;512209.9945N;091440.7767E;356.081642;227.10;0.42;-0.02;15.60
3934609;191116;115952.00;512209.9945N;091440.7767E;356.081642;226.80;0.42;-0.02;15.60
3934659;191116;115953.00;512209.9945N;091440.7767E;356.081642;226.20;0.42;-0.02;15.60
3934709;191116;115954.00;512209.9945N;091440.7767E;356.081642;227.20;0.42;-0.02;15.60
3934759;191116;115955.02;512209.9945N;091440.7767E;356.081642;227.30;0.42;-0.02;15.60
3934809;191116;115956.02;512209.9945N;091440.7767E;356.081642;226.90;0.42;-0.02;15.60
3934859;191116;115957.02;512209.9945N;091440.7767E;356.081642;226.90;0.42;-0.01;15.60
3934909;191116;115957.81;512209.9945N;091440.7767E;356.081642;227.40;0.43;-0.01;15.60
3934959;191116;115959.00;512209.9945N;091440.7767E;356.081642;227.80;0.43;-0.01;15.60
3935009;191116;115959.81;512209.9945N;091440.7767E;356.081642;227.00;0.43;-0.01;15.60
