3875160;191116;114001.70;512209.9763N;091440.7463E;361.565436;226.60;0.42;-0.01;15.60
3875210;191116;114002.74;512209.9763N;091440.7463E;361.565436;226.90;0.42;-0.01;15.70
3875260;191116;114003.70;512209.9763N;091440.7463E;361.565436;227.00;0.42;-0.01;15.70
3875310;191116;114004.70;512209.9763N;091440.7463E;361.565436;226.60;0.42;-0.01;15.70
3875361;191116;114005.50;512209.9763N;091440.7463E;361.565436;226.80;0.42;-0.01;15.70
3875411;191116;114006.70;512209.9763N;091440.7463E;361.565436;226.80;0.42;-0.01;15.70
3875461;191116;114007.74;512209.9763N;091440.7463E;361.565436;227.20;0.42;-0.01;15.70
3875511;191116;114008.70;512209.9763N;091440.7463E;361.565436;227.00;0.42;-0.01;15.70
3875561;191116;114009.74;512209.9763N;091440.7463E;361.565436;227.00;0.42;-0.02;15.70
3875611;191116;114010.70;512209.9763N;091440.7463E;361.565436;227.20;0.42;-0.02;15.70
3875660;191116;114011.76;512209.9763N;091440.7463E;361.565436;227.10;0.42;-0.02;15.70
3875710;191116;114012.70;512209.9763N;091440.7463E;361.565436;226.80;0.42;-0.02;15.70
3875760;191116;114013.71;512209.9763N;091440.7463E;361.565436;227.10;0.42;-0.02;15.70
3875810;191116;114014.70;512209.9884N;091440.7685E;362.048073;227.00;0.42;-0.02;15.70
3875860;191116;114015.76;512209.9884N;091440.7685E;362.048073;227.00;0.42;-0.02;15.70
3875910;191116;114016.70;512209.9884N;091440.7685E;362.048073;226.90;0.42;-0.02;15.60
3875960;191116;114017.70;512209.9884N;091440.7685E;362.048073;226.90;0.42;-0.02;15.60
3876010;191116;114018.50;512209.9884N;091440.7685E;362.048073;226.80;0.42;-0.02;15.60
3876060;191116;114019.70;512209.9884N;091440.7685E;362.048073;226.90;0.42;-0.02;15.60
3876110;191116;114020.73;512209.9884N;091440.7685E;362.048073;227.00;0.42;-0.02;15.60
3876160;191116;114021.70;512209.9884N;091440.7685E;362.048073;226.80;0.42;-0.02;15.60
3876210;191116;114022.74;512209.9884N;091440.7685E;362.048073;227.00;0.42;-0.02;15.60
3876260;191116;114023.70;512209.9884N;091440.7685E;362.048073;226.50;0.42;-0.02;15.60
3876310;191116;114024.50;512209.9884N;091440.7685E;362.048073;227.40;0.42;-0.02;15.70
3876360;191116;114025.70;512209.9884N;091440.7685E;362.048073;226.90;0.42;-0.02;15.70
3876410;191116;114026.70;512209.9955N;091440.7748E;361.094327;226.70;0.42;-0.02;15.60
3876460;191116;114027.70;512209.9955N;091440.7748E;361.094327;226.50;0.42;-0.02;15.60
3876510;191116;114028.70;512209.9955N;091440.7748E;361.094327;226.90;0.42;-0.01;15.60
3876560;191116;114029.70;512209.9955N;091440.7748E;361.094327;226.90;0.42;-0.01;15.70
3876610;191116;114030.70;512209.9955N;091440.7748E;361.094327;226.60;0.42;-0.01;15.70
3876660;191116;114031.70;512209.9955N;091440.7748E;361.094327;227.00;0.42;-0.01;15.70
3876710;191116;114032.70;512209.9955N;091440.7748E;361.094327;226.90;0.42;-0.01;15.70
3876760;191116;114033.70;512209.9955N;091440.7748E;361.094327;226.90;0.43;-0.01;15.70
3876810;191116;114034.70;512209.9955N;091440.7748E;361.094327;226.80;0.42;-0.01;15.70
3876860;191116;114035.70;512209.9955N;091440.7748E;361.094327;226.90;0.42;-0.01;15.70
3876910;191116;114036.70;512209.9955N;091440.7748E;361.094327;226.80;0.42;-0.01;15.70
3876960;191116;114037.70;512209.9955N;091440.7748E;361.094327;227.10;0.42;-0.02;15.70
3877010;191116;114038.70;512209.9955N;091440.7748E;361.094327;227.00;0.42;-0.02;15.70
3877060;191116;114039.70;512209.9955N;091440.7748E;361.094327;227.10;0.42;-0.02;15.70
3877110;191116;114040.70;512209.9955N;091440.7748E;361.094327;226.80;0.42;-0.02;15.70
3877160;191116;114041.70;512209.9955N;091440.7748E;361.094327;227.00;0.42;-0.02;15.70
3877209;191116;114042.70;512209.9955N;091440.7748E;361.094327;227.10;0.42;-0.02;15.60
3877259;191116;114043.70;512209.9955N;091440.7748E;361.094327;227.10;0.42;-0.02;15.60
3877308;191116;114044.70;512210.0541N;091440.8042E;361.277624;226.90;0.42;-0.02;15.60
3877357;191116;114045.70;512210.0541N;091440.8042E;361.277624;226.90;0.42;-0.02;15.60
3877407;191116;114046.70;512210.0541N;091440.8042E;361.277624;227.00;0.42;-0.02;15.70
3877456;191116;114047.70;512210.0541N;091440.8042E;361.277624;226.60;0.42;-0.02;15.60
3877506;191116;114048.70;512210.0541N;091440.8042E;361.277624;226.70;0.42;-0.02;15.60
3877555;191116;114049.70;512210.0541N;091440.8042E;361.277624;226.40;0.42;-0.02;15.60
3877605;191116;114050.70;512210.0541N;091440.8042E;361.277624;226.80;0.42;-0.02;15.70
3877654;191116;114051.70;512210.0541N;091440.8042E;361.277624;226.60;0.42;-0.02;15.60
3877703;191116;114052.70;512210.0541N;091440.8042E;361.277624;226.70;0.42;-0.02;15.60
3877752;191116;114053.70;512210.0541N;091440.8042E;361.277624;226.90;0.42;-0.02;15.70
3877802;191116;114054.70;512210.0541N;091440.8042E;361.277624;226.80;0.42;-0.02;15.70
3877852;191116;114055.70;512210.0541N;091440.8042E;361.277624;226.30;0.42;-0.02;15.70
3877902;191116;114056.70;512210.0541N;091440.8042E;361.277624;226.70;0.42;-0.02;15.70
3877952;191116;114057.60;512210.0541N;091440.8042E;361.277624;227.20;0.43;-0.01;15.70
3878002;191116;114058.70;512210.0541N;091440.8042E;361.277624;227.00;0.42;-0.01;15.70
3878052;191116;114059.60;512210.0541N;091440.8042E;361.277624;227.10;0.42;-0.01;15.70
3878101;191116;114100.70;512210.0541N;091440.8042E;361.277624;227.00;0.43;-0.02;15.70
3878150;191116;114101.70;512210.0541N;091440.8042E;361.277624;227.00;0.43;-0.01;15.70
3878201;191116;114102.60;512210.0541N;091440.8042E;361.277624;226.90;0.42;-0.01;15.70
3878251;191116;114103.70;512210.0541N;091440.8042E;361.277624;227.10;0.42;-0.01;15.80
3878301;191116;114104.60;512210.0541N;091440.8042E;361.277624;226.80;0.42;-0.01;15.80
3878351;191116;114105.70;512210.0541N;091440.8042E;361.277624;226.80;0.42;-0.01;15.80
3878401;191116;114106.76;512210.0541N;091440.8042E;361.277624;227.00;0.42;-0.02;15.80
3878451;191116;114107.70;512210.0541N;091440.8042E;361.277624;226.80;0.42;-0.02;15.80
3878501;191116;114108.78;512210.0541N;091440.8042E;361.277624;226.80;0.42;-0.01;15.70
3878551;191116;114109.70;512210.0541N;091440.8042E;361.277624;227.00;0.42;-0.02;15.80
3878601;191116;114110.78;512210.0541N;091440.8042E;361.277624;226.60;0.42;-0.02;15.80
3878651;191116;114111.70;512210.0541N;091440.8042E;361.277624;227.10;0.42;-0.02;15.80
3878701;191116;114112.77;512210.0541N;091440.8042E;361.277624;226.80;0.42;-0.02;15.80
3878751;191116;114113.70;512210.0541N;091440.8042E;361.277624;226.80;0.42;-0.02;15.80
3878801;191116;114114.70;512210.0541N;091440.8042E;361.277624;226.70;0.42;-0.02;15.80
3878851;191116;114115.78;512210.0541N;091440.8042E;361.277624;227.10;0.42;-0.02;15.80
3878901;191116;114116.70;512210.0541N;091440.8042E;361.277624;227.00;0.42;-0.02;15.70
3878951;191116;114117.76;512210.0541N;091440.8042E;361.277624;227.00;0.42;-0.02;15.80
3879000;191116;114118.70;512210.0541N;091440.8042E;361.277624;226.90;0.42;-0.02;15.80
3879050;191116;114119.60;512210.0541N;091440.8042E;361.277624;226.90;0.42;-0.02;15.80
3879100;191116;114120.70;512210.0541N;091440.8042E;361.277624;226.60;0.42;-0.02;15.80
3879150;191116;114121.78;512210.0541N;091440.8042E;361.277624;226.40;0.42;-0.02;15.80
3879200;191116;114122.70;512210.0541N;091440.8042E;361.277624;226.70;0.42;-0.02;15.80
3879249;191116;114123.70;512210.0541N;091440.8042E;361.277624;226.70;0.42;-0.03;15.80
3879299;191116;114124.70;512210.0541N;091440.8042E;361.277624;226.80;0.42;-0.02;15.80
3879349;191116;114125.70;512210.0541N;091440.8042E;361.277624;227.00;0.43;-0.01;15.70
3879399;191116;114126.70;512210.0541N;091440.8042E;361.277624;226.90;0.42;-0.01;15.70
3879449;191116;114127.70;512210.0541N;091440.8042E;361.277624;226.60;0.42;-0.01;15.70
3879499;191116;114128.70;512210.0541N;091440.8042E;361.277624;226.80;0.42;-0.01;15.70
3879549;191116;114129.70;512210.0541N;091440.8042E;361.277624;226.80;0.42;-0.01;15.60
3879599;191116;114130.70;512210.0541N;091440.8042E;361.277624;226.90;0.42;-0.01;15.70
3879649;191116;114131.70;512210.0541N;091440.8042E;361.277624;226.60;0.42;-0.01;15.70
3879699;191116;114132.70;512210.0562N;091440.7980E;360.347568;226.70;0.42;-0.01;15.70
3879749;191116;114133.70;512210.0562N;091440.7980E;360.347568;226.70;0.42;-0.01;15.70
3879799;191116;114134.70;512210.0562N;091440.7980E;360.347568;226.70;0.42;-0.02;15.70
3879849;191116;114135.70;512210.0562N;091440.7980E;360.347568;226.80;0.42;-0.02;15.70
3879899;191116;114136.70;512210.0562N;091440.7980E;360.347568;226.70;0.42;-0.02;15.70
3879949;191116;114137.70;512210.0562N;091440.7980E;360.347568;226.60;0.42;-0.02;15.70
3879999;191116;114138.70;512210.0562N;091440.7980E;360.347568;226.90;0.42;-0.02;15.70
3880049;191116;114139.70;512210.0562N;091440.7980E;360.347568;226.80;0.42;-0.02;15.70
3880099;191116;114140.70;512210.0562N;091440.7980E;360.347568;226.60;0.42;-0.02;15.70
3880149;191116;114141.70;512210.0562N;091440.7980E;360.347568;226.60;0.42;-0.02;15.70
3880199;191116;114142.70;512210.0562N;091440.7980E;360.347568;226.80;0.42;-0.02;15.80
3880249;191116;114143.70;512210.0562N;091440.7980E;360.347568;226.30;0.42;-0.02;15.70
3880299;191116;114144.70;512210.0562N;091440.7980E;360.347568;226.90;0.42;-0.02;15.70
3880349;191116;114145.70;512210.0562N;091440.7980E;360.347568;226.80;0.42;-0.02;15.70
3880399;191116;114146.70;512210.0562N;091440.7980E;360.347568;226.80;0.42;-0.02;15.70
3880449;191116;114147.70;512210.0562N;091440.7980E;360.347568;226.90;0.42;-0.02;15.70
3880499;191116;114148.70;512210.0562N;091440.7980E;360.347568;227.00;0.42;-0.02;15.70
3880549;191116;114149.70;512210.0562N;091440.7980E;360.347568;226.80;0.42;-0.02;15.70
3880599;191116;114150.70;512210.0562N;091440.7980E;360.347568;227.10;0.42;-0.02;15.70
3880649;191116;114151.70;512210.0562N;091440.7980E;360.347568;226.90;0.41;-0.03;15.70
3880699;191116;114152.70;512210.0562N;091440.7980E;360.347568;226.50;0.42;-0.02;15.70
3880749;191116;114153.70;512210.0562N;091440.7980E;360.347568;227.10;0.43;-0.01;15.70
3880801;191116;114154.60;512210.0562N;091440.7980E;360.347568;227.10;0.43;-0.01;15.70
3880851;191116;114155.80;512210.0562N;091440.7980E;360.347568;226.80;0.42;-0.01;15.70
3880901;191116;114156.60;512210.0055N;091440.8090E;359.459542;226.90;0.42;-0.01;15.60
3880951;191116;114157.80;512210.0055N;091440.8090E;359.459542;227.30;0.43;-0.02;15.70
3881001;191116;114158.80;512210.0055N;091440.8090E;359.459542;226.80;0.42;-0.01;15.70
3881051;191116;114159.60;512210.0055N;091440.8090E;359.459542;226.70;0.42;-0.01;15.70
3881101;191116;114200.80;512210.0055N;091440.8090E;359.459542;226.70;0.42;-0.01;15.70
3881152;191116;114201.60;512210.0055N;091440.8090E;359.459542;226.90;0.42;-0.01;15.70
3881202;191116;114202.80;512210.0055N;091440.8090E;359.459542;226.40;0.42;-0.01;15.70
3881252;191116;114203.60;512210.0055N;091440.8090E;359.459542;226.90;0.42;-0.01;15.70
3881302;191116;114204.80;512210.0055N;091440.8090E;359.459542;226.70;0.42;-0.02;15.70
3881353;191116;114205.60;512210.0055N;091440.8090E;359.459542;226.70;0.42;-0.02;15.70
3881403;191116;114206.80;512210.0055N;091440.8090E;359.459542;227.00;0.42;-0.02;15.70
3881452;191116;114207.60;512210.0055N;091440.8090E;359.459542;226.80;0.42;-0.02;15.70
3881502;191116;114208.80;512210.0055N;091440.8090E;359.459542;226.90;0.42;-0.02;15.70
3881553;191116;114209.60;512210.0055N;091440.8090E;359.459542;227.10;0.42;-0.02;15.70
3881603;191116;114210.80;512210.0055N;091440.8090E;359.459542;226.80;0.42;-0.02;15.70
3881653;191116;114211.80;512210.0055N;091440.8090E;359.459542;226.70;0.42;-0.02;15.70
3881703;191116;114212.87;512210.0055N;091440.8090E;359.459542;227.00;0.42;-0.02;15.70
3881753;191116;114213.80;512210.0055N;091440.8090E;359.459542;226.80;0.42;-0.02;15.70
3881803;191116;114214.60;512210.0055N;091440.8090E;359.459542;226.80;0.42;-0.02;15.70
3881853;191116;114215.80;512210.0055N;091440.8090E;359.459542;226.80;0.42;-0.02;15.70
3881903;191116;114216.60;512210.0055N;091440.8090E;359.459542;226.90;0.42;-0.02;15.70
3881953;191116;114217.80;512210.0055N;091440.8090E;359.459542;226.60;0.42;-0.02;15.70
3882003;191116;114218.85;512210.0055N;091440.8090E;359.459542;227.90;0.42;-0.02;15.70
3882053;191116;114219.80;512210.0055N;091440.8090E;359.459542;226.60;0.42;-0.03;15.70
3882103;191116;114220.80;512210.0055N;091440.8090E;359.459542;226.40;0.42;-0.03;15.70
3882153;191116;114221.80;512210.0055N;091440.8090E;359.459542;226.60;0.42;-0.02;15.70
3882203;191116;114222.80;512210.0055N;091440.8090E;359.459542;226.60;0.42;-0.01;15.70
3882253;191116;114223.80;512210.0055N;091440.8090E;359.459542;226.90;0.42;-0.01;15.70
3882303;191116;114224.80;512210.0055N;091440.8090E;359.459542;226.90;0.42;-0.01;15.70
3882353;191116;114225.80;512210.0055N;091440.8090E;359.459542;226.70;0.42;-0.01;15.70
3882403;191116;114226.80;512210.0055N;091440.8090E;359.459542;226.90;0.42;-0.02;15.70
3882453;191116;114227.80;512210.0055N;091440.8090E;359.459542;226.90;0.42;-0.01;15.70
3882503;191116;114228.80;512210.0055N;091440.8090E;359.459542;226.60;0.42;-0.01;15.70
3882553;191116;114229.80;512210.0055N;091440.8090E;359.459542;226.70;0.43;-0.01;15.70
3882603;191116;114230.80;512210.0055N;091440.8090E;359.459542;226.50;0.42;-0.01;15.70
3882653;191116;114231.80;512210.0055N;091440.8090E;359.459542;226.80;0.43;-0.02;15.70
3882703;191116;114232.80;512210.0055N;091440.8090E;359.459542;227.00;0.42;-0.02;15.70
3882753;191116;114233.80;512210.0055N;091440.8090E;359.459542;227.00;0.42;-0.02;15.80
3882803;191116;114234.80;512210.0055N;091440.8090E;359.459542;227.10;0.42;-0.02;15.70
3882853;191116;114235.80;512210.0055N;091440.8090E;359.459542;226.60;0.42;-0.02;15.70
3882903;191116;114236.80;512210.0055N;091440.8090E;359.459542;227.00;0.42;-0.02;15.70
3882953;191116;114237.80;512210.0055N;091440.8090E;359.459542;226.70;0.42;-0.02;15.70
3883003;191116;114238.80;512210.0055N;091440.8090E;359.459542;226.80;0.42;-0.02;15.70
3883053;191116;114239.80;512210.0055N;091440.8090E;359.459542;226.80;0.42;-0.02;15.70
3883103;191116;114240.80;512210.0055N;091440.8090E;359.459542;226.80;0.42;-0.02;15.70
3883153;191116;114241.80;512210.0055N;091440.8090E;359.459542;227.10;0.42;-0.02;15.80
3883203;191116;114242.80;512210.0055N;091440.8090E;359.459542;226.70;0.42;-0.02;15.80
3883253;191116;114243.80;512210.0055N;091440.8090E;359.459542;226.80;0.42;-0.02;15.70
3883303;191116;114244.80;512210.0368N;091440.8286E;358.265434;226.90;0.42;-0.02;15.70
3883353;191116;114245.80;512210.0368N;091440.8286E;358.265434;226.90;0.42;-0.02;15.70
3883403;191116;114246.80;512210.0368N;091440.8286E;358.265434;226.90;0.42;-0.02;15.70
3883453;191116;114247.80;512210.0368N;091440.8286E;358.265434;226.70;0.42;-0.03;15.70
3883503;191116;114248.80;512210.0368N;091440.8286E;358.265434;227.00;0.42;-0.03;15.70
3883553;191116;114249.80;512210.0368N;091440.8286E;358.265434;226.80;0.42;-0.02;15.70
3883603;191116;114250.80;512210.0368N;091440.8286E;358.265434;226.90;0.43;-0.01;15.70
3883653;191116;114251.70;512210.0368N;091440.8286E;358.265434;227.00;0.42;-0.01;15.70
3883703;191116;114252.80;512210.0368N;091440.8286E;358.265434;226.80;0.42;-0.01;15.70
3883753;191116;114253.70;512210.0368N;091440.8286E;358.265434;226.10;0.43;-0.01;15.80
3883803;191116;114254.80;512210.0368N;091440.8286E;358.265434;226.60;0.42;-0.01;15.80
3883853;191116;114255.80;512210.0368N;091440.8286E;358.265434;226.60;0.42;-0.01;15.80
3883903;191116;114256.70;512210.0368N;091440.8286E;358.265434;227.10;0.42;-0.01;15.70
3883953;191116;114257.80;512210.0368N;091440.8286E;358.265434;226.80;0.42;-0.01;15.80
3884003;191116;114258.70;512210.0368N;091440.8286E;358.265434;227.00;0.42;-0.01;15.80
3884053;191116;114259.80;512210.0368N;091440.8286E;358.265434;226.80;0.42;-0.01;15.70
3884103;191116;114300.70;512210.0368N;091440.8286E;358.265434;227.00;0.43;-0.02;15.80
3884153;191116;114301.80;512210.0368N;091440.8286E;358.265434;227.10;0.42;-0.02;15.80
3884203;191116;114302.70;512210.0368N;091440.8286E;358.265434;227.00;0.42;-0.01;15.80
3884253;191116;114303.80;512210.0368N;091440.8286E;358.265434;226.70;0.42;-0.01;15.80
3884303;191116;114304.70;512210.0368N;091440.8286E;358.265434;227.10;0.42;-0.02;15.80
3884353;191116;114305.80;512210.0368N;091440.8286E;358.265434;226.60;0.42;-0.02;15.80
3884403;191116;114306.70;512210.0368N;091440.8286E;358.265434;226.90;0.42;-0.02;15.80
3884453;191116;114307.80;512210.0368N;091440.8286E;358.265434;226.60;0.42;-0.02;15.80
3884503;191116;114308.80;512210.0368N;091440.8286E;358.265434;226.60;0.42;-0.02;15.70
3884553;191116;114309.70;512210.0368N;091440.8286E;358.265434;226.70;0.42;-0.02;15.70
3884604;191116;114310.80;512210.0368N;091440.8286E;358.265434;226.90;0.42;-0.02;15.70
3884654;191116;114311.70;512210.0368N;091440.8286E;358.265434;226.70;0.42;-0.02;15.70
3884704;191116;114312.80;512210.0368N;091440.8286E;358.265434;226.90;0.42;-0.02;15.70
3884754;191116;114313.70;512210.0368N;091440.8286E;358.265434;227.30;0.42;-0.02;15.70
3884804;191116;114314.80;512210.0368N;091440.8286E;358.265434;226.70;0.42;-0.02;15.70
3884854;191116;114315.70;512210.0368N;091440.8286E;358.265434;226.70;0.42;-0.02;15.60
3884904;191116;114316.80;512210.0368N;091440.8286E;358.265434;226.70;0.42;-0.03;15.70
3884954;191116;114317.80;512210.0368N;091440.8286E;358.265434;226.70;0.42;-0.02;15.70
3885004;191116;114318.80;512210.0368N;091440.8286E;358.265434;226.60;0.42;-0.02;15.70
3885054;191116;114319.80;512210.0368N;091440.8286E;358.265434;226.90;0.42;-0.01;15.60
3885104;191116;114320.80;512210.0480N;091440.8181E;358.134221;226.90;0.42;-0.01;15.70
3885154;191116;114321.80;512210.0480N;091440.8181E;358.134221;226.80;0.42;-0.01;15.70
3885204;191116;114322.80;512210.0480N;091440.8181E;358.134221;226.90;0.43;-0.02;15.70
3885254;191116;114323.80;512210.0480N;091440.8181E;358.134221;226.70;0.43;-0.02;15.70
3885304;191116;114324.80;512210.0480N;091440.8181E;358.134221;226.90;0.43;-0.01;15.70
3885354;191116;114325.80;512210.0480N;091440.8181E;358.134221;226.70;0.42;-0.01;15.70
3885404;191116;114326.80;512210.0480N;091440.8181E;358.134221;226.90;0.42;-0.01;15.60
3885454;191116;114327.80;512210.0480N;091440.8181E;358.134221;226.70;0.42;-0.01;15.60
3885504;191116;114328.80;512210.0480N;091440.8181E;358.134221;226.70;0.43;-0.02;15.60
3885554;191116;114329.80;512210.0480N;091440.8181E;358.134221;226.70;0.43;-0.02;15.60
3885604;191116;114330.80;512210.0480N;091440.8181E;358.134221;226.70;0.42;-0.02;15.70
3885654;191116;114331.80;512210.0480N;091440.8181E;358.134221;226.80;0.42;-0.02;15.70
3885704;191116;114332.80;512210.0480N;091440.8181E;358.134221;227.00;0.42;-0.02;15.70
3885754;191116;114333.80;512210.0480N;091440.8181E;358.134221;226.90;0.42;-0.02;15.70
3885804;191116;114334.80;512210.0480N;091440.8181E;358.134221;226.90;0.42;-0.02;15.70
3885854;191116;114335.80;512210.0480N;091440.8181E;358.134221;227.20;0.42;-0.02;15.70
3885904;191116;114336.80;512210.0480N;091440.8181E;358.134221;226.90;0.42;-0.02;15.70
3885954;191116;114337.80;512210.0480N;091440.8181E;358.134221;227.00;0.42;-0.02;15.80
3886004;191116;114338.80;512210.0480N;091440.8181E;358.134221;226.90;0.42;-0.02;15.70
3886054;191116;114339.80;512210.0480N;091440.8181E;358.134221;226.80;0.42;-0.02;15.80
3886104;191116;114340.80;512210.0480N;091440.8181E;358.134221;227.10;0.42;-0.02;15.80
3886154;191116;114341.80;512210.0480N;091440.8181E;358.134221;226.90;0.42;-0.02;15.70
3886204;191116;114342.80;512210.0480N;091440.8181E;358.134221;227.00;0.42;-0.02;15.70
3886254;191116;114343.80;512210.0480N;091440.8181E;358.134221;226.90;0.42;-0.02;15.80
3886304;191116;114344.80;512210.0480N;091440.8181E;358.134221;226.70;0.42;-0.02;15.70
3886354;191116;114345.80;512210.0480N;091440.8181E;358.134221;226.80;0.42;-0.03;15.70
3886404;191116;114346.80;512210.0480N;091440.8181E;358.134221;226.90;0.42;-0.02;15.70
3886454;191116;114347.80;512210.0480N;091440.8181E;358.134221;226.60;0.42;-0.02;15.70
3886504;191116;114348.70;512210.0480N;091440.8181E;358.134221;226.90;0.42;-0.01;15.70
3886554;191116;114349.80;512210.0480N;091440.8181E;358.134221;226.50;0.42;-0.01;15.70
3886604;191116;114350.70;512210.0056N;091440.7856E;355.462958;227.20;0.42;-0.01;15.70
3886654;191116;114351.80;512210.0056N;091440.7856E;355.462958;227.00;0.42;-0.02;15.70
3886704;191116;114352.80;512210.0056N;091440.7856E;355.462958;227.10;0.42;-0.01;15.70
3886754;191116;114353.70;512210.0056N;091440.7856E;355.462958;227.20;0.42;-0.01;15.70
3886804;191116;114354.80;512210.0056N;091440.7856E;355.462958;227.10;0.42;-0.02;15.80
3886853;191116;114355.70;512210.0056N;091440.7856E;355.462958;227.20;0.42;-0.01;15.70
3886903;191116;114356.80;512210.0056N;091440.7856E;355.462958;226.80;0.43;-0.01;15.80
3886953;191116;114357.70;512210.0056N;091440.7856E;355.462958;227.20;0.42;-0.02;15.80
3887003;191116;114358.80;512210.0056N;091440.7856E;355.462958;226.80;0.42;-0.02;15.80
3887052;191116;114359.70;512210.0056N;091440.7856E;355.462958;226.80;0.42;-0.01;15.80
3887102;191116;114400.80;512210.0056N;091440.7856E;355.462958;227.20;0.42;-0.01;15.80
3887152;191116;114401.70;512210.0056N;091440.7856E;355.462958;227.20;0.42;-0.02;15.80
3887202;191116;114402.80;512210.0056N;091440.7856E;355.462958;226.70;0.42;-0.02;15.80
3887252;191116;114403.70;512210.0056N;091440.7856E;355.462958;226.90;0.42;-0.02;15.80
3887302;191116;114404.80;512210.0056N;091440.7856E;355.462958;226.60;0.42;-0.02;15.70
3887352;191116;114405.80;512210.0056N;091440.7856E;355.462958;226.80;0.42;-0.02;15.70
3887402;191116;114406.70;512210.0056N;091440.7856E;355.462958;226.90;0.42;-0.02;15.70
3887452;191116;114407.80;512210.0056N;091440.7856E;355.462958;226.60;0.42;-0.02;15.80
3887502;191116;114408.70;512210.0056N;091440.7856E;355.462958;226.70;0.42;-0.02;15.80
3887552;191116;114409.80;512210.0056N;091440.7856E;355.462958;226.80;0.42;-0.02;15.80
3887602;191116;114410.70;512210.0056N;091440.7856E;355.462958;226.90;0.42;-0.02;15.80
3887652;191116;114411.80;512210.0056N;091440.7856E;355.462958;226.60;0.42;-0.02;15.80
3887701;191116;114412.70;512210.0056N;091440.7856E;355.462958;227.90;0.42;-0.02;15.80
3887751;191116;114413.80;512210.0056N;091440.7856E;355.462958;226.70;0.42;-0.03;15.80
3887801;191116;114414.80;512210.0056N;091440.7856E;355.462958;226.90;0.42;-0.03;15.70
3887851;191116;114415.80;512210.0056N;091440.7856E;355.462958;226.60;0.42;-0.02;15.70
3887901;191116;114416.80;512210.0056N;091440.7856E;355.462958;226.80;0.42;-0.01;15.70
3887951;191116;114417.80;512210.0056N;091440.7856E;355.462958;226.60;0.42;-0.01;15.70
3888001;191116;114418.80;512210.0056N;091440.7856E;355.462958;226.80;0.42;-0.01;15.70
3888051;191116;114419.80;512210.0056N;091440.7856E;355.462958;226.90;0.42;-0.01;15.70
3888101;191116;114420.80;512210.0056N;091440.7856E;355.462958;226.90;0.43;-0.01;15.70
3888151;191116;114421.80;512210.0056N;091440.7856E;355.462958;226.70;0.42;-0.01;15.70
3888201;191116;114422.80;512210.0056N;091440.7856E;355.462958;226.80;0.43;-0.01;15.80
3888251;191116;114423.80;512210.0056N;091440.7856E;355.462958;227.40;0.43;-0.01;15.80
3888301;191116;114424.80;512210.0056N;091440.7856E;355.462958;226.90;0.42;-0.01;15.80
3888351;191116;114425.80;512210.0056N;091440.7856E;355.462958;227.30;0.43;-0.01;15.80
3888401;191116;114426.80;512210.0056N;091440.7856E;355.462958;226.80;0.42;-0.02;15.80
3888451;191116;114427.80;512210.0056N;091440.7856E;355.462958;227.00;0.42;-0.02;15.80
3888501;191116;114428.80;512210.0056N;091440.7856E;355.462958;227.10;0.42;-0.02;15.80
3888551;191116;114429.80;512210.0056N;091440.7856E;355.462958;226.90;0.42;-0.02;15.80
3888601;191116;114430.80;512210.0056N;091440.7856E;355.462958;226.80;0.42;-0.02;15.80
3888651;191116;114431.80;512210.0056N;091440.7856E;355.462958;226.60;0.42;-0.02;15.80
3888701;191116;114432.80;512210.0056N;091440.7856E;355.462958;227.00;0.42;-0.02;15.80
3888751;191116;114433.80;512210.0056N;091440.7856E;355.462958;226.90;0.42;-0.02;15.80
3888801;191116;114434.80;512210.0056N;091440.7856E;355.462958;227.20;0.42;-0.02;15.80
3888851;191116;114435.80;512210.0056N;091440.7856E;355.462958;226.80;0.42;-0.02;15.70
3888901;191116;114436.80;512210.0056N;091440.7856E;355.462958;227.00;0.42;-0.02;15.70
3888951;191116;114437.80;512210.0056N;091440.7856E;355.462958;226.80;0.42;-0.02;15.70
3889001;191116;114438.80;512210.0056N;091440.7856E;355.462958;227.00;0.42;-0.02;15.70
3889051;191116;114439.80;512210.0056N;091440.7856E;355.462958;226.90;0.42;-0.02;15.70
3889101;191116;114440.80;512210.0056N;091440.7856E;355.462958;227.10;0.42;-0.02;15.70
3889151;191116;114441.80;512210.0056N;091440.7856E;355.462958;226.60;0.42;-0.02;15.70
3889201;191116;114442.80;512210.0056N;091440.7856E;355.462958;226.50;0.42;-0.03;15.70
3889251;191116;114443.80;512210.0056N;091440.7856E;355.462958;227.00;0.42;-0.02;15.70
3889301;191116;114444.80;512210.0056N;091440.7856E;355.462958;226.90;0.42;-0.01;15.70
3889351;191116;114445.70;512210.0056N;091440.7856E;355.462958;227.00;0.42;-0.01;15.70
3889401;191116;114446.80;512210.0056N;091440.7856E;355.462958;227.00;0.42;-0.01;15.70
3889451;191116;114447.70;512210.0056N;091440.7856E;355.462958;227.40;0.43;-0.01;15.70
3889501;191116;114448.80;512210.0056N;091440.7856E;355.462958;227.00;0.43;-0.02;15.80
3889551;191116;114449.80;512210.0056N;091440.7856E;355.462958;227.10;0.42;-0.01;15.80
3889601;191116;114450.70;512210.0056N;091440.7856E;355.462958;227.10;0.42;-0.01;15.70
3889651;191116;114451.80;512210.0056N;091440.7856E;355.462958;227.00;0.43;-0.01;15.80
3889701;191116;114452.70;512210.0056N;091440.7856E;355.462958;227.10;0.42;-0.01;15.80
3889751;191116;114453.80;512210.0056N;091440.7856E;355.462958;227.00;0.43;-0.01;15.80
3889801;191116;114454.70;512210.0056N;091440.7856E;355.462958;227.10;0.42;-0.01;15.80
3889851;191116;114455.80;512210.0056N;091440.7856E;355.462958;227.10;0.42;-0.02;15.80
3889901;191116;114456.70;512210.0056N;091440.7856E;355.462958;227.00;0.42;-0.02;15.80
3889951;191116;114457.80;512210.0056N;091440.7856E;355.462958;227.20;0.42;-0.02;15.80
3890002;191116;114458.70;512210.0056N;091440.7856E;355.462958;227.10;0.42;-0.02;15.80
3890052;191116;114459.80;512210.0056N;091440.7856E;355.462958;226.90;0.42;-0.02;15.80
3890102;191116;114500.70;512210.0056N;091440.7856E;355.462958;227.10;0.42;-0.02;15.80
3890152;191116;114501.80;512210.0056N;091440.7856E;355.462958;227.10;0.42;-0.02;15.80
3890202;191116;114502.80;512210.0056N;091440.7856E;355.462958;226.90;0.42;-0.02;15.70
3890252;191116;114503.70;512210.0056N;091440.7856E;355.462958;227.20;0.42;-0.02;15.80
3890302;191116;114504.80;512210.0056N;091440.7856E;355.462958;226.90;0.42;-0.02;15.70
3890352;191116;114505.70;512210.0056N;091440.7856E;355.462958;227.30;0.42;-0.02;15.70
3890402;191116;114506.80;512210.0056N;091440.7856E;355.462958;226.80;0.42;-0.02;15.80
3890452;191116;114507.70;512210.0056N;091440.7856E;355.462958;227.20;0.42;-0.02;15.80
3890502;191116;114508.80;512210.0056N;091440.7856E;355.462958;226.80;0.42;-0.02;15.80
3890552;191116;114509.70;512210.0056N;091440.7856E;355.462958;226.70;0.42;-0.02;15.80
3890602;191116;114510.80;512210.0056N;091440.7856E;355.462958;227.00;0.42;-0.02;15.80
3890652;191116;114511.80;512210.0056N;091440.7856E;355.462958;226.80;0.42;-0.02;15.80
3890702;191116;114512.80;512210.0056N;091440.7856E;355.462958;226.90;0.42;-0.02;15.80
3890752;191116;114513.80;512210.0056N;091440.7856E;355.462958;226.90;0.42;-0.01;15.80
3890802;191116;114514.80;512210.0056N;091440.7856E;355.462958;226.60;0.42;-0.01;15.80
3890852;191116;114515.80;512210.0056N;091440.7856E;355.462958;227.00;0.42;-0.01;15.80
3890902;191116;114516.80;512210.0056N;091440.7856E;355.462958;227.00;0.42;-0.01;15.80
3890952;191116;114517.80;512210.0056N;091440.7856E;355.462958;227.00;0.42;-0.01;15.80
3891002;191116;114518.80;512210.0056N;091440.7856E;355.462958;226.60;0.42;-0.01;15.80
3891052;191116;114519.80;512210.0056N;091440.7856E;355.462958;227.30;0.43;-0.01;15.80
3891102;191116;114520.80;512210.0056N;091440.7856E;355.462958;227.00;0.42;-0.01;15.80
3891152;191116;114521.80;512210.0056N;091440.7856E;355.462958;226.80;0.43;-0.01;15.80
3891202;191116;114522.80;512210.0056N;091440.7856E;355.462958;226.90;0.42;-0.02;15.80
3891252;191116;114523.80;512210.0056N;091440.7856E;355.462958;226.90;0.42;-0.02;15.80
3891302;191116;114524.80;512210.0056N;091440.7856E;355.462958;226.70;0.42;-0.02;15.80
3891352;191116;114525.80;512210.0056N;091440.7856E;355.462958;227.20;0.42;-0.02;15.80
3891402;191116;114526.80;512210.0056N;091440.7856E;355.462958;226.80;0.42;-0.02;15.80
3891452;191116;114527.80;512210.0056N;091440.7856E;355.462958;226.80;0.42;-0.02;15.80
3891502;191116;114528.80;512210.0056N;091440.7856E;355.462958;226.70;0.42;-0.02;15.80
3891552;191116;114529.80;512210.0056N;091440.7856E;355.462958;226.90;0.42;-0.02;15.80
3891602;191116;114530.80;512210.0056N;091440.7856E;355.462958;226.80;0.42;-0.02;15.80
3891652;191116;114531.80;512210.0056N;091440.7856E;355.462958;226.80;0.42;-0.02;15.80
3891702;191116;114532.80;512210.0056N;091440.7856E;355.462958;226.70;0.42;-0.02;15.80
3891752;191116;114533.80;512210.0056N;091440.7856E;355.462958;226.80;0.42;-0.02;15.80
3891802;191116;114534.80;512210.0056N;091440.7856E;355.462958;226.80;0.42;-0.02;15.80
3891852;191116;114535.80;512210.0056N;091440.7856E;355.462958;226.70;0.42;-0.02;15.70
3891902;191116;114536.80;512210.0056N;091440.7856E;355.462958;226.90;0.42;-0.02;15.70
3891952;191116;114537.80;512210.0056N;091440.7856E;355.462958;226.60;0.42;-0.02;15.80
3892002;191116;114538.80;512210.0056N;091440.7856E;355.462958;226.90;0.42;-0.02;15.80
3892052;191116;114539.80;512210.0056N;091440.7856E;355.462958;226.70;0.42;-0.02;15.80
3892102;191116;114540.80;512210.0056N;091440.7856E;355.462958;226.80;0.42;-0.02;15.80
3892152;191116;114541.80;512210.0056N;091440.7856E;355.462958;226.90;0.42;-0.02;15.80
3892202;191116;114542.70;512210.0056N;091440.7856E;355.462958;227.10;0.42;-0.01;15.80
3892252;191116;114543.80;512210.0056N;091440.7856E;355.462958;227.00;0.43;-0.02;15.80
3892301;191116;114544.70;512210.0056N;091440.7856E;355.462958;227.10;0.42;-0.01;15.70
3892351;191116;114545.80;512210.0056N;091440.7856E;355.462958;226.90;0.42;-0.01;15.70
3892401;191116;114546.80;512210.0056N;091440.7856E;355.462958;227.10;0.43;-0.02;15.70
3892451;191116;114547.70;512210.0056N;091440.7856E;355.462958;227.00;0.43;-0.01;15.80
3892501;191116;114548.80;512210.0056N;091440.7856E;355.462958;227.00;0.43;-0.01;15.80
3892551;191116;114549.70;512210.0056N;091440.7856E;355.462958;227.20;0.42;-0.01;15.70
3892601;191116;114550.80;512210.0056N;091440.7856E;355.462958;226.70;0.42;-0.01;15.80
3892651;191116;114551.70;512210.0056N;091440.7856E;355.462958;227.20;0.42;-0.02;15.80
3892701;191116;114552.80;512210.0056N;091440.7856E;355.462958;226.80;0.42;-0.02;15.80
3892751;191116;114553.70;512210.0056N;091440.7856E;355.462958;227.10;0.42;-0.02;15.80
3892801;191116;114554.80;512210.0056N;091440.7856E;355.462958;226.90;0.42;-0.01;15.80
3892850;191116;114555.70;512210.0056N;091440.7856E;355.462958;227.20;0.42;-0.02;15.80
3892900;191116;114556.80;512210.0056N;091440.7856E;355.462958;226.80;0.42;-0.02;15.70
3892950;191116;114557.70;512210.0056N;091440.7856E;355.462958;227.20;0.42;-0.02;15.70
3893000;191116;114558.80;512210.0056N;091440.7856E;355.462958;227.00;0.42;-0.02;15.70
3893050;191116;114559.80;512210.0056N;091440.7856E;355.462958;226.80;0.42;-0.02;15.70
3893100;191116;114600.70;512210.0056N;091440.7856E;355.462958;227.10;0.42;-0.02;15.80
3893150;191116;114601.80;512210.0056N;091440.7856E;355.462958;227.00;0.42;-0.02;15.80
3893200;191116;114602.70;512210.0056N;091440.7856E;355.462958;227.00;0.42;-0.02;15.80
3893250;191116;114603.80;512210.0056N;091440.7856E;355.462958;227.20;0.42;-0.02;15.80
3893300;191116;114604.70;512210.0056N;091440.7856E;355.462958;227.00;0.42;-0.02;15.80
3893350;191116;114605.80;512210.0056N;091440.7856E;355.462958;226.70;0.42;-0.02;15.80
3893400;191116;114606.70;512210.0056N;091440.7856E;355.462958;227.00;0.42;-0.02;15.80
3893450;191116;114607.80;512210.0056N;091440.7856E;355.462958;226.90;0.42;-0.02;15.80
3893500;191116;114608.80;512210.0056N;091440.7856E;355.462958;226.90;0.42;-0.02;15.80
3893550;191116;114609.80;512210.0056N;091440.7856E;355.462958;226.80;0.42;-0.02;15.80
3893600;191116;114610.80;512210.0056N;091440.7856E;355.462958;226.90;0.42;-0.01;15.80
3893650;191116;114611.80;512210.0056N;091440.7856E;355.462958;226.70;0.43;-0.01;15.80
3893700;191116;114612.80;512210.0056N;091440.7856E;355.462958;227.10;0.42;-0.01;15.80
3893750;191116;114613.80;512210.0056N;091440.7856E;355.462958;226.70;0.43;-0.01;15.80
3893800;191116;114614.80;512210.0056N;091440.7856E;355.462958;227.00;0.43;-0.01;15.80
3893850;191116;114615.80;512210.0056N;091440.7856E;355.462958;226.70;0.43;-0.01;15.80
3893900;191116;114616.80;512210.0056N;091440.7856E;355.462958;227.00;0.43;-0.01;15.80
3893950;191116;114617.80;512210.0056N;091440.7856E;355.462958;226.90;0.42;-0.01;15.80
3894000;191116;114618.80;512210.0056N;091440.7856E;355.462958;227.10;0.42;-0.01;15.80
3894050;191116;114619.80;512210.0056N;091440.7856E;355.462958;227.10;0.42;-0.01;15.80
3894100;191116;114620.80;512210.0056N;091440.7856E;355.462958;227.10;0.42;-0.02;15.80
3894150;191116;114621.80;512210.0056N;091440.7856E;355.462958;226.80;0.42;-0.01;15.80
3894200;191116;114622.80;512210.0056N;091440.7856E;355.462958;226.90;0.42;-0.01;15.80
3894250;191116;114623.80;512210.0056N;091440.7856E;355.462958;226.90;0.42;-0.02;15.80
3894300;191116;114624.80;512210.0056N;091440.7856E;355.462958;227.00;0.42;-0.02;15.80
3894350;191116;114625.80;512210.0056N;091440.7856E;355.462958;227.00;0.42;-0.02;15.80
3894400;191116;114626.80;512210.0056N;091440.7856E;355.462958;226.90;0.42;-0.02;15.80
3894450;191116;114627.80;512210.0056N;091440.7856E;355.462958;226.90;0.42;-0.02;15.80
3894500;191116;114628.80;512210.0056N;091440.7856E;355.462958;226.90;0.42;-0.02;15.80
3894550;191116;114629.80;512210.0056N;091440.7856E;355.462958;227.00;0.42;-0.02;15.80
3894600;191116;114630.80;512210.0056N;091440.7856E;355.462958;227.10;0.42;-0.02;15.80
3894650;191116;114631.80;512210.0056N;091440.7856E;355.462958;227.20;0.42;-0.02;15.80
3894700;191116;114632.80;512210.0056N;091440.7856E;355.462958;227.00;0.42;-0.02;15.80
3894750;191116;114633.80;512210.0056N;091440.7856E;355.462958;227.20;0.42;-0.02;15.80
3894800;191116;114634.80;512210.0056N;091440.7856E;355.462958;227.30;0.42;-0.02;15.80
3894850;191116;114635.80;512210.0056N;091440.7856E;355.462958;227.40;0.42;-0.02;15.80
3894900;191116;114636.80;512210.0056N;091440.7856E;355.462958;227.00;0.42;-0.02;15.80
3894950;191116;114637.80;512210.0056N;091440.7856E;355.462958;227.00;0.42;-0.02;15.80
3895000;191116;114638.80;512210.0056N;091440.7856E;355.462958;227.10;0.42;-0.01;15.80
3895050;191116;114639.70;512210.0056N;091440.7856E;355.462958;227.00;0.42;-0.01;15.80
3895100;191116;114640.80;512210.0056N;091440.7856E;355.462958;227.00;0.43;-0.01;15.80
3895150;191116;114641.70;512210.0056N;091440.7856E;355.462958;227.40;0.43;-0.01;15.80
3895200;191116;114642.80;512210.0056N;091440.7856E;355.462958;227.00;0.43;-0.02;15.80
3895250;191116;114643.80;512210.0056N;091440.7856E;355.462958;226.70;0.43;-0.01;15.80
3895300;191116;114644.70;512210.0056N;091440.7856E;355.462958;227.20;0.42;-0.01;15.80
3895350;191116;114645.80;512210.0056N;091440.7856E;355.462958;226.70;0.42;-0.01;15.80
3895400;191116;114646.70;512210.0056N;091440.7856E;355.462958;227.20;0.42;-0.01;15.80
3895450;191116;114647.80;512210.0056N;091440.7856E;355.462958;227.00;0.42;-0.01;15.80
3895500;191116;114648.70;512210.0056N;091440.7856E;355.462958;227.10;0.42;-0.02;15.80
3895550;191116;114649.80;512210.0056N;091440.7856E;355.462958;227.00;0.42;-0.01;15.80
3895601;191116;114650.70;512210.0056N;091440.7856E;355.462958;227.20;0.42;-0.01;15.80
3895651;191116;114651.80;512210.0056N;091440.7856E;355.462958;226.90;0.42;-0.02;15.80
3895701;191116;114652.70;512210.0056N;091440.7856E;355.462958;227.20;0.42;-0.02;15.80
3895751;191116;114653.80;512210.0056N;091440.7856E;355.462958;226.80;0.42;-0.02;15.80
3895801;191116;114654.70;512210.0056N;091440.7856E;355.462958;227.10;0.42;-0.02;15.80
3895851;191116;114655.80;512210.0056N;091440.7856E;355.462958;226.80;0.42;-0.02;15.80
3895901;191116;114656.80;512210.0056N;091440.7856E;355.462958;226.90;0.42;-0.02;15.80
3895951;191116;114657.70;512210.0056N;091440.7856E;355.462958;227.00;0.42;-0.02;15.80
3896001;191116;114658.80;512210.0056N;091440.7856E;355.462958;226.80;0.42;-0.02;15.80
3896051;191116;114659.70;512210.0056N;091440.7856E;355.462958;227.20;0.42;-0.02;15.90
3896101;191116;114700.80;512210.0056N;091440.7856E;355.462958;227.00;0.42;-0.02;15.80
3896151;191116;114701.70;512210.0056N;091440.7856E;355.462958;227.30;0.42;-0.02;15.90
3896201;191116;114702.80;512210.0056N;091440.7856E;355.462958;227.00;0.42;-0.02;15.80
3896251;191116;114703.70;512210.0056N;091440.7856E;355.462958;228.10;0.42;-0.02;15.80
3896301;191116;114704.80;512210.0056N;091440.7856E;355.462958;227.10;0.42;-0.03;15.90
3896351;191116;114705.80;512210.0056N;091440.7856E;355.462958;227.00;0.42;-0.03;15.90
3896401;191116;114706.80;512210.0056N;091440.7856E;355.462958;227.30;0.42;-0.02;15.80
3896451;191116;114707.80;512210.0056N;091440.7856E;355.462958;227.10;0.42;-0.01;15.80
3896501;191116;114708.80;512210.0056N;091440.7856E;355.462958;226.80;0.42;-0.01;15.90
3896551;191116;114709.80;512210.0056N;091440.7856E;355.462958;227.30;0.43;-0.01;15.80
3896601;191116;114710.80;512210.0056N;091440.7856E;355.462958;226.80;0.42;-0.01;15.80
3896651;191116;114711.80;512210.0056N;091440.7856E;355.462958;227.20;0.42;-0.01;15.80
3896701;191116;114712.80;512210.0056N;091440.7856E;355.462958;226.90;0.43;-0.01;15.80
3896751;191116;114713.80;512210.0056N;091440.7856E;355.462958;227.50;0.42;-0.01;15.80
3896801;191116;114714.80;512210.0056N;091440.7856E;355.462958;226.80;0.42;-0.01;15.80
3896851;191116;114715.80;512210.0056N;091440.7856E;355.462958;227.30;0.42;-0.01;15.80
3896901;191116;114716.80;512210.0056N;091440.7856E;355.462958;226.80;0.42;-0.02;15.80
3896951;191116;114717.80;512210.0056N;091440.7856E;355.462958;226.90;0.42;-0.01;15.80
3897001;191116;114718.80;512210.0056N;091440.7856E;355.462958;227.00;0.42;-0.01;15.80
3897051;191116;114719.81;512210.0056N;091440.7856E;355.462958;226.90;0.42;-0.02;15.80
3897101;191116;114720.81;512210.0056N;091440.7856E;355.462958;226.90;0.42;-0.02;15.80
3897151;191116;114721.81;512210.0056N;091440.7856E;355.462958;227.10;0.42;-0.02;15.80
3897201;191116;114722.80;512210.0056N;091440.7856E;355.462958;227.00;0.42;-0.02;15.80
3897251;191116;114723.80;512210.0056N;091440.7856E;355.462958;227.00;0.42;-0.02;15.80
3897301;191116;114724.80;512210.0056N;091440.7856E;355.462958;227.00;0.42;-0.02;15.80
3897351;191116;114725.80;512210.0056N;091440.7856E;355.462958;227.20;0.42;-0.02;15.80
3897401;191116;114726.80;512210.0056N;091440.7856E;355.462958;226.80;0.42;-0.02;15.80
3897451;191116;114727.80;512210.0056N;091440.7856E;355.462958;226.80;0.41;-0.02;15.80
3897501;191116;114728.80;512210.0056N;091440.7856E;355.462958;226.70;0.41;-0.02;15.80
3897551;191116;114729.80;512210.0056N;091440.7856E;355.462958;226.60;0.42;-0.02;15.80
3897601;191116;114730.80;512210.0056N;091440.7856E;355.462958;226.70;0.42;-0.02;15.80
3897651;191116;114731.80;512210.0056N;091440.7856E;355.462958;227.20;0.42;-0.02;15.80
3897701;191116;114732.80;512210.0056N;091440.7856E;355.462958;226.60;0.42;-0.02;15.80
3897751;191116;114733.81;512210.0056N;091440.7856E;355.462958;226.70;0.42;-0.03;15.80
3897801;191116;114734.81;512210.0056N;091440.7856E;355.462958;226.80;0.42;-0.02;15.80
3897851;191116;114735.81;512210.0056N;091440.7856E;355.462958;226.80;0.42;-0.02;15.80
3897901;191116;114736.71;512210.0056N;091440.7856E;355.462958;226.70;0.43;-0.01;15.80
3897951;191116;114737.81;512210.0056N;091440.7856E;355.462958;226.90;0.43;-0.01;15.80
3898001;191116;114738.71;512210.0056N;091440.7856E;355.462958;226.90;0.42;-0.01;15.80
3898051;191116;114739.81;512210.0056N;091440.7856E;355.462958;227.10;0.42;-0.02;15.70
3898101;191116;114740.80;512210.0056N;091440.7856E;355.462958;226.80;0.42;-0.01;15.70
3898151;191116;114741.70;512210.0056N;091440.7856E;355.462958;226.90;0.42;-0.01;15.70
3898201;191116;114742.80;512210.0056N;091440.7856E;355.462958;226.70;0.42;-0.01;15.70
3898251;191116;114743.70;512210.0056N;091440.7856E;355.462958;226.90;0.43;-0.01;15.80
3898301;191116;114744.80;512210.0056N;091440.7856E;355.462958;226.80;0.42;-0.01;15.70
3898351;191116;114745.70;512210.0056N;091440.7856E;355.462958;227.00;0.42;-0.01;15.70
3898401;191116;114746.80;512210.0056N;091440.7856E;355.462958;226.80;0.42;-0.01;15.80
3898451;191116;114747.71;512210.0056N;091440.7856E;355.462958;227.20;0.42;-0.02;15.80
3898501;191116;114748.81;512210.0056N;091440.7856E;355.462958;227.10;0.42;-0.02;15.80
3898551;191116;114749.71;512210.0056N;091440.7856E;355.462958;227.00;0.42;-0.02;15.80
3898601;191116;114750.81;512210.0056N;091440.7856E;355.462958;226.80;0.42;-0.01;15.80
3898651;191116;114751.71;512210.0056N;091440.7856E;355.462958;227.20;0.42;-0.02;15.80
3898701;191116;114752.81;512210.0056N;091440.7856E;355.462958;226.80;0.42;-0.02;15.80
3898751;191116;114753.81;512210.0056N;091440.7856E;355.462958;227.10;0.42;-0.02;15.70
3898801;191116;114754.71;512210.0056N;091440.7856E;355.462958;227.00;0.42;-0.02;15.70
3898851;191116;114755.81;512210.0056N;091440.7856E;355.462958;227.20;0.42;-0.02;15.70
3898901;191116;114756.71;512210.0056N;091440.7856E;355.462958;227.10;0.42;-0.02;15.70
3898951;191116;114757.80;512210.0056N;091440.7856E;355.462958;226.80;0.42;-0.02;15.70
3899001;191116;114758.70;512210.0056N;091440.7856E;355.462958;227.00;0.42;-0.02;15.70
3899051;191116;114759.80;512210.0056N;091440.7856E;355.462958;227.10;0.42;-0.02;15.70
3899101;191116;114800.70;512210.0056N;091440.7856E;355.462958;226.10;0.42;-0.02;15.70
3899151;191116;114801.80;512210.0056N;091440.7856E;355.462958;227.00;0.42;-0.03;15.70
3899201;191116;114802.81;512210.0056N;091440.7856E;355.462958;227.10;0.42;-0.03;15.70
3899251;191116;114803.81;512210.0056N;091440.7856E;355.462958;227.10;0.42;-0.01;15.60
3899301;191116;114804.81;512210.0056N;091440.7856E;355.462958;227.00;0.42;-0.01;15.70
3899351;191116;114805.81;512210.0056N;091440.7856E;355.462958;227.00;0.42;-0.01;15.70
3899401;191116;114806.81;512210.0056N;091440.7856E;355.462958;226.80;0.43;-0.01;15.70
3899451;191116;114807.81;512210.0056N;091440.7856E;355.462958;226.90;0.43;-0.01;15.60
3899501;191116;114808.81;512210.0056N;091440.7856E;355.462958;226.60;0.42;-0.02;15.70
3899551;191116;114809.81;512210.0056N;091440.7856E;355.462958;226.90;0.42;-0.01;15.70
3899601;191116;114810.81;512210.0056N;091440.7856E;355.462958;226.80;0.42;-0.01;15.70
3899651;191116;114811.81;512210.0056N;091440.7856E;355.462958;226.60;0.43;-0.01;15.70
3899701;191116;114812.81;512210.0056N;091440.7856E;355.462958;226.60;0.42;-0.01;15.70
3899751;191116;114813.81;512210.0056N;091440.7856E;355.462958;226.80;0.42;-0.02;15.70
3899801;191116;114814.81;512210.0056N;091440.7856E;355.462958;227.10;0.42;-0.02;15.70
3899851;191116;114815.81;512210.0056N;091440.7856E;355.462958;226.90;0.43;-0.02;15.70
3899901;191116;114816.81;512210.0056N;091440.7856E;355.462958;227.00;0.42;-0.01;15.70
3899950;191116;114817.81;512210.0056N;091440.7856E;355.462958;227.00;0.42;-0.02;15.70
3899999;191116;114818.81;512210.0056N;091440.7856E;355.462958;227.00;0.42;-0.02;15.70
3900049;191116;114819.81;512210.0056N;091440.7856E;355.462958;227.00;0.42;-0.02;15.70
3900099;191116;114820.81;512210.0056N;091440.7856E;355.462958;226.80;0.42;-0.02;15.80
3900149;191116;114821.81;512210.0056N;091440.7856E;355.462958;227.10;0.42;-0.02;15.70
3900199;191116;114822.81;512210.0056N;091440.7856E;355.462958;227.00;0.42;-0.02;15.80
3900248;191116;114823.81;512210.0056N;091440.7856E;355.462958;227.20;0.42;-0.02;15.80
3900298;191116;114824.81;512210.0056N;091440.7856E;355.462958;227.10;0.42;-0.02;15.80
3900348;191116;114825.81;512210.0056N;091440.7856E;355.462958;227.10;0.42;-0.02;15.80
3900398;191116;114826.81;512210.0056N;091440.7856E;355.462958;227.00;0.42;-0.02;15.70
3900447;191116;114827.81;512210.0056N;091440.7856E;355.462958;227.20;0.42;-0.02;15.70
3900497;191116;114828.81;512210.0056N;091440.7856E;355.462958;227.00;0.42;-0.02;15.70
3900547;191116;114829.81;512210.0056N;091440.7856E;355.462958;226.90;0.42;-0.02;15.70
3900597;191116;114830.81;512210.0056N;091440.7856E;355.462958;227.00;0.41;-0.03;15.70
3900646;191116;114831.81;512210.0056N;091440.7856E;355.462958;227.10;0.42;-0.02;15.70
3900696;191116;114832.81;512210.0056N;091440.7856E;355.462958;227.10;0.42;-0.01;15.80
3900746;191116;114833.71;512210.0056N;091440.7856E;355.462958;227.20;0.42;-0.01;15.80
3900796;191116;114834.81;512210.0056N;091440.7856E;355.462958;227.00;0.43;-0.01;15.80
3900845;191116;114835.71;512210.0056N;091440.7856E;355.462958;227.60;0.42;-0.01;15.80
3900895;191116;114836.81;512210.0056N;091440.7856E;355.462958;226.80;0.42;-0.01;15.80
3900945;191116;114837.81;512210.0056N;091440.7856E;355.462958;226.70;0.43;-0.02;15.80
3900995;191116;114838.71;512210.0056N;091440.7856E;355.462958;226.80;0.42;-0.01;15.80
3901045;191116;114839.81;512210.0056N;091440.7856E;355.462958;226.50;0.43;-0.01;15.80
3901095;191116;114840.71;512210.0056N;091440.7856E;355.462958;227.00;0.42;-0.01;15.80
3901145;191116;114841.81;512210.0056N;091440.7856E;355.462958;226.70;0.42;-0.01;15.80
3901195;191116;114842.71;512210.0056N;091440.7856E;355.462958;226.90;0.42;-0.02;15.80
3901245;191116;114843.81;512210.0056N;091440.7856E;355.462958;226.50;0.42;-0.01;15.80
3901295;191116;114844.71;512210.0056N;091440.7856E;355.462958;227.00;0.42;-0.02;15.80
3901345;191116;114845.81;512210.0056N;091440.7856E;355.462958;227.00;0.42;-0.01;15.80
3901395;191116;114846.71;512210.0056N;091440.7856E;355.462958;227.10;0.42;-0.02;15.80
3901445;191116;114847.81;512210.0056N;091440.7856E;355.462958;227.10;0.42;-0.02;15.80
3901495;191116;114848.71;512210.0056N;091440.7856E;355.462958;227.10;0.42;-0.02;15.80
3901545;191116;114849.81;512210.0056N;091440.7856E;355.462958;226.90;0.42;-0.02;15.80
3901595;191116;114850.81;512210.0056N;091440.7856E;355.462958;226.80;0.42;-0.02;15.80
3901645;191116;114851.71;512210.0056N;091440.7856E;355.462958;227.30;0.42;-0.02;15.80
3901695;191116;114852.81;512210.0056N;091440.7856E;355.462958;226.70;0.42;-0.02;15.80
3901745;191116;114853.71;512210.0056N;091440.7856E;355.462958;227.00;0.42;-0.02;15.80
3901795;191116;114854.81;512210.0056N;091440.7856E;355.462958;226.90;0.42;-0.02;15.80
3901843;191116;114855.71;512210.0056N;091440.7856E;355.462958;226.70;0.42;-0.02;15.80
3901893;191116;114856.81;512210.0056N;091440.7856E;355.462958;226.80;0.42;-0.02;15.80
3901943;191116;114857.71;512210.0056N;091440.7856E;355.462958;225.20;0.42;-0.02;15.70
3901993;191116;114858.81;512210.0056N;091440.7856E;355.462958;226.90;0.42;-0.03;15.80
3902043;191116;114859.81;512210.0056N;091440.7856E;355.462958;226.90;0.42;-0.02;15.70
3902093;191116;114900.81;512210.0056N;091440.7856E;355.462958;226.50;0.42;-0.02;15.70
3902143;191116;114901.81;512210.0056N;091440.7856E;355.462958;226.80;0.42;-0.01;15.80
3902193;191116;114902.81;512210.0056N;091440.7856E;355.462958;226.70;0.42;-0.01;15.80
3902243;191116;114903.81;512210.0056N;091440.7856E;355.462958;226.80;0.43;-0.01;15.80
3902293;191116;114904.81;512210.0056N;091440.7856E;355.462958;226.90;0.43;-0.01;15.70
3902343;191116;114905.81;512210.0056N;091440.7856E;355.462958;227.00;0.43;-0.01;15.70
3902393;191116;114906.81;512210.0056N;091440.7856E;355.462958;227.00;0.42;-0.01;15.80
3902443;191116;114907.81;512210.0056N;091440.7856E;355.462958;227.00;0.42;-0.01;15.70
3902493;191116;114908.81;512210.0056N;091440.7856E;355.462958;227.40;0.42;-0.01;15.70
3902543;191116;114909.81;512210.0056N;091440.7856E;355.462958;227.00;0.43;-0.01;15.70
3902593;191116;114910.81;512210.0056N;091440.7856E;355.462958;227.20;0.42;-0.02;15.70
3902643;191116;114911.81;512210.0056N;091440.7856E;355.462958;227.00;0.42;-0.02;15.80
3902693;191116;114912.81;512210.0056N;091440.7856E;355.462958;227.00;0.42;-0.02;15.80
3902743;191116;114913.81;512210.0056N;091440.7856E;355.462958;227.10;0.42;-0.01;15.80
3902793;191116;114914.81;512210.0056N;091440.7856E;355.462958;226.90;0.42;-0.02;15.80
3902843;191116;114915.81;512210.0056N;091440.7856E;355.462958;227.20;0.42;-0.02;15.80
3902893;191116;114916.81;512210.0056N;091440.7856E;355.462958;227.00;0.42;-0.02;15.80
3902943;191116;114917.81;512210.0056N;091440.7856E;355.462958;227.30;0.42;-0.01;15.80
3902993;191116;114918.81;512210.0056N;091440.7856E;355.462958;227.00;0.42;-0.02;15.70
3903043;191116;114919.81;512210.0056N;091440.7856E;355.462958;227.00;0.42;-0.02;15.70
3903093;191116;114920.81;512210.0056N;091440.7856E;355.462958;227.10;0.42;-0.02;15.70
3903143;191116;114921.81;512210.0056N;091440.7856E;355.462958;227.20;0.42;-0.02;15.70
3903193;191116;114922.81;512210.0056N;091440.7856E;355.462958;227.00;0.42;-0.02;15.80
3903243;191116;114923.81;512210.0056N;091440.7856E;355.462958;226.80;0.42;-0.02;15.80
3903293;191116;114924.81;512210.0056N;091440.7856E;355.462958;226.80;0.42;-0.02;15.80
3903343;191116;114925.81;512210.0056N;091440.7856E;355.462958;226.50;0.42;-0.02;15.80
3903393;191116;114926.81;512210.0056N;091440.7856E;355.462958;227.10;0.42;-0.02;15.80
3903443;191116;114927.81;512210.0056N;091440.7856E;355.462958;226.60;0.42;-0.02;15.80
3903493;191116;114928.81;512210.0056N;091440.7856E;355.462958;226.50;0.42;-0.02;15.70
3903543;191116;114929.81;512210.0056N;091440.7856E;355.462958;226.70;0.42;-0.02;15.70
3903593;191116;114930.71;512210.0056N;091440.7856E;355.462958;227.10;0.43;-0.01;15.80
3903643;191116;114931.81;512210.0056N;091440.7856E;355.462958;226.70;0.43;-0.01;15.80
3903693;191116;114932.71;512210.0056N;091440.7856E;355.462958;226.90;0.43;-0.01;15.80
3903743;191116;114933.81;512210.0056N;091440.7856E;355.462958;227.10;0.43;-0.01;15.70
3903793;191116;114934.81;512210.0056N;091440.7856E;355.462958;226.60;0.43;-0.01;15.70
3903843;191116;114935.71;512210.0056N;091440.7856E;355.462958;227.10;0.43;-0.01;15.80
3903893;191116;114936.81;512210.0056N;091440.7856E;355.462958;226.50;0.42;-0.01;15.70
3903943;191116;114937.71;512210.0056N;091440.7856E;355.462958;226.90;0.42;-0.01;15.70
3903993;191116;114938.81;512210.0056N;091440.7856E;355.462958;226.70;0.42;-0.01;15.70
3904043;191116;114939.71;512210.0056N;091440.7856E;355.462958;227.10;0.42;-0.01;15.70
3904093;191116;114940.81;512210.0056N;091440.7856E;355.462958;226.50;0.42;-0.01;15.80
3904143;191116;114941.71;512210.0056N;091440.7856E;355.462958;227.20;0.42;-0.01;15.70
3904193;191116;114942.81;512210.0056N;091440.7856E;355.462958;226.50;0.42;-0.01;15.80
3904243;191116;114943.71;512210.0056N;091440.7856E;355.462958;227.30;0.42;-0.01;15.70
3904293;191116;114944.81;512210.0056N;091440.7856E;355.462958;227.10;0.42;-0.02;15.70
3904343;191116;114945.71;512210.0056N;091440.7856E;355.462958;227.30;0.42;-0.02;15.80
3904393;191116;114946.81;512210.0056N;091440.7856E;355.462958;227.00;0.42;-0.02;15.80
3904443;191116;114947.81;512210.0056N;091440.7856E;355.462958;227.30;0.42;-0.02;15.80
3904493;191116;114948.71;512210.0056N;091440.7856E;355.462958;227.10;0.42;-0.02;15.80
3904543;191116;114949.81;512210.0056N;091440.7856E;355.462958;227.00;0.42;-0.02;15.80
3904593;191116;114950.71;512210.0056N;091440.7856E;355.462958;227.20;0.42;-0.02;15.80
3904643;191116;114951.81;512210.0056N;091440.7856E;355.462958;227.00;0.42;-0.02;15.80
3904693;191116;114952.71;512210.0056N;091440.7856E;355.462958;227.10;0.42;-0.02;15.80
3904743;191116;114953.81;512210.0056N;091440.7856E;355.462958;226.40;0.42;-0.02;15.80
3904793;191116;114954.71;512210.0056N;091440.7856E;355.462958;228.50;0.42;-0.02;15.80
3904843;191116;114955.81;512210.0056N;091440.7856E;355.462958;226.60;0.42;-0.03;15.80
3904893;191116;114956.81;512210.0056N;091440.7856E;355.462958;227.20;0.42;-0.03;15.80
3904943;191116;114957.81;512210.0056N;091440.7856E;355.462958;226.60;0.43;-0.02;15.70
3904993;191116;114958.81;512210.0056N;091440.7856E;355.462958;226.90;0.43;-0.01;15.80
3905043;191116;114959.81;512210.0056N;091440.7856E;355.462958;226.70;0.43;-0.01;15.80
