5005150;121116;234000.55;512251.8559N;091145.7086E;331.428597;0.00;0.00;0.00;0.00
5005200;121116;234001.35;512251.8559N;091145.7086E;331.428597;0.00;0.01;0.01;0.00
5005250;121116;234002.55;512251.8559N;091145.7086E;331.428597;0.00;0.01;0.01;0.00
5005300;121116;234003.55;512251.8559N;091145.7086E;331.428597;0.00;0.01;0.01;0.00
5005350;121116;234004.57;512251.8559N;091145.7086E;331.428597;0.00;0.01;0.01;0.00
5005400;121116;234005.55;512251.8559N;091145.7086E;331.428597;0.00;0.01;0.01;0.00
5005449;121116;234006.35;512251.8559N;091145.7086E;331.428597;0.00;0.01;0.01;0.00
5005499;121116;234007.55;512251.8559N;091145.7086E;331.428597;0.00;0.01;0.01;0.00
5005549;121116;234008.35;512251.8559N;091145.7086E;331.428597;0.00;0.01;0.01;0.00
5005599;121116;234009.55;512251.8559N;091145.7086E;331.428597;0.00;0.01;0.01;0.00
5005650;121116;234010.35;512251.8559N;091145.7086E;331.428597;0.00;0.01;0.01;0.00
5005700;121116;234011.55;512251.8559N;091145.7086E;331.428597;0.00;0.01;0.01;0.00
5005750;121116;234012.59;512251.8559N;091145.7086E;331.428597;0.00;0.01;0.01;0.00
5005800;121116;234013.55;512251.8559N;091145.7086E;331.428597;0.00;0.01;0.01;0.00
5005850;121116;234014.35;512251.8559N;091145.7086E;331.428597;0.00;0.01;0.01;0.00
5005900;121116;234015.55;512251.8559N;091145.7086E;331.428597;0.00;0.01;0.01;0.00
5005950;121116;234016.55;512251.8559N;091145.7086E;331.428597;0.00;0.01;0.01;0.00
5006000;121116;234017.35;512251.8559N;091145.7086E;331.428597;0.00;0.01;0.01;0.00
5006050;121116;234018.55;512251.8559N;091145.7086E;331.428597;0.00;0.01;0.01;0.00
5006100;121116;234019.35;512251.8559N;091145.7086E;331.428597;0.00;0.01;0.01;0.00
5006150;121116;234020.55;512251.8559N;091145.7086E;331.428597;0.00;0.01;0.01;0.00
5006199;121116;234021.62;512251.8559N;091145.7086E;331.428597;0.00;0.01;0.01;0.00
5006249;121116;234022.55;512251.8559N;091145.7086E;331.428597;0.00;0.01;0.01;0.00
5006299;121116;234023.59;512251.8559N;091145.7086E;331.428597;0.00;0.01;0.01;0.00
5006349;121116;234024.55;512251.8559N;091145.7086E;331.428597;0.00;0.01;0.01;0.00
5006399;121116;234025.55;512251.8559N;091145.7086E;331.428597;0.00;0.01;0.01;0.00
5006449;121116;234026.55;512251.8559N;091145.7086E;331.428597;0.00;0.01;0.01;0.00
5006499;121116;234027.55;512251.8559N;091145.7086E;331.428597;0.00;0.01;0.01;0.00
5006549;121116;234028.55;512251.8559N;091145.7086E;331.428597;0.00;0.01;0.01;0.00
5006599;121116;234029.55;512251.8559N;091145.7086E;331.428597;0.00;0.01;0.01;0.00
5006649;121116;234030.55;512251.8559N;091145.7086E;331.428597;0.00;0.01;0.01;0.00
5006699;121116;234031.55;512251.8559N;091145.7086E;331.428597;0.00;0.01;0.01;0.00
5006749;121116;234032.55;512251.8559N;091145.7086E;331.428597;0.00;0.01;0.01;0.00
5006799;121116;234033.55;512251.8559N;091145.7086E;331.428597;0.00;0.01;0.01;0.00
5006849;121116;234034.55;512251.8559N;091145.7086E;331.428597;0.00;0.01;0.01;0.00
5006899;121116;234035.55;512251.8559N;091145.7086E;331.428597;0.00;0.01;0.01;0.00
5006949;121116;234036.55;512251.8559N;091145.7086E;331.428597;0.00;0.01;0.01;0.00
5006999;121116;234037.55;512251.8559N;091145.7086E;331.428597;0.00;0.01;0.01;0.00
5007049;121116;234038.55;512251.8559N;091145.7086E;331.428597;0.00;0.01;0.01;0.00
5007099;121116;234039.55;512251.8559N;091145.7086E;331.428597;0.00;0.01;0.01;0.00
5007149;121116;234040.55;512251.8559N;091145.7086E;331.428597;0.00;0.01;0.01;0.00
5007199;121116;234041.55;512251.8559N;091145.7086E;331.428597;0.00;0.01;0.01;0.00
5007249;121116;234042.55;512251.8559N;091145.7086E;331.428597;0.00;0.01;0.01;0.00
5007299;121116;234043.55;512251.8559N;091145.7086E;331.428597;0.00;0.01;0.01;0.00
5007349;121116;234044.55;512251.8559N;091145.7086E;331.428597;0.00;0.01;0.01;0.00
5007399;121116;234045.55;512251.8559N;091145.7086E;331.428597;0.00;0.02;0.02;0.00
5007449;121116;234046.55;512251.8559N;091145.7086E;331.428597;0.00;0.01;0.01;0.00
5007499;121116;234047.55;512251.8559N;091145.7086E;331.428597;0.00;0.01;0.01;0.00
5007549;121116;234048.55;512251.8559N;091145.7086E;331.428597;0.00;0.01;0.01;0.00
5007599;121116;234049.55;512251.8559N;091145.7086E;331.428597;0.00;0.01;0.01;0.00
5007649;121116;234050.55;512251.8559N;091145.7086E;331.428597;0.00;0.01;0.01;0.00
5007699;121116;234051.55;512251.8559N;091145.7086E;331.428597;0.00;0.01;0.01;0.00
5007749;121116;234052.55;512251.8559N;091145.7086E;331.428597;0.00;0.01;0.01;0.00
5007799;121116;234053.55;512251.8559N;091145.7086E;331.428597;0.00;0.01;0.01;0.00
5007849;121116;234054.55;512251.8559N;091145.7086E;331.428597;0.00;0.01;0.01;0.00
5007895;121116;234055.55;512251.8559N;091145.7086E;331.428597;0.00;0.01;0.01;0.00
5007945;121116;234056.60;512251.8559N;091145.7086E;331.428597;0.00;0.01;0.01;0.00
5007995;121116;234057.55;512251.8559N;091145.7086E;331.428597;0.00;0.01;0.01;0.00
5008045;121116;234058.35;512251.8559N;091145.7086E;331.428597;0.00;0.01;0.01;0.00
5008096;121116;234059.55;512251.8559N;091145.7086E;331.428597;0.00;0.01;0.01;0.00
5008146;121116;234100.55;512251.8559N;091145.7086E;331.428597;0.00;0.01;0.01;0.00
5008196;121116;234101.60;512251.8559N;091145.7086E;331.428597;0.00;0.01;0.01;0.00
5008246;121116;234102.55;512251.8559N;091145.7086E;331.428597;0.00;0.01;0.01;0.00
5008296;121116;234103.60;512251.8559N;091145.7086E;331.428597;0.00;0.01;0.01;0.00
5008346;121116;234104.55;512251.8559N;091145.7086E;331.428597;0.00;0.01;0.01;0.00
5008393;121116;234105.35;512251.8559N;091145.7086E;331.428597;0.00;0.01;0.01;0.00
5008444;121116;234106.55;512251.8559N;091145.7086E;331.428597;0.00;0.01;0.01;0.00
5008494;121116;234107.35;512251.8559N;091145.7086E;331.428597;0.00;0.01;0.01;0.00
5008544;121116;234108.55;512251.8559N;091145.7086E;331.428597;0.00;0.01;0.01;0.00
5008594;121116;234109.58;512251.8559N;091145.7086E;331.428597;0.00;0.01;0.01;0.00
5008644;121116;234110.55;512251.8559N;091145.7086E;331.428597;0.00;0.01;0.01;0.00
5008694;121116;234111.61;512251.8559N;091145.7086E;331.428597;0.00;0.02;0.02;0.00
5008744;121116;234112.55;512251.8559N;091145.7086E;331.428597;0.00;0.01;0.01;0.00
5008794;121116;234113.55;512251.8559N;091145.7086E;331.428597;0.00;0.01;0.01;0.00
5008844;121116;234114.60;512251.8559N;091145.7086E;331.428597;0.00;0.01;0.01;0.00
5008894;121116;234115.55;512251.8559N;091145.7086E;331.428597;0.00;0.01;0.01;0.00
5008944;121116;234116.35;512251.8559N;091145.7086E;331.428597;0.00;0.01;0.01;0.00
5008994;121116;234117.55;512251.8559N;091145.7086E;331.428597;0.00;0.01;0.01;0.00
5009044;121116;234118.35;512251.8559N;091145.7086E;331.428597;0.00;0.01;0.01;0.00
5009094;121116;234119.55;512251.8559N;091145.7086E;331.428597;0.00;0.01;0.01;0.00
5009144;121116;234120.59;512251.8559N;091145.7086E;331.428597;0.00;0.01;0.01;0.00
5009194;121116;234121.55;512251.8559N;091145.7086E;331.428597;0.00;0.01;0.01;0.00
5009242;121116;234122.55;512251.8559N;091145.7086E;331.428597;0.00;0.01;0.01;0.00
5009292;121116;234123.55;512251.8559N;091145.7086E;331.428597;0.00;0.01;0.01;0.00
5009342;121116;234124.55;512251.8559N;091145.7086E;331.428597;0.00;0.01;0.01;0.00
5009392;121116;234125.55;512251.8559N;091145.7086E;331.428597;0.00;0.01;0.01;0.00
5009442;121116;234126.55;512251.8559N;091145.7086E;331.428597;0.00;0.01;0.01;0.00
5009492;121116;234127.55;512251.8559N;091145.7086E;331.428597;0.00;0.01;0.01;0.00
5009542;121116;234128.55;512251.8559N;091145.7086E;331.428597;0.00;0.01;0.01;0.00
5009592;121116;234129.55;512251.8559N;091145.7086E;331.428597;0.00;0.01;0.01;0.00
5009641;121116;234130.55;512251.8559N;091145.7086E;331.428597;0.00;0.01;0.01;0.00
5009691;121116;234131.55;512251.8559N;091145.7086E;331.428597;0.00;0.01;0.01;0.00
5009741;121116;234132.55;512251.8559N;091145.7086E;331.428597;0.00;0.01;0.01;0.00
5009791;121116;234133.55;512251.8559N;091145.7086E;331.428597;0.00;0.01;0.01;0.00
5009841;121116;234134.55;512251.8559N;091145.7086E;331.428597;0.00;0.01;0.01;0.00
5009888;121116;234135.55;512251.8559N;091145.7086E;331.428597;0.00;0.01;0.01;0.00
5009938;121116;234136.55;512251.8559N;091145.7086E;331.428597;0.00;0.01;0.01;0.00
5009988;121116;234137.55;512251.8559N;091145.7086E;331.428597;0.00;0.01;0.01;0.00
5010035;121116;234138.55;512251.8559N;091145.7086E;331.428597;0.00;0.01;0.01;0.00
5010085;121116;234139.55;512251.8559N;091145.7086E;331.428597;0.00;0.01;0.01;0.00
5010135;121116;234140.55;512251.8559N;091145.7086E;331.428597;0.00;0.01;0.01;0.00
5010185;121116;234141.55;512251.8559N;091145.7086E;331.428597;0.00;0.01;0.01;0.00
5010235;121116;234142.55;512251.8559N;091145.7086E;331.428597;0.00;0.01;0.01;0.00
5010285;121116;234143.55;512251.8559N;091145.7086E;331.428597;0.00;0.01;0.01;0.00
5010335;121116;234144.55;512251.8559N;091145.7086E;331.428597;0.00;0.01;0.01;0.00
5010385;121116;234145.55;512251.8559N;091145.7086E;331.428597;0.00;0.01;0.01;0.00
5010435;121116;234146.55;512251.8559N;091145.7086E;331.428597;0.00;0.01;0.01;0.00
5010485;121116;234147.55;512251.8559N;091145.7086E;331.428597;0.00;0.01;0.01;0.00
5010535;121116;234148.55;512251.8559N;091145.7086E;331.428597;0.00;0.01;0.01;0.00
5010582;121116;234149.55;512251.8559N;091145.7086E;331.428597;0.00;0.01;0.01;0.00
5010632;121116;234150.55;512251.8559N;091145.7086E;331.428597;0.00;0.01;0.01;0.00
5010682;121116;234151.55;512251.8559N;091145.7086E;331.428597;0.00;0.01;0.01;0.00
5010732;121116;234152.55;512251.8559N;091145.7086E;331.428597;0.00;0.01;0.01;0.00
5010781;121116;234153.35;512251.8559N;091145.7086E;331.428597;0.00;0.01;0.01;0.00
5010831;121116;234154.55;512251.8559N;091145.7086E;331.428597;0.00;0.01;0.01;0.00
5010881;121116;234155.59;512251.8559N;091145.7086E;331.428597;0.00;0.01;0.01;0.00
5010931;121116;234156.55;512251.8559N;091145.7086E;331.428597;0.00;0.01;0.01;0.00
5010981;121116;234157.55;512251.8559N;091145.7086E;331.428597;0.00;0.01;0.01;0.00
5011031;121116;234158.62;512251.8559N;091145.7086E;331.428597;0.00;0.01;0.01;0.00
5011081;121116;234159.55;512251.8559N;091145.7086E;331.428597;0.00;0.01;0.01;0.00
5011131;121116;234200.35;512251.8559N;091145.7086E;331.428597;0.00;0.01;0.01;0.00
5011181;121116;234201.55;512251.8559N;091145.7086E;331.428597;0.00;0.01;0.01;0.00
5011231;121116;234202.35;512251.8559N;091145.7086E;331.428597;0.00;0.01;0.01;0.00
5011281;121116;234203.55;512251.8559N;091145.7086E;331.428597;0.00;0.01;0.01;0.00
5011331;121116;234204.35;512251.8559N;091145.7086E;331.428597;0.00;0.01;0.01;0.00
5011381;121116;234205.55;512251.8559N;091145.7086E;331.428597;0.00;0.01;0.01;0.00
5011431;121116;234206.60;512251.8559N;091145.7086E;331.428597;0.00;0.01;0.01;0.00
5011481;121116;234207.55;512251.8559N;091145.7086E;331.428597;0.00;0.01;0.01;0.00
5011531;121116;234208.62;512251.8559N;091145.7086E;331.428597;0.00;0.01;0.01;0.00
5011581;121116;234209.55;512251.8559N;091145.7086E;331.428597;0.00;0.01;0.01;0.00
5011631;121116;234210.55;512251.8559N;091145.7086E;331.428597;0.00;0.01;0.01;0.00
5011681;121116;234211.62;512251.8559N;091145.7086E;331.428597;0.00;0.01;0.01;0.00
5011731;121116;234212.55;512251.8559N;091145.7086E;331.428597;0.00;0.02;0.02;0.00
5011781;121116;234213.63;512251.8559N;091145.7086E;331.428597;0.00;0.01;0.01;0.00
5011831;121116;234214.55;512251.8559N;091145.7086E;331.428597;0.00;0.01;0.01;0.00
5011881;121116;234215.60;512251.8559N;091145.7086E;331.428597;0.00;0.01;0.01;0.00
5011931;121116;234216.55;512251.8559N;091145.7086E;331.428597;0.00;0.01;0.01;0.00
5011979;121116;234217.45;512251.8559N;091145.7086E;331.428597;0.00;0.01;0.01;0.00
5012029;121116;234218.55;512251.8559N;091145.7086E;331.428597;0.00;0.01;0.01;0.00
5012079;121116;234219.55;512251.8559N;091145.7086E;331.428597;0.00;0.01;0.01;0.00
5012129;121116;234220.55;512251.8559N;091145.7086E;331.428597;0.00;0.01;0.01;0.00
5012179;121116;234221.55;512251.8559N;091145.7086E;331.428597;0.00;0.01;0.01;0.00
5012229;121116;234222.55;512251.8559N;091145.7086E;331.428597;0.00;0.01;0.01;0.00
5012279;121116;234223.55;512251.8559N;091145.7086E;331.428597;0.00;0.01;0.01;0.00
5012329;121116;234224.55;512251.8559N;091145.7086E;331.428597;0.00;0.01;0.01;0.00
5012379;121116;234225.55;512251.8559N;091145.7086E;331.428597;0.00;0.01;0.01;0.00
5012429;121116;234226.55;512251.8559N;091145.7086E;331.428597;0.00;0.01;0.01;0.00
5012479;121116;234227.55;512251.8559N;091145.7086E;331.428597;0.00;0.01;0.01;0.00
5012529;121116;234228.55;512251.8559N;091145.7086E;331.428597;0.00;0.01;0.01;0.00
5012579;121116;234229.55;512251.8559N;091145.7086E;331.428597;0.00;0.01;0.01;0.00
5012629;121116;234230.55;512251.8559N;091145.7086E;331.428597;0.00;0.01;0.01;0.00
5012679;121116;234231.55;512251.8559N;091145.7086E;331.428597;0.00;0.01;0.01;0.00
5012729;121116;234232.55;512251.8559N;091145.7086E;331.428597;0.00;0.01;0.01;0.00
5012779;121116;234233.55;512251.8559N;091145.7086E;331.428597;0.00;0.01;0.01;0.00
5012829;121116;234234.55;512251.8559N;091145.7086E;331.428597;0.00;0.01;0.01;0.00
5012879;121116;234235.55;512251.8559N;091145.7086E;331.428597;0.00;0.01;0.01;0.00
5012929;121116;234236.55;512251.8559N;091145.7086E;331.428597;0.00;0.01;0.01;0.00
5012975;121116;234237.55;512251.8559N;091145.7086E;331.428597;0.00;0.01;0.01;0.00
5013025;121116;234238.55;512251.8559N;091145.7086E;331.428597;0.00;0.01;0.01;0.00
5013075;121116;234239.55;512251.8559N;091145.7086E;331.428597;0.00;0.01;0.01;0.00
5013125;121116;234240.55;512251.8559N;091145.7086E;331.428597;0.00;0.01;0.01;0.00
5013175;121116;234241.55;512251.8559N;091145.7086E;331.428597;0.00;0.01;0.01;0.00
5013225;121116;234242.55;512251.8559N;091145.7086E;331.428597;0.00;0.01;0.01;0.00
5013275;121116;234243.55;512251.8559N;091145.7086E;331.428597;0.00;0.01;0.01;0.00
5013325;121116;234244.55;512251.8559N;091145.7086E;331.428597;0.00;0.01;0.01;0.00
5013375;121116;234245.55;512251.8559N;091145.7086E;331.428597;0.00;0.01;0.01;0.00
5013425;121116;234246.55;512251.8559N;091145.7086E;331.428597;0.00;0.01;0.01;0.00
5013475;121116;234247.55;512251.8559N;091145.7086E;331.428597;0.00;0.01;0.01;0.00
5013525;121116;234248.55;512251.8559N;091145.7086E;331.428597;0.00;0.01;0.01;0.00
5013575;121116;234249.55;512251.8559N;091145.7086E;331.428597;0.00;0.01;0.01;0.00
5013625;121116;234250.45;512251.8559N;091145.7086E;331.428597;0.00;0.01;0.01;0.00
5013675;121116;234251.55;512251.8559N;091145.7086E;331.428597;0.00;0.01;0.01;0.00
5013725;121116;234252.45;512251.8559N;091145.7086E;331.428597;0.00;0.01;0.01;0.00
5013775;121116;234253.55;512251.8559N;091145.7086E;331.428597;0.00;0.01;0.01;0.00
5013825;121116;234254.55;512251.8559N;091145.7086E;331.428597;0.00;0.01;0.01;0.00
5013875;121116;234255.45;512251.8559N;091145.7086E;331.428597;0.00;0.01;0.01;0.00
5013925;121116;234256.55;512251.8559N;091145.7086E;331.428597;0.00;0.01;0.01;0.00
5013975;121116;234257.45;512251.8559N;091145.7086E;331.428597;0.00;0.01;0.01;0.00
5014025;121116;234258.55;512251.8559N;091145.7086E;331.428597;0.00;0.01;0.01;0.00
5014069;121116;234259.63;512251.8559N;091145.7086E;331.428597;0.00;0.01;0.01;0.00
5014119;121116;234300.55;512251.8559N;091145.7086E;331.428597;0.00;0.01;0.01;0.00
5014168;121116;234301.45;512251.8559N;091145.7086E;331.428597;0.00;0.01;0.01;0.00
5014218;121116;234302.55;512251.8559N;091145.7086E;331.428597;0.00;0.01;0.01;0.00
5014268;121116;234303.63;512251.8559N;091145.7086E;331.428597;0.00;0.01;0.01;0.00
5014317;121116;234304.65;512251.8559N;091145.7086E;331.428597;0.00;0.01;0.01;0.00
5014366;121116;234305.45;512251.8559N;091145.7086E;331.428597;0.00;0.01;0.01;0.00
5014415;121116;234306.65;512251.8559N;091145.7086E;331.428597;0.00;0.01;0.01;0.00
5014465;121116;234307.65;512251.8559N;091145.7086E;331.428597;0.00;0.01;0.01;0.00
5014513;121116;234308.45;512251.8559N;091145.7086E;331.428597;0.00;0.01;0.01;0.00
5014563;121116;234309.65;512251.8559N;091145.7086E;331.428597;0.00;0.02;0.02;0.00
5014612;121116;234310.45;512251.8559N;091145.7086E;331.428597;0.00;0.01;0.01;0.00
5014661;121116;234311.65;512251.8559N;091145.7086E;331.428597;0.00;0.01;0.01;0.00
5014707;121116;234312.45;512251.8559N;091145.7086E;331.428597;0.00;0.01;0.01;0.00
5014757;121116;234313.65;512251.8559N;091145.7086E;331.428597;0.00;0.01;0.01;0.00
5014807;121116;234314.62;512251.8559N;091145.7086E;331.428597;0.00;0.01;0.01;0.00
5014857;121116;234315.65;512251.8559N;091145.7086E;331.428597;0.00;0.01;0.01;0.00
5014907;121116;234316.65;512251.8559N;091145.7086E;331.428597;0.00;0.01;0.01;0.00
5014957;121116;234317.65;512251.8559N;091145.7086E;331.428597;0.00;0.01;0.01;0.00
5015007;121116;234318.65;512251.8559N;091145.7086E;331.428597;0.00;0.01;0.01;0.00
5015056;121116;234319.65;512251.8559N;091145.7086E;331.428597;0.00;0.01;0.01;0.00
5015106;121116;234320.65;512251.8559N;091145.7086E;331.428597;0.00;0.01;0.01;0.00
5015156;121116;234321.65;512251.8559N;091145.7086E;331.428597;0.00;0.01;0.01;0.00
5015205;121116;234322.65;512251.8559N;091145.7086E;331.428597;0.00;0.01;0.01;0.00
5015254;121116;234323.65;512251.8559N;091145.7086E;331.428597;0.00;0.01;0.01;0.00
5015303;121116;234324.65;512251.8559N;091145.7086E;331.428597;0.00;0.01;0.01;0.00
5015348;121116;234325.65;512251.8559N;091145.7086E;331.428597;0.00;0.01;0.01;0.00
5015397;121116;234326.55;512251.8559N;091145.7086E;331.428597;0.00;0.01;0.01;0.00
5015446;121116;234327.65;512251.8559N;091145.7086E;331.428597;0.00;0.01;0.01;0.00
5015495;121116;234328.65;512251.8559N;091145.7086E;331.428597;0.00;0.01;0.01;0.00
5015544;121116;234329.65;512251.8559N;091145.7086E;331.428597;0.00;0.01;0.01;0.00
5015593;121116;234330.65;512251.8559N;091145.7086E;331.428597;0.00;0.01;0.01;0.00
5015642;121116;234331.65;512251.8559N;091145.7086E;331.428597;0.00;0.01;0.01;0.00
5015692;121116;234332.55;512251.8559N;091145.7086E;331.428597;0.00;0.01;0.01;0.00
5015741;121116;234333.55;512251.8559N;091145.7086E;331.428597;0.00;0.01;0.01;0.00
5015790;121116;234334.55;512251.8559N;091145.7086E;331.428597;0.00;0.01;0.01;0.00
5015840;121116;234335.55;512251.8559N;091145.7086E;331.428597;0.00;0.01;0.01;0.00
5015890;121116;234336.55;512251.8559N;091145.7086E;331.428597;0.00;0.01;0.01;0.00
5015940;121116;234337.55;512251.8559N;091145.7086E;331.428597;0.00;0.01;0.01;0.00
5015989;121116;234338.55;512251.8559N;091145.7086E;331.428597;0.00;0.01;0.01;0.00
5016038;121116;234339.55;512251.8559N;091145.7086E;331.428597;0.00;0.01;0.01;0.00
5016087;121116;234340.55;512251.8559N;091145.7086E;331.428597;0.00;0.01;0.01;0.00
5016136;121116;234341.55;512251.8559N;091145.7086E;331.428597;0.00;0.01;0.01;0.00
5016185;121116;234342.55;512251.8559N;091145.7086E;331.428597;0.00;0.01;0.01;0.00
5016234;121116;234343.55;512251.8559N;091145.7086E;331.428597;0.00;0.01;0.01;0.00
5016283;121116;234344.55;512251.8559N;091145.7086E;331.428597;0.00;0.01;0.01;0.00
5016332;121116;234345.55;512251.8559N;091145.7086E;331.428597;0.00;0.01;0.01;0.00
5016381;121116;234346.55;512251.8559N;091145.7086E;331.428597;0.00;0.01;0.01;0.00
5016430;121116;234347.45;512251.8559N;091145.7086E;331.428597;0.00;0.01;0.01;0.00
5016479;121116;234348.65;512251.8559N;091145.7086E;331.428597;0.00;0.01;0.01;0.00
5016527;121116;234349.45;512251.8559N;091145.7086E;331.428597;0.00;0.01;0.01;0.00
5016577;121116;234350.65;512251.8559N;091145.7086E;331.428597;0.00;0.01;0.01;0.00
5016627;121116;234351.55;512251.8559N;091145.7086E;331.428597;0.00;0.01;0.01;0.00
5016676;121116;234352.45;512251.8559N;091145.7086E;331.428597;0.00;0.01;0.01;0.00
5016725;121116;234353.65;512251.8559N;091145.7086E;331.428597;0.00;0.01;0.01;0.00
5016775;121116;234354.62;512251.8559N;091145.7086E;331.428597;0.00;0.01;0.01;0.00
5016824;121116;234355.65;512251.8559N;091145.7086E;331.428597;0.00;0.01;0.01;0.00
5016874;121116;234356.64;512251.8559N;091145.7086E;331.428597;0.00;0.01;0.01;0.00
5016923;121116;234357.65;512251.8559N;091145.7086E;331.428597;0.00;0.01;0.01;0.00
5016972;121116;234358.64;512251.8559N;091145.7086E;331.428597;0.00;0.01;0.01;0.00
5017021;121116;234359.65;512251.8559N;091145.7086E;331.428597;0.00;0.01;0.01;0.00
5017067;121116;234400.45;512251.8559N;091145.7086E;331.428597;0.00;0.01;0.01;0.00
5017116;121116;234401.65;512251.8559N;091145.7086E;331.428597;0.00;0.01;0.01;0.00
5017165;121116;234402.45;512251.8559N;091145.7086E;331.428597;0.00;0.01;0.01;0.00
5017214;121116;234403.65;512251.8559N;091145.7086E;331.428597;0.00;0.01;0.01;0.00
5017263;121116;234404.65;512251.8559N;091145.7086E;331.428597;0.00;0.01;0.01;0.00
5017312;121116;234405.62;512251.8559N;091145.7086E;331.428597;0.00;0.01;0.01;0.00
5017361;121116;234406.65;512251.8559N;091145.7086E;331.428597;0.00;0.01;0.01;0.00
5017411;121116;234407.65;512251.8559N;091145.7086E;331.428597;0.00;0.01;0.01;0.00
5017461;121116;234408.65;512251.8559N;091145.7086E;331.428597;0.00;0.01;0.01;0.00
5017509;121116;234409.45;512251.8559N;091145.7086E;331.428597;0.00;0.01;0.01;0.00
5017559;121116;234410.65;512251.8559N;091145.7086E;331.428597;0.00;0.01;0.01;0.00
5017609;121116;234411.45;512251.8559N;091145.7086E;331.428597;0.00;0.01;0.01;0.00
5017658;121116;234412.65;512251.8559N;091145.7086E;331.428597;0.00;0.01;0.01;0.00
5017707;121116;234413.65;512251.8559N;091145.7086E;331.428597;0.00;0.01;0.01;0.00
5017757;121116;234414.65;512251.8559N;091145.7086E;331.428597;0.00;0.01;0.01;0.00
5017807;121116;234415.65;512251.8559N;091145.7086E;331.428597;0.00;0.01;0.01;0.00
5017857;121116;234416.65;512251.8559N;091145.7086E;331.428597;0.00;0.01;0.01;0.00
5017907;121116;234417.65;512251.8559N;091145.7086E;331.428597;0.00;0.01;0.01;0.00
5017957;121116;234418.65;512251.8559N;091145.7086E;331.428597;0.00;0.01;0.01;0.00
5018007;121116;234419.65;512251.8559N;091145.7086E;331.428597;0.00;0.01;0.01;0.00
5018057;121116;234420.65;512251.8559N;091145.7086E;331.428597;0.00;0.01;0.01;0.00
5018107;121116;234421.65;512251.8559N;091145.7086E;331.428597;0.00;0.01;0.01;0.00
5018157;121116;234422.65;512251.8559N;091145.7086E;331.428597;0.00;0.01;0.01;0.00
5018207;121116;234423.65;512251.8559N;091145.7086E;331.428597;0.00;0.01;0.01;0.00
5018257;121116;234424.65;512251.8559N;091145.7086E;331.428597;0.00;0.01;0.01;0.00
5018307;121116;234425.65;512251.8559N;091145.7086E;331.428597;0.00;0.01;0.01;0.00
5018357;121116;234426.65;512251.8559N;091145.7086E;331.428597;0.00;0.01;0.01;0.00
5018407;121116;234427.65;512251.8559N;091145.7086E;331.428597;0.00;0.01;0.01;0.00
5018454;121116;234428.65;512251.8559N;091145.7086E;331.428597;0.00;0.01;0.01;0.00
5018504;121116;234429.65;512251.8559N;091145.7086E;331.428597;0.00;0.01;0.01;0.00
5018554;121116;234430.65;512251.8559N;091145.7086E;331.428597;0.00;0.01;0.01;0.00
5018603;121116;234431.65;512251.8559N;091145.7086E;331.428597;0.00;0.01;0.01;0.00
5018653;121116;234432.65;512251.8559N;091145.7086E;331.428597;0.00;0.01;0.01;0.00
5018703;121116;234433.65;512251.8559N;091145.7086E;331.428597;0.00;0.02;0.02;0.00
5018753;121116;234434.65;512251.8559N;091145.7086E;331.428597;0.00;0.01;0.01;0.00
5018803;121116;234435.65;512251.8559N;091145.7086E;331.428597;0.00;0.01;0.01;0.00
5018853;121116;234436.65;512251.8559N;091145.7086E;331.428597;0.00;0.01;0.01;0.00
5018903;121116;234437.65;512251.8559N;091145.7086E;331.428597;0.00;0.01;0.01;0.00
5018953;121116;234438.65;512251.8559N;091145.7086E;331.428597;0.00;0.01;0.01;0.00
5019003;121116;234439.65;512251.8559N;091145.7086E;331.428597;0.00;0.01;0.01;0.00
5019053;121116;234440.65;512251.8559N;091145.7086E;331.428597;0.00;0.01;0.01;0.00
5019103;121116;234441.65;512251.8559N;091145.7086E;331.428597;0.00;0.01;0.01;0.00
5019153;121116;234442.65;512251.8559N;091145.7086E;331.428597;0.00;0.01;0.01;0.00
5019197;121116;234443.65;512251.8559N;091145.7086E;331.428597;0.00;0.01;0.01;0.00
5019247;121116;234444.64;512251.8559N;091145.7086E;331.428597;0.00;0.01;0.01;0.00
5019297;121116;234445.65;512251.8559N;091145.7086E;331.428597;0.00;0.01;0.01;0.00
5019347;121116;234446.63;512251.8559N;091145.7086E;331.428597;0.00;0.01;0.01;0.00
5019397;121116;234447.65;512251.8559N;091145.7086E;331.428597;0.00;0.01;0.01;0.00
5019447;121116;234448.65;512251.8559N;091145.7086E;331.428597;0.00;0.01;0.01;0.00
5019497;121116;234449.63;512251.8559N;091145.7086E;331.428597;0.00;424.00;424.00;0.00
5019547;121116;234450.65;512251.8559N;091145.7086E;331.428597;0.00;0.01;0.01;0.00
5019592;121116;234451.65;512251.8559N;091145.7086E;331.428597;0.00;0.01;0.01;0.00
5019642;121116;234452.65;512251.8559N;091145.7086E;331.428597;0.00;0.01;0.01;0.00
5019692;121116;234453.45;512251.8559N;091145.7086E;331.428597;0.00;0.01;0.01;0.00
5019742;121116;234454.65;512251.8559N;091145.7086E;331.428597;0.00;0.01;0.01;0.00
5019792;121116;234455.63;512251.8559N;091145.7086E;331.428597;0.00;0.01;0.01;0.00
5019842;121116;234456.65;512251.8559N;091145.7086E;331.428597;0.00;0.01;0.01;0.00
5019892;121116;234457.45;512251.8559N;091145.7086E;331.428597;0.00;0.01;0.01;0.00
5019942;121116;234458.65;512251.8559N;091145.7086E;331.428597;0.00;0.01;0.01;0.00
5019992;121116;234459.63;512251.8559N;091145.7086E;331.428597;0.00;0.01;0.01;0.00
5020042;121116;234500.65;512251.8559N;091145.7086E;331.428597;0.00;0.01;0.01;0.00
5020092;121116;234501.65;512251.8559N;091145.7086E;331.428597;0.00;0.01;0.01;0.00
5020142;121116;234502.62;512251.8559N;091145.7086E;331.428597;0.00;0.01;0.01;0.00
5020192;121116;234503.65;512251.8559N;091145.7086E;331.428597;0.00;0.01;0.01;0.00
5020242;121116;234504.63;512251.8559N;091145.7086E;331.428597;0.00;0.01;0.01;0.00
5020292;121116;234505.65;512251.8559N;091145.7086E;331.428597;0.00;0.01;0.01;0.00
5020342;121116;234506.45;512251.8559N;091145.7086E;331.428597;0.00;0.01;0.01;0.00
5020392;121116;234507.65;512251.8559N;091145.7086E;331.428597;0.00;0.01;0.01;0.00
5020442;121116;234508.64;512251.8559N;091145.7086E;331.428597;0.00;0.01;0.01;0.00
5020492;121116;234509.65;512251.8559N;091145.7086E;331.428597;0.00;0.01;0.01;0.00
5020542;121116;234510.65;512251.8559N;091145.7086E;331.428597;0.00;0.01;0.01;0.00
5020592;121116;234511.65;512251.8559N;091145.7086E;331.428597;0.00;0.01;0.01;0.00
5020642;121116;234512.65;512251.8559N;091145.7086E;331.428597;0.00;0.01;0.01;0.00
5020692;121116;234513.65;512251.8559N;091145.7086E;331.428597;0.00;0.01;0.01;0.00
5020741;121116;234514.65;512251.8559N;091145.7086E;331.428597;0.00;0.01;0.01;0.00
5020791;121116;234515.65;512251.8559N;091145.7086E;331.428597;0.00;0.01;0.01;0.00
5020841;121116;234516.65;512251.8559N;091145.7086E;331.428597;0.00;0.01;0.01;0.00
5020891;121116;234517.65;512251.8559N;091145.7086E;331.428597;0.00;0.01;0.01;0.00
5020941;121116;234518.65;512251.8559N;091145.7086E;331.428597;0.00;0.01;0.01;0.00
5020991;121116;234519.65;512251.8559N;091145.7086E;331.428597;0.00;0.01;0.01;0.00
5021041;121116;234520.65;512251.8559N;091145.7086E;331.428597;0.00;0.01;0.01;0.00
5021091;121116;234521.65;512251.8559N;091145.7086E;331.428597;0.00;0.01;0.01;0.00
5021141;121116;234522.65;512251.8559N;091145.7086E;331.428597;0.00;0.01;0.01;0.00
5021191;121116;234523.65;512251.8559N;091145.7086E;331.428597;0.00;0.01;0.01;0.00
5021241;121116;234524.65;512251.8559N;091145.7086E;331.428597;0.00;0.01;0.01;0.00
5021291;121116;234525.65;512251.8559N;091145.7086E;331.428597;0.00;0.01;0.01;0.00
5021341;121116;234526.65;512251.8559N;091145.7086E;331.428597;0.00;0.01;0.01;0.00
5021391;121116;234527.65;512251.8559N;091145.7086E;331.428597;0.00;0.01;0.01;0.00
5021441;121116;234528.65;512251.8559N;091145.7086E;331.428597;0.00;0.01;0.01;0.00
5021491;121116;234529.65;512251.8559N;091145.7086E;331.428597;0.00;0.01;0.01;0.00
5021541;121116;234530.65;512251.8559N;091145.7086E;331.428597;0.00;0.01;0.01;0.00
5021591;121116;234531.65;512251.8559N;091145.7086E;331.428597;0.00;0.01;0.01;0.00
5021641;121116;234532.65;512251.8559N;091145.7086E;331.428597;0.00;0.01;0.01;0.00
5021689;121116;234533.65;512251.8559N;091145.7086E;331.428597;0.00;0.01;0.01;0.00
5021739;121116;234534.65;512251.8559N;091145.7086E;331.428597;0.00;0.01;0.01;0.00
5021789;121116;234535.65;512251.8559N;091145.7086E;331.428597;0.00;0.01;0.01;0.00
5021839;121116;234536.65;512251.8559N;091145.7086E;331.428597;0.00;0.01;0.01;0.00
5021889;121116;234537.65;512251.8559N;091145.7086E;331.428597;0.00;0.01;0.01;0.00
5021939;121116;234538.65;512251.8559N;091145.7086E;331.428597;0.00;0.01;0.01;0.00
5021989;121116;234539.65;512251.8559N;091145.7086E;331.428597;0.00;0.01;0.01;0.00
5022039;121116;234540.65;512251.8559N;091145.7086E;331.428597;0.00;0.01;0.01;0.00
5022089;121116;234541.63;512251.8559N;091145.7086E;331.428597;0.00;0.01;0.01;0.00
5022139;121116;234542.65;512251.8559N;091145.7086E;331.428597;0.00;0.01;0.01;0.00
5022189;121116;234543.65;512251.8559N;091145.7086E;331.428597;0.00;-0.01;-0.01;0.00
5022239;121116;234544.65;512251.8559N;091145.7086E;331.428597;0.00;0.01;0.01;0.00
5022289;121116;234545.65;512251.8559N;091145.7086E;331.428597;0.00;0.01;0.01;0.00
5022339;121116;234546.45;512251.8559N;091145.7086E;331.428597;0.00;0.01;0.01;0.00
5022389;121116;234547.65;512251.8559N;091145.7086E;331.428597;0.00;0.01;0.01;0.00
5022438;121116;234548.66;512251.8559N;091145.7086E;331.428597;0.00;0.01;0.01;0.00
5022488;121116;234549.65;512251.8559N;091145.7086E;331.428597;0.00;0.01;0.01;0.00
5022538;121116;234550.64;512251.8559N;091145.7086E;331.428597;0.00;0.01;0.01;0.00
5022588;121116;234551.65;512251.8559N;091145.7086E;331.428597;0.00;0.01;0.01;0.00
5022638;121116;234552.63;512251.8559N;091145.7086E;331.428597;0.00;0.01;0.01;0.00
5022688;121116;234553.65;512251.8559N;091145.7086E;331.428597;0.00;0.01;0.01;0.00
5022738;121116;234554.62;512251.8559N;091145.7086E;331.428597;0.00;0.01;0.01;0.00
5022788;121116;234555.65;512251.8559N;091145.7086E;331.428597;0.00;0.01;0.01;0.00
5022836;121116;234556.64;512251.8559N;091145.7086E;331.428597;0.00;0.01;0.01;0.00
5022886;121116;234557.65;512251.8559N;091145.7086E;331.428597;0.00;0.01;0.01;0.00
5022936;121116;234558.65;512251.8559N;091145.7086E;331.428597;0.00;0.01;0.01;0.00
5022983;121116;234559.45;512251.8559N;091145.7086E;331.428597;0.00;0.01;0.01;0.00
5023026;121116;234600.65;512251.8559N;091145.7086E;331.428597;0.00;0.01;0.01;0.00
5023076;121116;234601.45;512251.8559N;091145.7086E;331.428597;0.00;0.01;0.01;0.00
5023126;121116;234602.65;512251.8559N;091145.7086E;331.428597;0.00;0.01;0.01;0.00
5023176;121116;234603.64;512251.8559N;091145.7086E;331.428597;0.00;0.01;0.01;0.00
5023226;121116;234604.65;512251.8559N;091145.7086E;331.428597;0.00;0.01;0.01;0.00
5023276;121116;234605.63;512251.8559N;091145.7086E;331.428597;0.00;0.01;0.01;0.00
5023326;121116;234606.65;512251.8559N;091145.7086E;331.428597;0.00;0.01;0.01;0.00
5023376;121116;234607.65;512251.8559N;091145.7086E;331.428597;0.00;0.01;0.01;0.00
5023426;121116;234608.65;512251.8559N;091145.7086E;331.428597;0.00;0.01;0.01;0.00
5023476;121116;234609.65;512251.8559N;091145.7086E;331.428597;0.00;0.01;0.01;0.00
5023526;121116;234610.65;512251.8559N;091145.7086E;331.428597;0.00;0.01;0.01;0.00
5023576;121116;234611.65;512251.8559N;091145.7086E;331.428597;0.00;0.01;0.01;0.00
5023626;121116;234612.65;512251.8559N;091145.7086E;331.428597;0.00;0.01;0.01;0.00
5023676;121116;234613.65;512251.8559N;091145.7086E;331.428597;0.00;0.01;0.01;0.00
5023726;121116;234614.65;512251.8559N;091145.7086E;331.428597;0.00;0.01;0.01;0.00
5023774;121116;234615.65;512251.8559N;091145.7086E;331.428597;0.00;0.01;0.01;0.00
5023824;121116;234616.65;512251.8559N;091145.7086E;331.428597;0.00;0.01;0.01;0.00
5023874;121116;234617.65;512251.8559N;091145.7086E;331.428597;0.00;0.01;0.01;0.00
5023924;121116;234618.65;512251.8559N;091145.7086E;331.428597;0.00;0.01;0.01;0.00
5023974;121116;234619.65;512251.8559N;091145.7086E;331.428597;0.00;0.01;0.01;0.00
5024024;121116;234620.65;512251.8559N;091145.7086E;331.428597;0.00;0.01;0.01;0.00
5024074;121116;234621.65;512251.8559N;091145.7086E;331.428597;0.00;0.01;0.01;0.00
5024121;121116;234622.65;512251.8559N;091145.7086E;331.428597;0.00;0.01;0.01;0.00
5024171;121116;234623.65;512251.8559N;091145.7086E;331.428597;0.00;0.01;0.01;0.00
5024221;121116;234624.65;512251.8559N;091145.7086E;331.428597;0.00;0.01;0.01;0.00
5024271;121116;234625.65;512251.8559N;091145.7086E;331.428597;0.00;0.01;0.01;0.00
5024321;121116;234626.65;512251.8559N;091145.7086E;331.428597;0.00;0.01;0.01;0.00
5024371;121116;234627.65;512251.8559N;091145.7086E;331.428597;0.00;0.02;0.02;0.00
5024421;121116;234628.65;512251.8559N;091145.7086E;331.428597;0.00;0.01;0.01;0.00
5024471;121116;234629.65;512251.8559N;091145.7086E;331.428597;0.00;0.01;0.01;0.00
5024520;121116;234630.65;512251.8559N;091145.7086E;331.428597;0.00;0.02;0.02;0.00
5024570;121116;234631.65;512251.8559N;091145.7086E;331.428597;0.00;0.01;0.01;0.00
5024620;121116;234632.65;512251.8559N;091145.7086E;331.428597;0.00;0.01;0.01;0.00
5024670;121116;234633.65;512251.8559N;091145.7086E;331.428597;0.00;0.01;0.01;0.00
5024720;121116;234634.65;512251.8559N;091145.7086E;331.428597;0.00;0.01;0.01;0.00
5024770;121116;234635.65;512251.8559N;091145.7086E;331.428597;0.00;0.01;0.01;0.00
5024820;121116;234636.65;512251.8559N;091145.7086E;331.428597;0.00;0.01;0.01;0.00
5024870;121116;234637.65;512251.8559N;091145.7086E;331.428597;0.00;0.01;0.01;0.00
5024920;121116;234638.66;512251.8559N;091145.7086E;331.428597;0.00;0.01;0.01;0.00
5024970;121116;234639.65;512251.8559N;091145.7086E;331.428597;0.00;0.01;0.01;0.00
5025020;121116;234640.64;512251.8559N;091145.7086E;331.428597;0.00;0.01;0.01;0.00
5025070;121116;234641.65;512251.8559N;091145.7086E;331.428597;0.00;0.01;0.01;0.00
5025120;121116;234642.65;512251.8559N;091145.7086E;331.428597;0.00;0.01;0.01;0.00
5025170;121116;234643.45;512251.8559N;091145.7086E;331.428597;0.00;0.01;0.01;0.00
5025220;121116;234644.65;512251.8559N;091145.7086E;331.428597;0.00;0.01;0.01;0.00
5025270;121116;234645.63;512251.8559N;091145.7086E;331.428597;0.00;0.01;0.01;0.00
5025320;121116;234646.65;512251.8559N;091145.7086E;331.428597;0.00;0.01;0.01;0.00
5025368;121116;234647.63;512251.8559N;091145.7086E;331.428597;0.00;0.01;0.01;0.00
5025418;121116;234648.65;512251.8559N;091145.7086E;331.428597;0.00;0.01;0.01;0.00
5025468;121116;234649.62;512251.8559N;091145.7086E;331.428597;0.00;0.01;0.01;0.00
5025518;121116;234650.65;512251.8559N;091145.7086E;331.428597;0.00;0.01;0.01;0.00
5025568;121116;234651.64;512251.8559N;091145.7086E;331.428597;0.00;0.01;0.01;0.00
5025618;121116;234652.65;512251.8559N;091145.7086E;331.428597;0.00;0.01;0.01;0.00
5025668;121116;234653.45;512251.8559N;091145.7086E;331.428597;0.00;0.01;0.01;0.00
5025718;121116;234654.65;512251.8559N;091145.7086E;331.428597;0.00;0.01;0.01;0.00
5025768;121116;234655.65;512251.8559N;091145.7086E;331.428597;0.00;0.01;0.01;0.00
5025818;121116;234656.64;512251.8559N;091145.7086E;331.428597;0.00;0.01;0.01;0.00
5025868;121116;234657.65;512251.8559N;091145.7086E;331.428597;0.00;0.01;0.01;0.00
5025917;121116;234658.63;512251.8559N;091145.7086E;331.428597;0.00;0.01;0.01;0.00
5025967;121116;234659.65;512251.8559N;091145.7086E;331.428597;0.00;0.01;0.01;0.00
5026017;121116;234700.45;512251.8559N;091145.7086E;331.428597;0.00;0.01;0.01;0.00
5026067;121116;234701.65;512251.8559N;091145.7086E;331.428597;0.00;0.01;0.01;0.00
5026118;121116;234702.45;512251.8559N;091145.7086E;331.428597;0.00;0.01;0.01;0.00
5026168;121116;234703.65;512251.8559N;091145.7086E;331.428597;0.00;0.01;0.01;0.00
5026218;121116;234704.65;512251.8559N;091145.7086E;331.428597;0.00;0.01;0.01;0.00
5026268;121116;234705.65;512251.8559N;091145.7086E;331.428597;0.00;0.01;0.01;0.00
5026318;121116;234706.65;512251.8559N;091145.7086E;331.428597;0.00;0.01;0.01;0.00
5026362;121116;234707.65;512251.8559N;091145.7086E;331.428597;0.00;0.01;0.01;0.00
5026412;121116;234708.65;512251.8559N;091145.7086E;331.428597;0.00;0.01;0.01;0.00
5026462;121116;234709.65;512251.8559N;091145.7086E;331.428597;0.00;0.01;0.01;0.00
5026512;121116;234710.65;512251.8559N;091145.7086E;331.428597;0.00;0.01;0.01;0.00
5026562;121116;234711.65;512251.8559N;091145.7086E;331.428597;0.00;0.01;0.01;0.00
5026612;121116;234712.65;512251.8559N;091145.7086E;331.428597;0.00;0.01;0.01;0.00
5026662;121116;234713.65;512251.8559N;091145.7086E;331.428597;0.00;0.01;0.01;0.00
5026712;121116;234714.65;512251.8559N;091145.7086E;331.428597;0.00;0.01;0.01;0.00
5026762;121116;234715.65;512251.8559N;091145.7086E;331.428597;0.00;0.01;0.01;0.00
5026812;121116;234716.65;512251.8559N;091145.7086E;331.428597;0.00;0.01;0.01;0.00
5026862;121116;234717.65;512251.8559N;091145.7086E;331.428597;0.00;0.01;0.01;0.00
5026908;121116;234718.65;512251.8559N;091145.7086E;331.428597;0.00;0.01;0.01;0.00
5026958;121116;234719.65;512251.8559N;091145.7086E;331.428597;0.00;0.01;0.01;0.00
5027008;121116;234720.65;512251.8559N;091145.7086E;331.428597;0.00;0.01;0.01;0.00
5027058;121116;234721.65;512251.8559N;091145.7086E;331.428597;0.00;0.01;0.01;0.00
5027108;121116;234722.65;512251.8559N;091145.7086E;331.428597;0.00;0.01;0.01;0.00
5027154;121116;234723.65;512251.8559N;091145.7086E;331.428597;0.00;0.01;0.01;0.00
5027204;121116;234724.65;512251.8559N;091145.7086E;331.428597;0.00;0.01;0.01;0.00
5027254;121116;234725.65;512251.8559N;091145.7086E;331.428597;0.00;0.01;0.01;0.00
5027304;121116;234726.65;512251.8559N;091145.7086E;331.428597;0.00;0.01;0.01;0.00
5027354;121116;234727.65;512251.8559N;091145.7086E;331.428597;0.00;0.01;0.01;0.00
5027404;121116;234728.65;512251.8559N;091145.7086E;331.428597;0.00;0.01;0.01;0.00
5027454;121116;234729.65;512251.8559N;091145.7086E;331.428597;0.00;0.01;0.01;0.00
5027504;121116;234730.65;512251.8559N;091145.7086E;331.428597;0.00;0.01;0.01;0.00
5027554;121116;234731.65;512251.8559N;091145.7086E;331.428597;0.00;0.01;0.01;0.00
5027604;121116;234732.65;512251.8559N;091145.7086E;331.428597;0.00;0.01;0.01;0.00
5027654;121116;234733.65;512251.8559N;091145.7086E;331.428597;0.00;0.01;0.01;0.00
5027704;121116;234734.65;512251.8559N;091145.7086E;331.428597;0.00;0.00;0.00;0.00
5027754;121116;234735.64;512251.8559N;091145.7086E;331.428597;0.00;0.01;0.01;0.00
5027804;121116;234736.65;512251.8559N;091145.7086E;331.428597;0.00;0.01;0.01;0.00
5027854;121116;234737.45;512251.8559N;091145.7086E;331.428597;0.00;0.01;0.01;0.00
5027904;121116;234738.65;512251.8559N;091145.7086E;331.428597;0.00;0.01;0.01;0.00
5027954;121116;234739.65;512251.8559N;091145.7086E;331.428597;0.00;0.01;0.01;0.00
5028004;121116;234740.64;512251.8559N;091145.7086E;331.428597;0.00;0.01;0.01;0.00
5028054;121116;234741.65;512251.8559N;091145.7086E;331.428597;0.00;0.01;0.01;0.00
5028104;121116;234742.65;512251.8559N;091145.7086E;331.428597;0.00;0.01;0.01;0.00
5028154;121116;234743.65;512251.8559N;091145.7086E;331.428597;0.00;0.01;0.01;0.00
5028204;121116;234744.64;512251.8559N;091145.7086E;331.428597;0.00;0.01;0.01;0.00
5028251;121116;234745.65;512251.8559N;091145.7086E;331.428597;0.00;0.01;0.01;0.00
5028301;121116;234746.63;512251.8559N;091145.7086E;331.428597;0.00;0.01;0.01;0.00
5028351;121116;234747.65;512251.8559N;091145.7086E;331.428597;0.00;0.01;0.01;0.00
5028401;121116;234748.64;512251.8559N;091145.7086E;331.428597;0.00;0.01;0.01;0.00
5028451;121116;234749.65;512251.8559N;091145.7086E;331.428597;0.00;0.01;0.01;0.00
5028501;121116;234750.62;512251.8559N;091145.7086E;331.428597;0.00;0.01;0.01;0.00
5028551;121116;234751.65;512251.8559N;091145.7086E;331.428597;0.00;0.01;0.01;0.00
5028601;121116;234752.65;512251.8559N;091145.7086E;331.428597;0.00;0.01;0.01;0.00
5028651;121116;234753.62;512251.8559N;091145.7086E;331.428597;0.00;0.01;0.01;0.00
5028701;121116;234754.65;512251.8559N;091145.7086E;331.428597;0.00;0.01;0.01;0.00
5028751;121116;234755.63;512251.8559N;091145.7086E;331.428597;0.00;0.01;0.01;0.00
5028801;121116;234756.65;512251.8559N;091145.7086E;331.428597;0.00;0.02;0.02;0.00
5028851;121116;234757.63;512251.8559N;091145.7086E;331.428597;0.00;0.01;0.01;0.00
5028901;121116;234758.65;512251.8559N;091145.7086E;331.428597;0.00;0.01;0.01;0.00
5028951;121116;234759.64;512251.8559N;091145.7086E;331.428597;0.00;0.01;0.01;0.00
5029001;121116;234800.65;512251.8559N;091145.7086E;331.428597;0.00;0.01;0.01;0.00
5029051;121116;234801.65;512251.8559N;091145.7086E;331.428597;0.00;0.01;0.01;0.00
5029101;121116;234802.65;512251.8559N;091145.7086E;331.428597;0.00;0.01;0.01;0.00
5029151;121116;234803.65;512251.8559N;091145.7086E;331.428597;0.00;0.01;0.01;0.00
5029200;121116;234804.65;512251.8559N;091145.7086E;331.428597;0.00;0.01;0.01;0.00
5029250;121116;234805.65;512251.8559N;091145.7086E;331.428597;0.00;0.01;0.01;0.00
5029300;121116;234806.65;512251.8559N;091145.7086E;331.428597;0.00;0.01;0.01;0.00
5029350;121116;234807.65;512251.8559N;091145.7086E;331.428597;0.00;0.01;0.01;0.00
5029397;121116;234808.65;512251.8559N;091145.7086E;331.428597;0.00;0.01;0.01;0.00
5029447;121116;234809.65;512251.8559N;091145.7086E;331.428597;0.00;0.01;0.01;0.00
5029497;121116;234810.65;512251.8559N;091145.7086E;331.428597;0.00;0.01;0.01;0.00
5029547;121116;234811.65;512251.8559N;091145.7086E;331.428597;0.00;0.01;0.01;0.00
5029597;121116;234812.65;512251.8559N;091145.7086E;331.428597;0.00;0.01;0.01;0.00
5029645;121116;234813.65;512251.8559N;091145.7086E;331.428597;0.00;0.01;0.01;0.00
5029695;121116;234814.65;512251.8559N;091145.7086E;331.428597;0.00;0.01;0.01;0.00
5029745;121116;234815.65;512251.8559N;091145.7086E;331.428597;0.00;0.01;0.01;0.00
5029795;121116;234816.65;512251.8559N;091145.7086E;331.428597;0.00;0.01;0.01;0.00
5029845;121116;234817.65;512251.8559N;091145.7086E;331.428597;0.00;0.01;0.01;0.00
5029895;121116;234818.65;512251.8559N;091145.7086E;331.428597;0.00;0.01;0.01;0.00
5029945;121116;234819.65;512251.8559N;091145.7086E;331.428597;0.00;0.01;0.01;0.00
5029995;121116;234820.65;512251.8559N;091145.7086E;331.428597;0.00;0.01;0.01;0.00
5030045;121116;234821.65;512251.8559N;091145.7086E;331.428597;0.00;0.01;0.01;0.00
5030095;121116;234822.65;512251.8559N;091145.7086E;331.428597;0.00;0.01;0.01;0.00
5030145;121116;234823.65;512251.8559N;091145.7086E;331.428597;0.00;0.01;0.01;0.00
5030195;121116;234824.65;512251.8559N;091145.7086E;331.428597;0.00;0.01;0.01;0.00
5030245;121116;234825.65;512251.8559N;091145.7086E;331.428597;0.00;0.01;0.01;0.00
5030295;121116;234826.65;512251.8559N;091145.7086E;331.428597;0.00;0.01;0.01;0.00
5030345;121116;234827.65;512251.8559N;091145.7086E;331.428597;0.00;0.01;0.01;0.00
5030395;121116;234828.65;512251.8559N;091145.7086E;331.428597;0.00;0.02;0.02;0.00
5030445;121116;234829.65;512251.8559N;091145.7086E;331.428597;0.00;0.01;0.01;0.00
5030495;121116;234830.65;512251.8559N;091145.7086E;331.428597;0.00;0.01;0.01;0.00
5030545;121116;234831.65;512251.8559N;091145.7086E;331.428597;0.00;0.01;0.01;0.00
5030595;121116;234832.64;512251.8559N;091145.7086E;331.428597;0.00;0.01;0.01;0.00
5030645;121116;234833.65;512251.8559N;091145.7086E;331.428597;0.00;0.01;0.01;0.00
5030695;121116;234834.64;512251.8559N;091145.7086E;331.428597;0.00;0.01;0.01;0.00
5030745;121116;234835.65;512251.8559N;091145.7086E;331.428597;0.00;0.01;0.01;0.00
5030795;121116;234836.65;512251.8559N;091145.7086E;331.428597;0.00;0.01;0.01;0.00
5030845;121116;234837.66;512251.8559N;091145.7086E;331.428597;0.00;0.01;0.01;0.00
5030895;121116;234838.65;512251.8559N;091145.7086E;331.428597;0.00;0.01;0.01;0.00
5030944;121116;234839.66;512251.8559N;091145.7086E;331.428597;0.00;0.01;0.01;0.00
5030994;121116;234840.65;512251.8559N;091145.7086E;331.428597;0.00;0.01;0.01;0.00
5031041;121116;234841.45;512251.8559N;091145.7086E;331.428597;0.00;0.01;0.01;0.00
5031091;121116;234842.65;512251.8559N;091145.7086E;331.428597;0.00;0.01;0.01;0.00
5031141;121116;234843.64;512251.8559N;091145.7086E;331.428597;0.00;0.01;0.01;0.00
5031191;121116;234844.65;512251.8559N;091145.7086E;331.428597;0.00;0.01;0.01;0.00
5031241;121116;234845.66;512251.8559N;091145.7086E;331.428597;0.00;0.01;0.01;0.00
5031283;121116;234846.65;512251.8559N;091145.7086E;331.428597;0.00;0.01;0.01;0.00
5031333;121116;234847.45;512251.8559N;091145.7086E;331.428597;0.00;0.01;0.01;0.00
5031382;121116;234848.65;512251.8559N;091145.7086E;331.428597;0.00;0.01;0.01;0.00
5031432;121116;234849.65;512251.8559N;091145.7086E;331.428597;0.00;0.01;0.01;0.00
5031482;121116;234850.66;512251.8559N;091145.7086E;331.428597;0.00;0.01;0.01;0.00
5031532;121116;234851.65;512251.8559N;091145.7086E;331.428597;0.00;0.01;0.01;0.00
5031579;121116;234852.45;512251.8559N;091145.7086E;331.428597;0.00;0.01;0.01;0.00
5031629;121116;234853.65;512251.8559N;091145.7086E;331.428597;0.00;0.01;0.01;0.00
5031677;121116;234854.66;512251.8559N;091145.7086E;331.428597;0.00;0.01;0.01;0.00
5031721;121116;234855.65;512251.8559N;091145.7086E;331.428597;0.00;0.01;0.01;0.00
5031769;121116;234856.64;512251.8559N;091145.7086E;331.428597;0.00;0.01;0.01;0.00
5031818;121116;234857.65;512251.8559N;091145.7086E;331.428597;0.00;0.01;0.01;0.00
5031867;121116;234858.65;512251.8559N;091145.7086E;331.428597;0.00;0.01;0.01;0.00
5031916;121116;234859.65;512251.8559N;091145.7086E;331.428597;0.00;0.01;0.01;0.00
5031965;121116;234900.65;512251.8559N;091145.7086E;331.428597;0.00;0.01;0.01;0.00
5032014;121116;234901.65;512251.8559N;091145.7086E;331.428597;0.00;0.01;0.01;0.00
5032063;121116;234902.65;512251.8559N;091145.7086E;331.428597;0.00;0.01;0.01;0.00
5032112;121116;234903.65;512251.8559N;091145.7086E;331.428597;0.00;0.01;0.01;0.00
5032162;121116;234904.65;512251.8559N;091145.7086E;331.428597;0.00;0.01;0.01;0.00
5032212;121116;234905.65;512251.8559N;091145.7086E;331.428597;0.00;0.01;0.01;0.00
5032262;121116;234906.65;512251.8559N;091145.7086E;331.428597;0.00;0.01;0.01;0.00
5032312;121116;234907.65;512251.8559N;091145.7086E;331.428597;0.00;0.01;0.01;0.00
5032362;121116;234908.65;512251.8559N;091145.7086E;331.428597;0.00;0.01;0.01;0.00
5032412;121116;234909.65;512251.8559N;091145.7086E;331.428597;0.00;0.01;0.01;0.00
5032462;121116;234910.65;512251.8559N;091145.7086E;331.428597;0.00;0.01;0.01;0.00
5032511;121116;234911.65;512251.8559N;091145.7086E;331.428597;0.00;0.01;0.01;0.00
5032560;121116;234912.65;512251.8559N;091145.7086E;331.428597;0.00;0.01;0.01;0.00
5032609;121116;234913.65;512251.8559N;091145.7086E;331.428597;0.00;0.01;0.01;0.00
5032658;121116;234914.65;512251.8559N;091145.7086E;331.428597;0.00;0.01;0.01;0.00
5032707;121116;234915.65;512251.8559N;091145.7086E;331.428597;0.00;0.01;0.01;0.00
5032756;121116;234916.65;512251.8559N;091145.7086E;331.428597;0.00;0.01;0.01;0.00
5032805;121116;234917.65;512251.8559N;091145.7086E;331.428597;0.00;0.01;0.01;0.00
5032854;121116;234918.65;512251.8559N;091145.7086E;331.428597;0.00;0.01;0.01;0.00
5032903;121116;234919.65;512251.8559N;091145.7086E;331.428597;0.00;0.01;0.01;0.00
5032952;121116;234920.65;512251.8559N;091145.7086E;331.428597;0.00;0.01;0.01;0.00
5033001;121116;234921.65;512251.8559N;091145.7086E;331.428597;0.00;0.02;0.02;0.00
5033051;121116;234922.65;512251.8559N;091145.7086E;331.428597;0.00;0.01;0.01;0.00
5033101;121116;234923.65;512251.8559N;091145.7086E;331.428597;0.00;0.01;0.01;0.00
5033151;121116;234924.65;512251.8559N;091145.7086E;331.428597;0.00;0.01;0.01;0.00
5033200;121116;234925.65;512251.8559N;091145.7086E;331.428597;0.00;0.01;0.01;0.00
5033250;121116;234926.65;512251.8559N;091145.7086E;331.428597;0.00;0.01;0.01;0.00
5033300;121116;234927.65;512251.8559N;091145.7086E;331.428597;0.00;0.01;0.01;0.00
5033346;121116;234928.65;512251.8559N;091145.7086E;331.428597;0.00;0.01;0.01;0.00
5033395;121116;234929.65;512251.8559N;091145.7086E;331.428597;0.00;0.01;0.01;0.00
5033444;121116;234930.65;512251.8559N;091145.7086E;331.428597;0.00;0.01;0.01;0.00
5033492;121116;234931.65;512251.8559N;091145.7086E;331.428597;0.00;0.02;0.02;0.00
5033541;121116;234932.65;512251.8559N;091145.7086E;331.428597;0.00;0.01;0.01;0.00
5033590;121116;234933.65;512251.8559N;091145.7086E;331.428597;0.00;0.01;0.01;0.00
5033639;121116;234934.65;512251.8559N;091145.7086E;331.428597;0.00;0.01;0.01;0.00
5033688;121116;234935.65;512251.8559N;091145.7086E;331.428597;0.00;0.01;0.01;0.00
5033737;121116;234936.64;512251.8559N;091145.7086E;331.428597;0.00;0.01;0.01;0.00
5033786;121116;234937.65;512251.8559N;091145.7086E;331.428597;0.00;0.01;0.01;0.00
5033835;121116;234938.66;512251.8559N;091145.7086E;331.428597;0.00;0.01;0.01;0.00
5033885;121116;234939.65;512251.8559N;091145.7086E;331.428597;0.00;0.01;0.01;0.00
5033935;121116;234940.45;512251.8559N;091145.7086E;331.428597;0.00;0.01;0.01;0.00
5033985;121116;234941.65;512251.8559N;091145.7086E;331.428597;0.00;0.01;0.01;0.00
5034034;121116;234942.45;512251.8559N;091145.7086E;331.428597;0.00;0.01;0.01;0.00
5034083;121116;234943.65;512251.8559N;091145.7086E;331.428597;0.00;0.01;0.01;0.00
5034133;121116;234944.45;512251.8559N;091145.7086E;331.428597;0.00;0.01;0.01;0.00
5034182;121116;234945.65;512251.8559N;091145.7086E;331.428597;0.00;0.01;0.01;0.00
5034231;121116;234946.65;512251.8559N;091145.7086E;331.428597;0.00;0.01;0.01;0.00
5034280;121116;234947.67;512251.8559N;091145.7086E;331.428597;0.00;0.01;0.01;0.00
5034329;121116;234948.65;512251.8559N;091145.7086E;331.428597;0.00;0.01;0.01;0.00
5034378;121116;234949.45;512251.8559N;091145.7086E;331.428597;0.00;0.01;0.01;0.00
5034427;121116;234950.65;512251.8559N;091145.7086E;331.428597;0.00;0.01;0.01;0.00
5034476;121116;234951.66;512251.8559N;091145.7086E;331.428597;0.00;0.01;0.01;0.00
5034525;121116;234952.65;512251.8559N;091145.7086E;331.428597;0.00;0.01;0.01;0.00
5034574;121116;234953.65;512251.8559N;091145.7086E;331.428597;0.00;0.02;0.02;0.00
5034623;121116;234954.65;512251.8559N;091145.7086E;331.428597;0.00;0.01;0.01;0.00
5034672;121116;234955.65;512251.8559N;091145.7086E;331.428597;0.00;0.01;0.01;0.00
5034721;121116;234956.65;512251.8559N;091145.7086E;331.428597;0.00;0.01;0.01;0.00
5034771;121116;234957.65;512251.8559N;091145.7086E;331.428597;0.00;0.01;0.01;0.00
5034820;121116;234958.65;512251.8559N;091145.7086E;331.428597;0.00;0.01;0.01;0.00
5034870;121116;234959.65;512251.8559N;091145.7086E;331.428597;0.00;0.01;0.01;0.00
