4975563;121116;233000.46;512251.8559N;091145.7086E;331.428597;0.00;0.01;0.01;0.00
4975613;121116;233001.46;512251.8559N;091145.7086E;331.428597;0.00;0.01;0.01;0.00
4975663;121116;233002.46;512251.8559N;091145.7086E;331.428597;0.00;0.00;0.00;0.00
4975713;121116;233003.46;512251.8559N;091145.7086E;331.428597;0.00;0.01;0.01;0.00
4975763;121116;233004.46;512251.8559N;091145.7086E;331.428597;0.00;0.01;0.01;0.00
4975813;121116;233005.46;512251.8559N;091145.7086E;331.428597;0.00;0.01;0.01;0.00
4975861;121116;233006.46;512251.8559N;091145.7086E;331.428597;0.00;0.01;0.01;0.00
4975911;121116;233007.46;512251.8559N;091145.7086E;331.428597;0.00;0.01;0.01;0.00
4975961;121116;233008.46;512251.8559N;091145.7086E;331.428597;0.00;0.01;0.01;0.00
4976011;121116;233009.46;512251.8559N;091145.7086E;331.428597;0.00;0.01;0.01;0.00
4976053;121116;233010.46;512251.8559N;091145.7086E;331.428597;0.00;0.01;0.01;0.00
4976103;121116;233011.46;512251.8559N;091145.7086E;331.428597;0.00;0.01;0.01;0.00
4976151;121116;233012.46;512251.8559N;091145.7086E;331.428597;0.00;0.01;0.01;0.00
4976201;121116;233013.46;512251.8559N;091145.7086E;331.428597;0.00;0.01;0.01;0.00
4976249;121116;233014.46;512251.8559N;091145.7086E;331.428597;0.00;0.01;0.01;0.00
4976299;121116;233015.46;512251.8559N;091145.7086E;331.428597;0.00;0.01;0.01;0.00
4976349;121116;233016.46;512251.8559N;091145.7086E;331.428597;0.00;0.01;0.01;0.00
4976399;121116;233017.46;512251.8559N;091145.7086E;331.428597;0.00;0.01;0.01;0.00
4976449;121116;233018.46;512251.8559N;091145.7086E;331.428597;0.00;0.01;0.01;0.00
4976499;121116;233019.46;512251.8559N;091145.7086E;331.428597;0.00;0.01;0.01;0.00
4976549;121116;233020.46;512251.8559N;091145.7086E;331.428597;0.00;0.01;0.01;0.00
4976598;121116;233021.46;512251.8559N;091145.7086E;331.428597;0.00;0.01;0.01;0.00
4976648;121116;233022.46;512251.8559N;091145.7086E;331.428597;0.00;0.01;0.01;0.00
4976698;121116;233023.46;512251.8559N;091145.7086E;331.428597;0.00;0.01;0.01;0.00
4976748;121116;233024.46;512251.8559N;091145.7086E;331.428597;0.00;0.01;0.01;0.00
4976795;121116;233025.46;512251.8559N;091145.7086E;331.428597;0.00;0.01;0.01;0.00
4976845;121116;233026.46;512251.8559N;091145.7086E;331.428597;0.00;0.01;0.01;0.00
4976895;121116;233027.46;512251.8559N;091145.7086E;331.428597;0.00;0.01;0.01;0.00
4976945;121116;233028.46;512251.8559N;091145.7086E;331.428597;0.00;0.01;0.01;0.00
4976995;121116;233029.51;512251.8559N;091145.7086E;331.428597;0.00;0.01;0.01;0.00
4977045;121116;233030.46;512251.8559N;091145.7086E;331.428597;0.00;0.01;0.01;0.00
4977095;121116;233031.26;512251.8559N;091145.7086E;331.428597;0.00;0.01;0.01;0.00
4977145;121116;233032.46;512251.8559N;091145.7086E;331.428597;0.00;0.01;0.01;0.00
4977195;121116;233033.46;512251.8559N;091145.7086E;331.428597;0.00;0.00;0.00;0.00
4977244;121116;233034.26;512251.8559N;091145.7086E;331.428597;0.00;0.01;0.01;0.00
4977294;121116;233035.46;512251.8559N;091145.7086E;331.428597;0.00;0.01;0.01;0.00
4977344;121116;233036.26;512251.8559N;091145.7086E;331.428597;0.00;0.01;0.01;0.00
4977394;121116;233037.46;512251.8559N;091145.7086E;331.428597;0.00;0.01;0.01;0.00
4977444;121116;233038.26;512251.8559N;091145.7086E;331.428597;0.00;0.01;0.01;0.00
4977494;121116;233039.46;512251.8559N;091145.7086E;331.428597;0.00;0.01;0.01;0.00
4977544;121116;233040.50;512251.8559N;091145.7086E;331.428597;0.00;0.01;0.01;0.00
4977594;121116;233041.46;512251.8559N;091145.7086E;331.428597;0.00;0.01;0.01;0.00
4977644;121116;233042.50;512251.8559N;091145.7086E;331.428597;0.00;0.01;0.01;0.00
4977694;121116;233043.45;512251.8559N;091145.7086E;331.428597;0.00;0.01;0.01;0.00
4977743;121116;233044.26;512251.8559N;091145.7086E;331.428597;0.00;0.01;0.01;0.00
4977793;121116;233045.46;512251.8559N;091145.7086E;331.428597;0.00;0.01;0.01;0.00
4977843;121116;233046.46;512251.8559N;091145.7086E;331.428597;0.00;0.01;0.01;0.00
4977893;121116;233047.26;512251.8559N;091145.7086E;331.428597;0.00;0.01;0.01;0.00
4977939;121116;233048.46;512251.8559N;091145.7086E;331.428597;0.00;0.01;0.01;0.00
4977989;121116;233049.49;512251.8559N;091145.7086E;331.428597;0.00;0.01;0.01;0.00
4978039;121116;233050.46;512251.8559N;091145.7086E;331.428597;0.00;0.01;0.01;0.00
4978089;121116;233051.52;512251.8559N;091145.7086E;331.428597;0.00;0.01;0.01;0.00
4978139;121116;233052.46;512251.8559N;091145.7086E;331.428597;0.00;0.01;0.01;0.00
4978189;121116;233053.51;512251.8559N;091145.7086E;331.428597;0.00;0.01;0.01;0.00
4978239;121116;233054.46;512251.8559N;091145.7086E;331.428597;0.00;0.01;0.01;0.00
4978289;121116;233055.46;512251.8559N;091145.7086E;331.428597;0.00;0.01;0.01;0.00
4978339;121116;233056.46;512251.8559N;091145.7086E;331.428597;0.00;0.00;0.00;0.00
4978389;121116;233057.46;512251.8559N;091145.7086E;331.428597;0.00;0.01;0.01;0.00
4978437;121116;233058.46;512251.8559N;091145.7086E;331.428597;0.00;0.01;0.01;0.00
4978484;121116;233059.46;512251.8559N;091145.7086E;331.428597;0.00;0.01;0.01;0.00
4978531;121116;233100.45;512251.8559N;091145.7086E;331.428597;0.00;0.01;0.01;0.00
4978581;121116;233101.46;512251.8559N;091145.7086E;331.428597;0.00;0.01;0.01;0.00
4978631;121116;233102.45;512251.8559N;091145.7086E;331.428597;0.00;0.01;0.01;0.00
4978678;121116;233103.46;512251.8559N;091145.7086E;331.428597;0.00;0.01;0.01;0.00
4978728;121116;233104.46;512251.8559N;091145.7086E;331.428597;0.00;0.01;0.01;0.00
4978777;121116;233105.46;512251.8559N;091145.7086E;331.428597;0.00;0.01;0.01;0.00
4978827;121116;233106.46;512251.8559N;091145.7086E;331.428597;0.00;0.01;0.01;0.00
4978875;121116;233107.46;512251.8559N;091145.7086E;331.428597;0.00;0.01;0.01;0.00
4978925;121116;233108.46;512251.8559N;091145.7086E;331.428597;0.00;0.01;0.01;0.00
4978975;121116;233109.46;512251.8559N;091145.7086E;331.428597;0.00;0.01;0.01;0.00
4979025;121116;233110.46;512251.8559N;091145.7086E;331.428597;0.00;0.01;0.01;0.00
4979073;121116;233111.46;512251.8559N;091145.7086E;331.428597;0.00;0.01;0.01;0.00
4979123;121116;233112.46;512251.8559N;091145.7086E;331.428597;0.00;0.01;0.01;0.00
4979170;121116;233113.46;512251.8559N;091145.7086E;331.428597;0.00;0.02;0.02;0.00
4979218;121116;233114.46;512251.8559N;091145.7086E;331.428597;0.00;0.01;0.01;0.00
4979268;121116;233115.46;512251.8559N;091145.7086E;331.428597;0.00;0.01;0.01;0.00
4979317;121116;233116.46;512251.8559N;091145.7086E;331.428597;0.00;0.01;0.01;0.00
4979367;121116;233117.46;512251.8559N;091145.7086E;331.428597;0.00;0.01;0.01;0.00
4979415;121116;233118.45;512251.8559N;091145.7086E;331.428597;0.00;0.01;0.01;0.00
4979465;121116;233119.45;512251.8559N;091145.7086E;331.428597;0.00;0.01;0.01;0.00
4979515;121116;233120.45;512251.8559N;091145.7086E;331.428597;0.00;0.01;0.01;0.00
4979565;121116;233121.46;512251.8559N;091145.7086E;331.428597;0.00;0.01;0.01;0.00
4979614;121116;233122.45;512251.8559N;091145.7086E;331.428597;0.00;0.01;0.01;0.00
4979664;121116;233123.45;512251.8559N;091145.7086E;331.428597;0.00;0.01;0.01;0.00
4979714;121116;233124.46;512251.8559N;091145.7086E;331.428597;0.00;0.01;0.01;0.00
4979764;121116;233125.46;512251.8559N;091145.7086E;331.428597;0.00;0.01;0.01;0.00
4979814;121116;233126.52;512251.8559N;091145.7086E;331.428597;0.00;0.01;0.01;0.00
4979864;121116;233127.46;512251.8559N;091145.7086E;331.428597;0.00;0.01;0.01;0.00
4979914;121116;233128.51;512251.8559N;091145.7086E;331.428597;0.00;0.01;0.01;0.00
4979964;121116;233129.46;512251.8559N;091145.7086E;331.428597;0.00;0.00;0.00;0.00
4980014;121116;233130.46;512251.8559N;091145.7086E;331.428597;0.00;0.01;0.01;0.00
4980064;121116;233131.26;512251.8559N;091145.7086E;331.428597;0.00;0.01;0.01;0.00
4980114;121116;233132.46;512251.8559N;091145.7086E;331.428597;0.00;0.01;0.01;0.00
4980164;121116;233133.50;512251.8559N;091145.7086E;331.428597;0.00;0.01;0.01;0.00
4980214;121116;233134.46;512251.8559N;091145.7086E;331.428597;0.00;0.01;0.01;0.00
4980264;121116;233135.25;512251.8559N;091145.7086E;331.428597;0.00;0.01;0.01;0.00
4980312;121116;233136.45;512251.8559N;091145.7086E;331.428597;0.00;0.01;0.01;0.00
4980362;121116;233137.51;512251.8559N;091145.7086E;331.428597;0.00;0.01;0.01;0.00
4980412;121116;233138.45;512251.8559N;091145.7086E;331.428597;0.00;0.01;0.01;0.00
4980462;121116;233139.51;512251.8559N;091145.7086E;331.428597;0.00;0.01;0.01;0.00
4980512;121116;233140.45;512251.8559N;091145.7086E;331.428597;0.00;0.01;0.01;0.00
4980562;121116;233141.52;512251.8559N;091145.7086E;331.428597;0.00;0.01;0.01;0.00
4980612;121116;233142.46;512251.8559N;091145.7086E;331.428597;0.00;0.01;0.01;0.00
4980662;121116;233143.46;512251.8559N;091145.7086E;331.428597;0.00;0.01;0.01;0.00
4980711;121116;233144.26;512251.8559N;091145.7086E;331.428597;0.00;0.01;0.01;0.00
4980760;121116;233145.46;512251.8559N;091145.7086E;331.428597;0.00;0.01;0.01;0.00
4980809;121116;233146.51;512251.8559N;091145.7086E;331.428597;0.00;0.01;0.01;0.00
4980858;121116;233147.46;512251.8559N;091145.7086E;331.428597;0.00;0.01;0.01;0.00
4980907;121116;233148.51;512251.8559N;091145.7086E;331.428597;0.00;0.01;0.01;0.00
4980956;121116;233149.46;512251.8559N;091145.7086E;331.428597;0.00;0.01;0.01;0.00
4981003;121116;233150.26;512251.8559N;091145.7086E;331.428597;0.00;0.01;0.01;0.00
4981052;121116;233151.46;512251.8559N;091145.7086E;331.428597;0.00;0.01;0.01;0.00
4981102;121116;233152.45;512251.8559N;091145.7086E;331.428597;0.00;0.01;0.01;0.00
4981152;121116;233153.45;512251.8559N;091145.7086E;331.428597;0.00;0.01;0.01;0.00
4981202;121116;233154.45;512251.8559N;091145.7086E;331.428597;0.00;0.01;0.01;0.00
4981249;121116;233155.45;512251.8559N;091145.7086E;331.428597;0.00;0.01;0.01;0.00
4981298;121116;233156.45;512251.8559N;091145.7086E;331.428597;0.00;0.01;0.01;0.00
4981346;121116;233157.45;512251.8559N;091145.7086E;331.428597;0.00;0.00;0.00;0.00
4981395;121116;233158.45;512251.8559N;091145.7086E;331.428597;0.00;0.01;0.01;0.00
4981445;121116;233159.45;512251.8559N;091145.7086E;331.428597;0.00;0.01;0.01;0.00
4981493;121116;233200.45;512251.8559N;091145.7086E;331.428597;0.00;0.01;0.01;0.00
4981542;121116;233201.45;512251.8559N;091145.7086E;331.428597;0.00;0.01;0.01;0.00
4981591;121116;233202.46;512251.8559N;091145.7086E;331.428597;0.00;0.01;0.01;0.00
4981640;121116;233203.46;512251.8559N;091145.7086E;331.428597;0.00;0.01;0.01;0.00
4981685;121116;233204.46;512251.8559N;091145.7086E;331.428597;0.00;0.01;0.01;0.00
4981734;121116;233205.46;512251.8559N;091145.7086E;331.428597;0.00;0.01;0.01;0.00
4981779;121116;233206.46;512251.8559N;091145.7086E;331.428597;0.00;0.01;0.01;0.00
4981828;121116;233207.46;512251.8559N;091145.7086E;331.428597;0.00;0.01;0.01;0.00
4981875;121116;233208.46;512251.8559N;091145.7086E;331.428597;0.00;0.01;0.01;0.00
4981924;121116;233209.46;512251.8559N;091145.7086E;331.428597;0.00;0.01;0.01;0.00
4981973;121116;233210.45;512251.8559N;091145.7086E;331.428597;0.00;0.01;0.01;0.00
4982019;121116;233211.45;512251.8559N;091145.7086E;331.428597;0.00;0.01;0.01;0.00
4982068;121116;233212.45;512251.8559N;091145.7086E;331.428597;0.00;0.01;0.01;0.00
4982117;121116;233213.45;512251.8559N;091145.7086E;331.428597;0.00;0.01;0.01;0.00
4982166;121116;233214.45;512251.8559N;091145.7086E;331.428597;0.00;0.01;0.01;0.00
4982216;121116;233215.45;512251.8559N;091145.7086E;331.428597;0.00;0.01;0.01;0.00
4982266;121116;233216.45;512251.8559N;091145.7086E;331.428597;0.00;0.01;0.01;0.00
4982314;121116;233217.45;512251.8559N;091145.7086E;331.428597;0.00;0.01;0.01;0.00
4982359;121116;233218.45;512251.8559N;091145.7086E;331.428597;0.00;0.01;0.01;0.00
4982407;121116;233219.45;512251.8559N;091145.7086E;331.428597;0.00;0.01;0.01;0.00
4982456;121116;233220.46;512251.8559N;091145.7086E;331.428597;0.00;0.01;0.01;0.00
4982505;121116;233221.46;512251.8559N;091145.7086E;331.428597;0.00;0.01;0.01;0.00
4982554;121116;233222.46;512251.8559N;091145.7086E;331.428597;0.00;0.01;0.01;0.00
4982603;121116;233223.26;512251.8559N;091145.7086E;331.428597;0.00;0.00;0.00;0.00
4982652;121116;233224.46;512251.8559N;091145.7086E;331.428597;0.00;0.01;0.01;0.00
4982701;121116;233225.50;512251.8559N;091145.7086E;331.428597;0.00;0.01;0.01;0.00
4982750;121116;233226.46;512251.8559N;091145.7086E;331.428597;0.00;0.01;0.01;0.00
4982799;121116;233227.45;512251.8559N;091145.7086E;331.428597;0.00;0.01;0.01;0.00
4982849;121116;233228.38;512251.8559N;091145.7086E;331.428597;0.00;0.01;0.01;0.00
4982898;121116;233229.45;512251.8559N;091145.7086E;331.428597;0.00;0.01;0.01;0.00
4982947;121116;233230.38;512251.8559N;091145.7086E;331.428597;0.00;0.01;0.01;0.00
4982997;121116;233231.45;512251.8559N;091145.7086E;331.428597;0.00;0.01;0.01;0.00
4983047;121116;233232.38;512251.8559N;091145.7086E;331.428597;0.00;0.01;0.01;0.00
4983094;121116;233233.45;512251.8559N;091145.7086E;331.428597;0.00;0.01;0.01;0.00
4983143;121116;233234.36;512251.8559N;091145.7086E;331.428597;0.00;0.01;0.01;0.00
4983192;121116;233235.45;512251.8559N;091145.7086E;331.428597;0.00;0.01;0.01;0.00
4983241;121116;233236.25;512251.8559N;091145.7086E;331.428597;0.00;0.01;0.01;0.00
4983290;121116;233237.45;512251.8559N;091145.7086E;331.428597;0.00;0.01;0.01;0.00
4983338;121116;233238.36;512251.8559N;091145.7086E;331.428597;0.00;0.01;0.01;0.00
4983387;121116;233239.46;512251.8559N;091145.7086E;331.428597;0.00;0.01;0.01;0.00
4983436;121116;233240.46;512251.8559N;091145.7086E;331.428597;0.00;0.01;0.01;0.00
4983483;121116;233241.38;512251.8559N;091145.7086E;331.428597;0.00;0.01;0.01;0.00
4983531;121116;233242.46;512251.8559N;091145.7086E;331.428597;0.00;0.01;0.01;0.00
4983580;121116;233243.26;512251.8559N;091145.7086E;331.428597;0.00;0.01;0.01;0.00
4983629;121116;233244.46;512251.8559N;091145.7086E;331.428597;0.00;0.01;0.01;0.00
4983679;121116;233245.37;512251.8559N;091145.7086E;331.428597;0.00;0.01;0.01;0.00
4983729;121116;233246.45;512251.8559N;091145.7086E;331.428597;0.00;0.01;0.01;0.00
4983779;121116;233247.25;512251.8559N;091145.7086E;331.428597;0.00;0.01;0.01;0.00
4983829;121116;233248.45;512251.8559N;091145.7086E;331.428597;0.00;0.01;0.01;0.00
4983879;121116;233249.45;512251.8559N;091145.7086E;331.428597;0.00;0.01;0.01;0.00
4983929;121116;233250.45;512251.8559N;091145.7086E;331.428597;0.00;0.01;0.01;0.00
4983979;121116;233251.45;512251.8559N;091145.7086E;331.428597;0.00;0.00;0.00;0.00
4984029;121116;233252.45;512251.8559N;091145.7086E;331.428597;0.00;0.01;0.01;0.00
4984079;121116;233253.45;512251.8559N;091145.7086E;331.428597;0.00;0.01;0.01;0.00
4984126;121116;233254.45;512251.8559N;091145.7086E;331.428597;0.00;0.01;0.01;0.00
4984176;121116;233255.45;512251.8559N;091145.7086E;331.428597;0.00;0.01;0.01;0.00
4984226;121116;233256.45;512251.8559N;091145.7086E;331.428597;0.00;0.01;0.01;0.00
4984274;121116;233257.45;512251.8559N;091145.7086E;331.428597;0.00;0.01;0.01;0.00
4984324;121116;233258.45;512251.8559N;091145.7086E;331.428597;0.00;0.01;0.01;0.00
4984374;121116;233259.45;512251.8559N;091145.7086E;331.428597;0.00;0.01;0.01;0.00
4984424;121116;233300.46;512251.8559N;091145.7086E;331.428597;0.00;0.01;0.01;0.00
4984473;121116;233301.46;512251.8559N;091145.7086E;331.428597;0.00;0.01;0.01;0.00
4984523;121116;233302.45;512251.8559N;091145.7086E;331.428597;0.00;0.01;0.01;0.00
4984569;121116;233303.45;512251.8559N;091145.7086E;331.428597;0.00;0.01;0.01;0.00
4984619;121116;233304.45;512251.8559N;091145.7086E;331.428597;0.00;0.01;0.01;0.00
4984665;121116;233305.45;512251.8559N;091145.7086E;331.428597;0.00;0.01;0.01;0.00
4984715;121116;233306.45;512251.8559N;091145.7086E;331.428597;0.00;0.01;0.01;0.00
4984762;121116;233307.45;512251.8559N;091145.7086E;331.428597;0.00;0.01;0.01;0.00
4984812;121116;233308.45;512251.8559N;091145.7086E;331.428597;0.00;0.01;0.01;0.00
4984862;121116;233309.45;512251.8559N;091145.7086E;331.428597;0.00;0.01;0.01;0.00
4984910;121116;233310.45;512251.8559N;091145.7086E;331.428597;0.00;0.01;0.01;0.00
4984960;121116;233311.45;512251.8559N;091145.7086E;331.428597;0.00;0.01;0.01;0.00
4985006;121116;233312.45;512251.8559N;091145.7086E;331.428597;0.00;0.01;0.01;0.00
4985056;121116;233313.45;512251.8559N;091145.7086E;331.428597;0.00;0.01;0.01;0.00
4985104;121116;233314.45;512251.8559N;091145.7086E;331.428597;0.00;0.01;0.01;0.00
4985154;121116;233315.45;512251.8559N;091145.7086E;331.428597;0.00;0.01;0.01;0.00
4985204;121116;233316.45;512251.8559N;091145.7086E;331.428597;0.00;0.01;0.01;0.00
4985254;121116;233317.46;512251.8559N;091145.7086E;331.428597;0.00;0.01;0.01;0.00
4985304;121116;233318.45;512251.8559N;091145.7086E;331.428597;0.00;0.01;0.01;0.00
4985354;121116;233319.46;512251.8559N;091145.7086E;331.428597;0.00;0.01;0.01;0.00
4985404;121116;233320.35;512251.8559N;091145.7086E;331.428597;0.00;0.01;0.01;0.00
4985454;121116;233321.45;512251.8559N;091145.7086E;331.428597;0.00;0.01;0.01;0.00
4985505;121116;233322.35;512251.8559N;091145.7086E;331.428597;0.00;0.01;0.01;0.00
4985554;121116;233323.45;512251.8559N;091145.7086E;331.428597;0.00;0.01;0.01;0.00
4985604;121116;233324.45;512251.8559N;091145.7086E;331.428597;0.00;0.01;0.01;0.00
4985654;121116;233325.35;512251.8559N;091145.7086E;331.428597;0.00;0.01;0.01;0.00
4985704;121116;233326.45;512251.8559N;091145.7086E;331.428597;0.00;0.01;0.01;0.00
4985754;121116;233327.35;512251.8559N;091145.7086E;331.428597;0.00;0.01;0.01;0.00
4985804;121116;233328.45;512251.8559N;091145.7086E;331.428597;0.00;0.01;0.01;0.00
4985854;121116;233329.54;512251.8559N;091145.7086E;331.428597;0.00;0.01;0.01;0.00
4985904;121116;233330.45;512251.8559N;091145.7086E;331.428597;0.00;0.01;0.01;0.00
4985955;121116;233331.35;512251.8559N;091145.7086E;331.428597;0.00;0.01;0.01;0.00
4986005;121116;233332.45;512251.8559N;091145.7086E;331.428597;0.00;0.01;0.01;0.00
4986055;121116;233333.35;512251.8559N;091145.7086E;331.428597;0.00;0.01;0.01;0.00
4986105;121116;233334.45;512251.8559N;091145.7086E;331.428597;0.00;0.01;0.01;0.00
4986155;121116;233335.55;512251.8559N;091145.7086E;331.428597;0.00;0.01;0.01;0.00
4986205;121116;233336.45;512251.8559N;091145.7086E;331.428597;0.00;0.01;0.01;0.00
4986255;121116;233337.45;512251.8559N;091145.7086E;331.428597;0.00;0.01;0.01;0.00
4986305;121116;233338.53;512251.8559N;091145.7086E;331.428597;0.00;0.01;0.01;0.00
4986355;121116;233339.45;512251.8559N;091145.7086E;331.428597;0.00;0.01;0.01;0.00
4986405;121116;233340.35;512251.8559N;091145.7086E;331.428597;0.00;0.01;0.01;0.00
4986455;121116;233341.55;512251.8559N;091145.7086E;331.428597;0.00;0.01;0.01;0.00
4986505;121116;233342.55;512251.8559N;091145.7086E;331.428597;0.00;0.01;0.01;0.00
4986555;121116;233343.55;512251.8559N;091145.7086E;331.428597;0.00;0.01;0.01;0.00
4986605;121116;233344.56;512251.8559N;091145.7086E;331.428597;0.00;0.01;0.01;0.00
4986655;121116;233345.55;512251.8559N;091145.7086E;331.428597;0.00;0.01;0.01;0.00
4986705;121116;233346.55;512251.8559N;091145.7086E;331.428597;0.00;0.01;0.01;0.00
4986755;121116;233347.55;512251.8559N;091145.7086E;331.428597;0.00;0.01;0.01;0.00
4986805;121116;233348.55;512251.8559N;091145.7086E;331.428597;0.00;0.01;0.01;0.00
4986855;121116;233349.55;512251.8559N;091145.7086E;331.428597;0.00;0.01;0.01;0.00
4986905;121116;233350.55;512251.8559N;091145.7086E;331.428597;0.00;0.01;0.01;0.00
4986955;121116;233351.55;512251.8559N;091145.7086E;331.428597;0.00;0.01;0.01;0.00
4987005;121116;233352.55;512251.8559N;091145.7086E;331.428597;0.00;0.01;0.01;0.00
4987055;121116;233353.55;512251.8559N;091145.7086E;331.428597;0.00;0.01;0.01;0.00
4987101;121116;233354.55;512251.8559N;091145.7086E;331.428597;0.00;0.01;0.01;0.00
4987151;121116;233355.55;512251.8559N;091145.7086E;331.428597;0.00;0.01;0.01;0.00
4987199;121116;233356.55;512251.8559N;091145.7086E;331.428597;0.00;0.01;0.01;0.00
4987249;121116;233357.55;512251.8559N;091145.7086E;331.428597;0.00;0.01;0.01;0.00
4987293;121116;233358.55;512251.8559N;091145.7086E;331.428597;0.00;0.01;0.01;0.00
4987343;121116;233359.55;512251.8559N;091145.7086E;331.428597;0.00;0.01;0.01;0.00
4987389;121116;233400.55;512251.8559N;091145.7086E;331.428597;0.00;0.01;0.01;0.00
4987439;121116;233401.55;512251.8559N;091145.7086E;331.428597;0.00;0.01;0.01;0.00
4987485;121116;233402.55;512251.8559N;091145.7086E;331.428597;0.00;0.01;0.01;0.00
4987535;121116;233403.55;512251.8559N;091145.7086E;331.428597;0.00;0.01;0.01;0.00
4987582;121116;233404.55;512251.8559N;091145.7086E;331.428597;0.00;0.01;0.01;0.00
4987632;121116;233405.55;512251.8559N;091145.7086E;331.428597;0.00;0.01;0.01;0.00
4987682;121116;233406.55;512251.8559N;091145.7086E;331.428597;0.00;0.01;0.01;0.00
4987730;121116;233407.55;512251.8559N;091145.7086E;331.428597;0.00;0.01;0.01;0.00
4987780;121116;233408.55;512251.8559N;091145.7086E;331.428597;0.00;0.01;0.01;0.00
4987826;121116;233409.55;512251.8559N;091145.7086E;331.428597;0.00;0.01;0.01;0.00
4987876;121116;233410.55;512251.8559N;091145.7086E;331.428597;0.00;0.01;0.01;0.00
4987925;121116;233411.55;512251.8559N;091145.7086E;331.428597;0.00;0.01;0.01;0.00
4987975;121116;233412.55;512251.8559N;091145.7086E;331.428597;0.00;0.01;0.01;0.00
4988025;121116;233413.55;512251.8559N;091145.7086E;331.428597;0.00;0.01;0.01;0.00
4988075;121116;233414.55;512251.8559N;091145.7086E;331.428597;0.00;0.01;0.01;0.00
4988125;121116;233415.55;512251.8559N;091145.7086E;331.428597;0.00;0.01;0.01;0.00
4988175;121116;233416.55;512251.8559N;091145.7086E;331.428597;0.00;0.01;0.01;0.00
4988225;121116;233417.54;512251.8559N;091145.7086E;331.428597;0.00;0.01;0.01;0.00
4988275;121116;233418.55;512251.8559N;091145.7086E;331.428597;0.00;0.01;0.01;0.00
4988325;121116;233419.54;512251.8559N;091145.7086E;331.428597;0.00;-0.00;-0.00;0.00
4988375;121116;233420.55;512251.8559N;091145.7086E;331.428597;0.00;0.01;0.01;0.00
4988425;121116;233421.55;512251.8559N;091145.7086E;331.428597;0.00;0.01;0.01;0.00
4988475;121116;233422.55;512251.8559N;091145.7086E;331.428597;0.00;0.01;0.01;0.00
4988525;121116;233423.55;512251.8559N;091145.7086E;331.428597;0.00;0.01;0.01;0.00
4988575;121116;233424.53;512251.8559N;091145.7086E;331.428597;0.00;0.01;0.01;0.00
4988625;121116;233425.55;512251.8559N;091145.7086E;331.428597;0.00;0.01;0.01;0.00
4988675;121116;233426.55;512251.8559N;091145.7086E;331.428597;0.00;0.01;0.01;0.00
4988725;121116;233427.55;512251.8559N;091145.7086E;331.428597;0.00;0.01;0.01;0.00
4988775;121116;233428.54;512251.8559N;091145.7086E;331.428597;0.00;0.01;0.01;0.00
4988825;121116;233429.55;512251.8559N;091145.7086E;331.428597;0.00;0.01;0.01;0.00
4988875;121116;233430.55;512251.8559N;091145.7086E;331.428597;0.00;0.01;0.01;0.00
4988925;121116;233431.55;512251.8559N;091145.7086E;331.428597;0.00;0.01;0.01;0.00
4988975;121116;233432.51;512251.8559N;091145.7086E;331.428597;0.00;0.01;0.01;0.00
4989025;121116;233433.55;512251.8559N;091145.7086E;331.428597;0.00;0.01;0.01;0.00
4989075;121116;233434.55;512251.8559N;091145.7086E;331.428597;0.00;0.01;0.01;0.00
4989125;121116;233435.55;512251.8559N;091145.7086E;331.428597;0.00;0.01;0.01;0.00
4989175;121116;233436.55;512251.8559N;091145.7086E;331.428597;0.00;0.01;0.01;0.00
4989223;121116;233437.51;512251.8559N;091145.7086E;331.428597;0.00;0.01;0.01;0.00
4989273;121116;233438.55;512251.8559N;091145.7086E;331.428597;0.00;0.01;0.01;0.00
4989323;121116;233439.54;512251.8559N;091145.7086E;331.428597;0.00;0.01;0.01;0.00
4989373;121116;233440.55;512251.8559N;091145.7086E;331.428597;0.00;0.01;0.01;0.00
4989423;121116;233441.54;512251.8559N;091145.7086E;331.428597;0.00;0.01;0.01;0.00
4989473;121116;233442.55;512251.8559N;091145.7086E;331.428597;0.00;0.01;0.01;0.00
4989523;121116;233443.55;512251.8559N;091145.7086E;331.428597;0.00;0.01;0.01;0.00
4989573;121116;233444.55;512251.8559N;091145.7086E;331.428597;0.00;0.01;0.01;0.00
4989623;121116;233445.55;512251.8559N;091145.7086E;331.428597;0.00;0.01;0.01;0.00
4989672;121116;233446.55;512251.8559N;091145.7086E;331.428597;0.00;0.01;0.01;0.00
4989722;121116;233447.55;512251.8559N;091145.7086E;331.428597;0.00;0.01;0.01;0.00
4989772;121116;233448.55;512251.8559N;091145.7086E;331.428597;0.00;0.01;0.01;0.00
4989822;121116;233449.55;512251.8559N;091145.7086E;331.428597;0.00;0.01;0.01;0.00
4989872;121116;233450.55;512251.8559N;091145.7086E;331.428597;0.00;0.01;0.01;0.00
4989920;121116;233451.55;512251.8559N;091145.7086E;331.428597;0.00;0.01;0.01;0.00
4989970;121116;233452.55;512251.8559N;091145.7086E;331.428597;0.00;0.01;0.01;0.00
4990018;121116;233453.55;512251.8559N;091145.7086E;331.428597;0.00;0.01;0.01;0.00
4990068;121116;233454.55;512251.8559N;091145.7086E;331.428597;0.00;0.01;0.01;0.00
4990117;121116;233455.55;512251.8559N;091145.7086E;331.428597;0.00;0.01;0.01;0.00
4990167;121116;233456.55;512251.8559N;091145.7086E;331.428597;0.00;0.01;0.01;0.00
4990214;121116;233457.55;512251.8559N;091145.7086E;331.428597;0.00;0.01;0.01;0.00
4990264;121116;233458.55;512251.8559N;091145.7086E;331.428597;0.00;0.01;0.01;0.00
4990314;121116;233459.55;512251.8559N;091145.7086E;331.428597;0.00;0.01;0.01;0.00
4990364;121116;233500.55;512251.8559N;091145.7086E;331.428597;0.00;0.01;0.01;0.00
4990413;121116;233501.55;512251.8559N;091145.7086E;331.428597;0.00;0.01;0.01;0.00
4990463;121116;233502.55;512251.8559N;091145.7086E;331.428597;0.00;0.01;0.01;0.00
4990512;121116;233503.55;512251.8559N;091145.7086E;331.428597;0.00;0.01;0.01;0.00
4990560;121116;233504.55;512251.8559N;091145.7086E;331.428597;0.00;0.01;0.01;0.00
4990610;121116;233505.55;512251.8559N;091145.7086E;331.428597;0.00;0.01;0.01;0.00
4990658;121116;233506.55;512251.8559N;091145.7086E;331.428597;0.00;0.01;0.01;0.00
4990708;121116;233507.55;512251.8559N;091145.7086E;331.428597;0.00;0.01;0.01;0.00
4990758;121116;233508.55;512251.8559N;091145.7086E;331.428597;0.00;0.01;0.01;0.00
4990808;121116;233509.55;512251.8559N;091145.7086E;331.428597;0.00;0.01;0.01;0.00
4990855;121116;233510.55;512251.8559N;091145.7086E;331.428597;0.00;0.01;0.01;0.00
4990905;121116;233511.55;512251.8559N;091145.7086E;331.428597;0.00;0.01;0.01;0.00
4990955;121116;233512.55;512251.8559N;091145.7086E;331.428597;0.00;0.01;0.01;0.00
4991005;121116;233513.55;512251.8559N;091145.7086E;331.428597;0.00;0.01;0.01;0.00
4991055;121116;233514.53;512251.8559N;091145.7086E;331.428597;0.00;0.01;0.01;0.00
4991105;121116;233515.55;512251.8559N;091145.7086E;331.428597;0.00;0.01;0.01;0.00
4991155;121116;233516.55;512251.8559N;091145.7086E;331.428597;0.00;0.01;0.01;0.00
4991205;121116;233517.55;512251.8559N;091145.7086E;331.428597;0.00;0.01;0.01;0.00
4991255;121116;233518.55;512251.8559N;091145.7086E;331.428597;0.00;0.01;0.01;0.00
4991305;121116;233519.35;512251.8559N;091145.7086E;331.428597;0.00;0.01;0.01;0.00
4991355;121116;233520.55;512251.8559N;091145.7086E;331.428597;0.00;0.01;0.01;0.00
4991405;121116;233521.35;512251.8559N;091145.7086E;331.428597;0.00;0.01;0.01;0.00
4991455;121116;233522.55;512251.8559N;091145.7086E;331.428597;0.00;0.01;0.01;0.00
4991505;121116;233523.55;512251.8559N;091145.7086E;331.428597;0.00;0.01;0.01;0.00
4991555;121116;233524.55;512251.8559N;091145.7086E;331.428597;0.00;0.01;0.01;0.00
4991604;121116;233525.55;512251.8559N;091145.7086E;331.428597;0.00;0.01;0.01;0.00
4991654;121116;233526.55;512251.8559N;091145.7086E;331.428597;0.00;0.01;0.01;0.00
4991704;121116;233527.35;512251.8559N;091145.7086E;331.428597;0.00;0.01;0.01;0.00
4991754;121116;233528.55;512251.8559N;091145.7086E;331.428597;0.00;0.01;0.01;0.00
4991804;121116;233529.54;512251.8559N;091145.7086E;331.428597;0.00;0.01;0.01;0.00
4991854;121116;233530.55;512251.8559N;091145.7086E;331.428597;0.00;0.01;0.01;0.00
4991902;121116;233531.55;512251.8559N;091145.7086E;331.428597;0.00;0.01;0.01;0.00
4991952;121116;233532.53;512251.8559N;091145.7086E;331.428597;0.00;0.01;0.01;0.00
4992002;121116;233533.55;512251.8559N;091145.7086E;331.428597;0.00;0.01;0.01;0.00
4992052;121116;233534.35;512251.8559N;091145.7086E;331.428597;0.00;0.01;0.01;0.00
4992102;121116;233535.55;512251.8559N;091145.7086E;331.428597;0.00;0.01;0.01;0.00
4992152;121116;233536.56;512251.8559N;091145.7086E;331.428597;0.00;0.01;0.01;0.00
4992202;121116;233537.55;512251.8559N;091145.7086E;331.428597;0.00;0.01;0.01;0.00
4992252;121116;233538.55;512251.8559N;091145.7086E;331.428597;0.00;0.01;0.01;0.00
4992302;121116;233539.55;512251.8559N;091145.7086E;331.428597;0.00;0.01;0.01;0.00
4992352;121116;233540.55;512251.8559N;091145.7086E;331.428597;0.00;0.01;0.01;0.00
4992402;121116;233541.55;512251.8559N;091145.7086E;331.428597;0.00;0.01;0.01;0.00
4992452;121116;233542.55;512251.8559N;091145.7086E;331.428597;0.00;0.01;0.01;0.00
4992498;121116;233543.55;512251.8559N;091145.7086E;331.428597;0.00;0.01;0.01;0.00
4992548;121116;233544.55;512251.8559N;091145.7086E;331.428597;0.00;0.01;0.01;0.00
4992595;121116;233545.55;512251.8559N;091145.7086E;331.428597;0.00;0.01;0.01;0.00
4992640;121116;233546.55;512251.8559N;091145.7086E;331.428597;0.00;0.01;0.01;0.00
4992690;121116;233547.55;512251.8559N;091145.7086E;331.428597;0.00;0.01;0.01;0.00
4992738;121116;233548.55;512251.8559N;091145.7086E;331.428597;0.00;0.01;0.01;0.00
4992788;121116;233549.55;512251.8559N;091145.7086E;331.428597;0.00;0.01;0.01;0.00
4992829;121116;233550.55;512251.8559N;091145.7086E;331.428597;0.00;0.01;0.01;0.00
4992879;121116;233551.55;512251.8559N;091145.7086E;331.428597;0.00;0.01;0.01;0.00
4992924;121116;233552.55;512251.8559N;091145.7086E;331.428597;0.00;0.01;0.01;0.00
4992974;121116;233553.55;512251.8559N;091145.7086E;331.428597;0.00;0.01;0.01;0.00
4993020;121116;233554.55;512251.8559N;091145.7086E;331.428597;0.00;0.01;0.01;0.00
4993070;121116;233555.55;512251.8559N;091145.7086E;331.428597;0.00;0.01;0.01;0.00
4993119;121116;233556.55;512251.8559N;091145.7086E;331.428597;0.00;0.01;0.01;0.00
4993169;121116;233557.55;512251.8559N;091145.7086E;331.428597;0.00;0.01;0.01;0.00
4993218;121116;233558.55;512251.8559N;091145.7086E;331.428597;0.00;0.01;0.01;0.00
4993268;121116;233559.55;512251.8559N;091145.7086E;331.428597;0.00;0.01;0.01;0.00
4993318;121116;233600.55;512251.8559N;091145.7086E;331.428597;0.00;0.01;0.01;0.00
4993365;121116;233601.55;512251.8559N;091145.7086E;331.428597;0.00;0.01;0.01;0.00
4993415;121116;233602.55;512251.8559N;091145.7086E;331.428597;0.00;0.01;0.01;0.00
4993462;121116;233603.55;512251.8559N;091145.7086E;331.428597;0.00;0.01;0.01;0.00
4993512;121116;233604.55;512251.8559N;091145.7086E;331.428597;0.00;0.01;0.01;0.00
4993557;121116;233605.55;512251.8559N;091145.7086E;331.428597;0.00;0.01;0.01;0.00
4993607;121116;233606.55;512251.8559N;091145.7086E;331.428597;0.00;0.01;0.01;0.00
4993654;121116;233607.55;512251.8559N;091145.7086E;331.428597;0.00;0.01;0.01;0.00
4993704;121116;233608.55;512251.8559N;091145.7086E;331.428597;0.00;0.01;0.01;0.00
4993754;121116;233609.55;512251.8559N;091145.7086E;331.428597;0.00;0.01;0.01;0.00
4993804;121116;233610.55;512251.8559N;091145.7086E;331.428597;0.00;0.01;0.01;0.00
4993854;121116;233611.57;512251.8559N;091145.7086E;331.428597;0.00;0.01;0.01;0.00
4993904;121116;233612.55;512251.8559N;091145.7086E;331.428597;0.00;0.01;0.01;0.00
4993954;121116;233613.56;512251.8559N;091145.7086E;331.428597;0.00;0.02;0.02;0.00
4994004;121116;233614.55;512251.8559N;091145.7086E;331.428597;0.00;0.01;0.01;0.00
4994054;121116;233615.55;512251.8559N;091145.7086E;331.428597;0.00;0.01;0.01;0.00
4994104;121116;233616.55;512251.8559N;091145.7086E;331.428597;0.00;0.01;0.01;0.00
4994154;121116;233617.55;512251.8559N;091145.7086E;331.428597;0.00;0.01;0.01;0.00
4994204;121116;233618.55;512251.8559N;091145.7086E;331.428597;0.00;0.01;0.01;0.00
4994254;121116;233619.55;512251.8559N;091145.7086E;331.428597;0.00;0.01;0.01;0.00
4994304;121116;233620.54;512251.8559N;091145.7086E;331.428597;0.00;0.01;0.01;0.00
4994351;121116;233621.55;512251.8559N;091145.7086E;331.428597;0.00;0.01;0.01;0.00
4994401;121116;233622.55;512251.8559N;091145.7086E;331.428597;0.00;0.01;0.01;0.00
4994445;121116;233623.55;512251.8559N;091145.7086E;331.428597;0.00;0.01;0.01;0.00
4994495;121116;233624.54;512251.8559N;091145.7086E;331.428597;0.00;0.01;0.01;0.00
4994544;121116;233625.55;512251.8559N;091145.7086E;331.428597;0.00;0.01;0.01;0.00
4994588;121116;233626.53;512251.8559N;091145.7086E;331.428597;0.00;0.01;0.01;0.00
4994638;121116;233627.55;512251.8559N;091145.7086E;331.428597;0.00;0.01;0.01;0.00
4994688;121116;233628.55;512251.8559N;091145.7086E;331.428597;0.00;0.01;0.01;0.00
4994738;121116;233629.55;512251.8559N;091145.7086E;331.428597;0.00;0.01;0.01;0.00
4994788;121116;233630.55;512251.8559N;091145.7086E;331.428597;0.00;0.01;0.01;0.00
4994838;121116;233631.55;512251.8559N;091145.7086E;331.428597;0.00;0.01;0.01;0.00
4994888;121116;233632.55;512251.8559N;091145.7086E;331.428597;0.00;0.01;0.01;0.00
4994938;121116;233633.55;512251.8559N;091145.7086E;331.428597;0.00;0.01;0.01;0.00
4994988;121116;233634.55;512251.8559N;091145.7086E;331.428597;0.00;0.01;0.01;0.00
4995038;121116;233635.55;512251.8559N;091145.7086E;331.428597;0.00;0.02;0.02;0.00
4995088;121116;233636.55;512251.8559N;091145.7086E;331.428597;0.00;0.01;0.01;0.00
4995138;121116;233637.55;512251.8559N;091145.7086E;331.428597;0.00;0.01;0.01;0.00
4995188;121116;233638.55;512251.8559N;091145.7086E;331.428597;0.00;0.01;0.01;0.00
4995238;121116;233639.55;512251.8559N;091145.7086E;331.428597;0.00;0.01;0.01;0.00
4995286;121116;233640.55;512251.8559N;091145.7086E;331.428597;0.00;0.01;0.01;0.00
4995336;121116;233641.55;512251.8559N;091145.7086E;331.428597;0.00;0.01;0.01;0.00
4995386;121116;233642.55;512251.8559N;091145.7086E;331.428597;0.00;0.01;0.01;0.00
4995436;121116;233643.55;512251.8559N;091145.7086E;331.428597;0.00;0.01;0.01;0.00
4995486;121116;233644.55;512251.8559N;091145.7086E;331.428597;0.00;0.01;0.01;0.00
4995533;121116;233645.55;512251.8559N;091145.7086E;331.428597;0.00;0.01;0.01;0.00
4995583;121116;233646.55;512251.8559N;091145.7086E;331.428597;0.00;0.01;0.01;0.00
4995633;121116;233647.55;512251.8559N;091145.7086E;331.428597;0.00;0.01;0.01;0.00
4995683;121116;233648.55;512251.8559N;091145.7086E;331.428597;0.00;0.01;0.01;0.00
4995733;121116;233649.55;512251.8559N;091145.7086E;331.428597;0.00;0.01;0.01;0.00
4995783;121116;233650.55;512251.8559N;091145.7086E;331.428597;0.00;0.01;0.01;0.00
4995832;121116;233651.55;512251.8559N;091145.7086E;331.428597;0.00;0.01;0.01;0.00
4995882;121116;233652.55;512251.8559N;091145.7086E;331.428597;0.00;0.01;0.01;0.00
4995931;121116;233653.55;512251.8559N;091145.7086E;331.428597;0.00;0.01;0.01;0.00
4995981;121116;233654.55;512251.8559N;091145.7086E;331.428597;0.00;0.01;0.01;0.00
4996027;121116;233655.55;512251.8559N;091145.7086E;331.428597;0.00;0.01;0.01;0.00
4996076;121116;233656.55;512251.8559N;091145.7086E;331.428597;0.00;0.01;0.01;0.00
4996126;121116;233657.55;512251.8559N;091145.7086E;331.428597;0.00;0.01;0.01;0.00
4996174;121116;233658.55;512251.8559N;091145.7086E;331.428597;0.00;0.01;0.01;0.00
4996224;121116;233659.55;512251.8559N;091145.7086E;331.428597;0.00;0.01;0.01;0.00
4996273;121116;233700.55;512251.8559N;091145.7086E;331.428597;0.00;0.01;0.01;0.00
4996323;121116;233701.55;512251.8559N;091145.7086E;331.428597;0.00;0.01;0.01;0.00
4996373;121116;233702.55;512251.8559N;091145.7086E;331.428597;0.00;0.01;0.01;0.00
4996423;121116;233703.55;512251.8559N;091145.7086E;331.428597;0.00;0.01;0.01;0.00
4996472;121116;233704.55;512251.8559N;091145.7086E;331.428597;0.00;0.01;0.01;0.00
4996522;121116;233705.55;512251.8559N;091145.7086E;331.428597;0.00;0.01;0.01;0.00
4996572;121116;233706.55;512251.8559N;091145.7086E;331.428597;0.00;0.01;0.01;0.00
4996621;121116;233707.55;512251.8559N;091145.7086E;331.428597;0.00;0.01;0.01;0.00
4996670;121116;233708.55;512251.8559N;091145.7086E;331.428597;0.00;0.01;0.01;0.00
4996720;121116;233709.55;512251.8559N;091145.7086E;331.428597;0.00;0.01;0.01;0.00
4996771;121116;233710.55;512251.8559N;091145.7086E;331.428597;0.00;-0.01;-0.01;0.00
4996820;121116;233711.55;512251.8559N;091145.7086E;331.428597;0.00;0.01;0.01;0.00
4996870;121116;233712.55;512251.8559N;091145.7086E;331.428597;0.00;0.01;0.01;0.00
4996920;121116;233713.55;512251.8559N;091145.7086E;331.428597;0.00;0.01;0.01;0.00
4996970;121116;233714.55;512251.8559N;091145.7086E;331.428597;0.00;0.01;0.01;0.00
4997019;121116;233715.56;512251.8559N;091145.7086E;331.428597;0.00;0.01;0.01;0.00
4997069;121116;233716.55;512251.8559N;091145.7086E;331.428597;0.00;0.01;0.01;0.00
4997118;121116;233717.55;512251.8559N;091145.7086E;331.428597;0.00;0.01;0.01;0.00
4997167;121116;233718.55;512251.8559N;091145.7086E;331.428597;0.00;0.01;0.01;0.00
4997216;121116;233719.36;512251.8559N;091145.7086E;331.428597;0.00;0.01;0.01;0.00
4997265;121116;233720.55;512251.8559N;091145.7086E;331.428597;0.00;0.01;0.01;0.00
4997314;121116;233721.56;512251.8559N;091145.7086E;331.428597;0.00;0.01;0.01;0.00
4997363;121116;233722.55;512251.8559N;091145.7086E;331.428597;0.00;0.01;0.01;0.00
4997412;121116;233723.56;512251.8559N;091145.7086E;331.428597;0.00;0.01;0.01;0.00
4997461;121116;233724.55;512251.8559N;091145.7086E;331.428597;0.00;0.01;0.01;0.00
4997511;121116;233725.55;512251.8559N;091145.7086E;331.428597;0.00;0.01;0.01;0.00
4997558;121116;233726.55;512251.8559N;091145.7086E;331.428597;0.00;0.01;0.01;0.00
4997608;121116;233727.55;512251.8559N;091145.7086E;331.428597;0.00;0.01;0.01;0.00
4997658;121116;233728.57;512251.8559N;091145.7086E;331.428597;0.00;0.01;0.01;0.00
4997708;121116;233729.55;512251.8559N;091145.7086E;331.428597;0.00;0.01;0.01;0.00
4997758;121116;233730.55;512251.8559N;091145.7086E;331.428597;0.00;0.01;0.01;0.00
4997808;121116;233731.55;512251.8559N;091145.7086E;331.428597;0.00;0.01;0.01;0.00
4997857;121116;233732.54;512251.8559N;091145.7086E;331.428597;0.00;0.01;0.01;0.00
4997906;121116;233733.55;512251.8559N;091145.7086E;331.428597;0.00;0.01;0.01;0.00
4997955;121116;233734.55;512251.8559N;091145.7086E;331.428597;0.00;0.01;0.01;0.00
4997999;121116;233735.55;512251.8559N;091145.7086E;331.428597;0.00;0.01;0.01;0.00
4998048;121116;233736.55;512251.8559N;091145.7086E;331.428597;0.00;0.00;0.00;0.00
4998094;121116;233737.55;512251.8559N;091145.7086E;331.428597;0.00;0.01;0.01;0.00
4998143;121116;233738.55;512251.8559N;091145.7086E;331.428597;0.00;0.01;0.01;0.00
4998189;121116;233739.55;512251.8559N;091145.7086E;331.428597;0.00;0.00;0.00;0.00
4998238;121116;233740.55;512251.8559N;091145.7086E;331.428597;0.00;0.01;0.01;0.00
4998287;121116;233741.55;512251.8559N;091145.7086E;331.428597;0.00;0.01;0.01;0.00
4998335;121116;233742.55;512251.8559N;091145.7086E;331.428597;0.00;0.01;0.01;0.00
4998385;121116;233743.55;512251.8559N;091145.7086E;331.428597;0.00;0.01;0.01;0.00
4998435;121116;233744.55;512251.8559N;091145.7086E;331.428597;0.00;0.01;0.01;0.00
4998485;121116;233745.55;512251.8559N;091145.7086E;331.428597;0.00;0.01;0.01;0.00
4998534;121116;233746.55;512251.8559N;091145.7086E;331.428597;0.00;0.01;0.01;0.00
4998584;121116;233747.55;512251.8559N;091145.7086E;331.428597;0.00;0.01;0.01;0.00
4998633;121116;233748.55;512251.8559N;091145.7086E;331.428597;0.00;0.01;0.01;0.00
4998682;121116;233749.55;512251.8559N;091145.7086E;331.428597;0.00;0.01;0.01;0.00
4998730;121116;233750.55;512251.8559N;091145.7086E;331.428597;0.00;0.01;0.01;0.00
4998779;121116;233751.55;512251.8559N;091145.7086E;331.428597;0.00;0.01;0.01;0.00
4998826;121116;233752.55;512251.8559N;091145.7086E;331.428597;0.00;0.01;0.01;0.00
4998875;121116;233753.55;512251.8559N;091145.7086E;331.428597;0.00;0.01;0.01;0.00
4998924;121116;233754.55;512251.8559N;091145.7086E;331.428597;0.00;0.01;0.01;0.00
4998973;121116;233755.55;512251.8559N;091145.7086E;331.428597;0.00;0.01;0.01;0.00
4999022;121116;233756.55;512251.8559N;091145.7086E;331.428597;0.00;0.01;0.01;0.00
4999066;121116;233757.55;512251.8559N;091145.7086E;331.428597;0.00;0.01;0.01;0.00
4999115;121116;233758.55;512251.8559N;091145.7086E;331.428597;0.00;0.01;0.01;0.00
4999159;121116;233759.55;512251.8559N;091145.7086E;331.428597;0.00;0.01;0.01;0.00
4999209;121116;233800.55;512251.8559N;091145.7086E;331.428597;0.00;0.01;0.01;0.00
4999256;121116;233801.55;512251.8559N;091145.7086E;331.428597;0.00;0.01;0.01;0.00
4999305;121116;233802.55;512251.8559N;091145.7086E;331.428597;0.00;0.01;0.01;0.00
4999355;121116;233803.55;512251.8559N;091145.7086E;331.428597;0.00;0.01;0.01;0.00
4999405;121116;233804.55;512251.8559N;091145.7086E;331.428597;0.00;0.01;0.01;0.00
4999454;121116;233805.55;512251.8559N;091145.7086E;331.428597;0.00;0.01;0.01;0.00
4999503;121116;233806.55;512251.8559N;091145.7086E;331.428597;0.00;0.01;0.01;0.00
4999552;121116;233807.56;512251.8559N;091145.7086E;331.428597;0.00;0.01;0.01;0.00
4999601;121116;233808.55;512251.8559N;091145.7086E;331.428597;0.00;0.01;0.01;0.00
4999650;121116;233809.55;512251.8559N;091145.7086E;331.428597;0.00;0.01;0.01;0.00
4999699;121116;233810.55;512251.8559N;091145.7086E;331.428597;0.00;0.01;0.01;0.00
4999748;121116;233811.55;512251.8559N;091145.7086E;331.428597;0.00;0.01;0.01;0.00
4999795;121116;233812.55;512251.8559N;091145.7086E;331.428597;0.00;0.01;0.01;0.00
4999844;121116;233813.55;512251.8559N;091145.7086E;331.428597;0.00;0.01;0.01;0.00
4999893;121116;233814.36;512251.8559N;091145.7086E;331.428597;0.00;0.01;0.01;0.00
4999942;121116;233815.55;512251.8559N;091145.7086E;331.428597;0.00;0.01;0.01;0.00
4999991;121116;233816.55;512251.8559N;091145.7086E;331.428597;0.00;0.01;0.01;0.00
5000041;121116;233817.55;512251.8559N;091145.7086E;331.428597;0.00;0.01;0.01;0.00
5000091;121116;233818.52;512251.8559N;091145.7086E;331.428597;0.00;0.01;0.01;0.00
5000140;121116;233819.55;512251.8559N;091145.7086E;331.428597;0.00;0.01;0.01;0.00
5000190;121116;233820.56;512251.8559N;091145.7086E;331.428597;0.00;0.01;0.01;0.00
5000240;121116;233821.55;512251.8559N;091145.7086E;331.428597;0.00;0.01;0.01;0.00
5000290;121116;233822.55;512251.8559N;091145.7086E;331.428597;0.00;0.01;0.01;0.00
5000340;121116;233823.56;512251.8559N;091145.7086E;331.428597;0.00;0.01;0.01;0.00
5000389;121116;233824.55;512251.8559N;091145.7086E;331.428597;0.00;0.01;0.01;0.00
5000439;121116;233825.55;512251.8559N;091145.7086E;331.428597;0.00;0.01;0.01;0.00
5000489;121116;233826.55;512251.8559N;091145.7086E;331.428597;0.00;0.01;0.01;0.00
5000539;121116;233827.56;512251.8559N;091145.7086E;331.428597;0.00;0.01;0.01;0.00
5000588;121116;233828.55;512251.8559N;091145.7086E;331.428597;0.00;0.01;0.01;0.00
5000638;121116;233829.57;512251.8559N;091145.7086E;331.428597;0.00;0.01;0.01;0.00
5000687;121116;233830.55;512251.8559N;091145.7086E;331.428597;0.00;0.01;0.01;0.00
5000737;121116;233831.55;512251.8559N;091145.7086E;331.428597;0.00;0.01;0.01;0.00
5000787;121116;233832.55;512251.8559N;091145.7086E;331.428597;0.00;0.01;0.01;0.00
5000836;121116;233833.55;512251.8559N;091145.7086E;331.428597;0.00;0.01;0.01;0.00
5000884;121116;233834.55;512251.8559N;091145.7086E;331.428597;0.00;0.01;0.01;0.00
5000934;121116;233835.55;512251.8559N;091145.7086E;331.428597;0.00;0.01;0.01;0.00
5000983;121116;233836.55;512251.8559N;091145.7086E;331.428597;0.00;0.01;0.01;0.00
5001033;121116;233837.55;512251.8559N;091145.7086E;331.428597;0.00;0.01;0.01;0.00
5001083;121116;233838.55;512251.8559N;091145.7086E;331.428597;0.00;0.01;0.01;0.00
5001133;121116;233839.55;512251.8559N;091145.7086E;331.428597;0.00;0.01;0.01;0.00
5001183;121116;233840.55;512251.8559N;091145.7086E;331.428597;0.00;0.01;0.01;0.00
5001230;121116;233841.55;512251.8559N;091145.7086E;331.428597;0.00;0.01;0.01;0.00
5001279;121116;233842.55;512251.8559N;091145.7086E;331.428597;0.00;0.01;0.01;0.00
5001325;121116;233843.55;512251.8559N;091145.7086E;331.428597;0.00;0.01;0.01;0.00
5001375;121116;233844.55;512251.8559N;091145.7086E;331.428597;0.00;0.01;0.01;0.00
5001423;121116;233845.55;512251.8559N;091145.7086E;331.428597;0.00;0.01;0.01;0.00
5001473;121116;233846.55;512251.8559N;091145.7086E;331.428597;0.00;0.01;0.01;0.00
5001518;121116;233847.55;512251.8559N;091145.7086E;331.428597;0.00;0.01;0.01;0.00
5001568;121116;233848.55;512251.8559N;091145.7086E;331.428597;0.00;0.01;0.01;0.00
5001614;121116;233849.55;512251.8559N;091145.7086E;331.428597;0.00;0.01;0.01;0.00
5001664;121116;233850.55;512251.8559N;091145.7086E;331.428597;0.00;0.01;0.01;0.00
5001714;121116;233851.55;512251.8559N;091145.7086E;331.428597;0.00;0.01;0.01;0.00
5001764;121116;233852.55;512251.8559N;091145.7086E;331.428597;0.00;0.01;0.01;0.00
5001814;121116;233853.55;512251.8559N;091145.7086E;331.428597;0.00;0.01;0.01;0.00
5001864;121116;233854.55;512251.8559N;091145.7086E;331.428597;0.00;0.01;0.01;0.00
5001914;121116;233855.55;512251.8559N;091145.7086E;331.428597;0.00;0.01;0.01;0.00
5001964;121116;233856.55;512251.8559N;091145.7086E;331.428597;0.00;0.01;0.01;0.00
5002014;121116;233857.55;512251.8559N;091145.7086E;331.428597;0.00;0.01;0.01;0.00
5002064;121116;233858.55;512251.8559N;091145.7086E;331.428597;0.00;0.01;0.01;0.00
5002114;121116;233859.55;512251.8559N;091145.7086E;331.428597;0.00;0.01;0.01;0.00
5002163;121116;233900.55;512251.8559N;091145.7086E;331.428597;0.00;0.01;0.01;0.00
5002213;121116;233901.55;512251.8559N;091145.7086E;331.428597;0.00;0.01;0.01;0.00
5002263;121116;233902.57;512251.8559N;091145.7086E;331.428597;0.00;0.01;0.01;0.00
5002313;121116;233903.55;512251.8559N;091145.7086E;331.428597;0.00;0.01;0.01;0.00
5002360;121116;233904.35;512251.8559N;091145.7086E;331.428597;0.00;0.01;0.01;0.00
5002410;121116;233905.55;512251.8559N;091145.7086E;331.428597;0.00;0.01;0.01;0.00
5002460;121116;233906.55;512251.8559N;091145.7086E;331.428597;0.00;0.01;0.01;0.00
5002510;121116;233907.35;512251.8559N;091145.7086E;331.428597;0.00;0.01;0.01;0.00
5002560;121116;233908.55;512251.8559N;091145.7086E;331.428597;0.00;0.01;0.01;0.00
5002610;121116;233909.35;512251.8559N;091145.7086E;331.428597;0.00;0.01;0.01;0.00
5002660;121116;233910.55;512251.8559N;091145.7086E;331.428597;0.00;0.01;0.01;0.00
5002711;121116;233911.35;512251.8559N;091145.7086E;331.428597;0.00;0.01;0.01;0.00
5002761;121116;233912.55;512251.8559N;091145.7086E;331.428597;0.00;0.01;0.01;0.00
5002811;121116;233913.35;512251.8559N;091145.7086E;331.428597;0.00;0.01;0.01;0.00
5002861;121116;233914.55;512251.8559N;091145.7086E;331.428597;0.00;0.01;0.01;0.00
5002911;121116;233915.35;512251.8559N;091145.7086E;331.428597;0.00;0.01;0.01;0.00
5002955;121116;233916.55;512251.8559N;091145.7086E;331.428597;0.00;0.01;0.01;0.00
5003005;121116;233917.60;512251.8559N;091145.7086E;331.428597;0.00;0.01;0.01;0.00
5003055;121116;233918.55;512251.8559N;091145.7086E;331.428597;0.00;0.01;0.01;0.00
5003105;121116;233919.55;512251.8559N;091145.7086E;331.428597;0.00;0.01;0.01;0.00
5003155;121116;233920.35;512251.8559N;091145.7086E;331.428597;0.00;0.01;0.01;0.00
5003205;121116;233921.55;512251.8559N;091145.7086E;331.428597;0.00;0.01;0.01;0.00
5003255;121116;233922.59;512251.8559N;091145.7086E;331.428597;0.00;0.01;0.01;0.00
5003305;121116;233923.55;512251.8559N;091145.7086E;331.428597;0.00;0.01;0.01;0.00
5003355;121116;233924.59;512251.8559N;091145.7086E;331.428597;0.00;0.01;0.01;0.00
5003405;121116;233925.55;512251.8559N;091145.7086E;331.428597;0.00;0.01;0.01;0.00
5003455;121116;233926.58;512251.8559N;091145.7086E;331.428597;0.00;0.02;0.02;0.00
5003505;121116;233927.55;512251.8559N;091145.7086E;331.428597;0.00;0.01;0.01;0.00
5003555;121116;233928.55;512251.8559N;091145.7086E;331.428597;0.00;0.01;0.01;0.00
5003605;121116;233929.55;512251.8559N;091145.7086E;331.428597;0.00;0.01;0.01;0.00
5003655;121116;233930.55;512251.8559N;091145.7086E;331.428597;0.00;0.01;0.01;0.00
5003705;121116;233931.55;512251.8559N;091145.7086E;331.428597;0.00;0.01;0.01;0.00
5003755;121116;233932.55;512251.8559N;091145.7086E;331.428597;0.00;0.01;0.01;0.00
5003804;121116;233933.55;512251.8559N;091145.7086E;331.428597;0.00;0.01;0.01;0.00
5003854;121116;233934.55;512251.8559N;091145.7086E;331.428597;0.00;0.01;0.01;0.00
5003904;121116;233935.55;512251.8559N;091145.7086E;331.428597;0.00;0.01;0.01;0.00
5003953;121116;233936.55;512251.8559N;091145.7086E;331.428597;0.00;0.01;0.01;0.00
5004003;121116;233937.55;512251.8559N;091145.7086E;331.428597;0.00;0.01;0.01;0.00
5004052;121116;233938.55;512251.8559N;091145.7086E;331.428597;0.00;0.01;0.01;0.00
5004102;121116;233939.55;512251.8559N;091145.7086E;331.428597;0.00;0.01;0.01;0.00
5004152;121116;233940.55;512251.8559N;091145.7086E;331.428597;0.00;0.01;0.01;0.00
5004202;121116;233941.55;512251.8559N;091145.7086E;331.428597;0.00;0.01;0.01;0.00
5004252;121116;233942.55;512251.8559N;091145.7086E;331.428597;0.00;0.01;0.01;0.00
5004302;121116;233943.55;512251.8559N;091145.7086E;331.428597;0.00;0.01;0.01;0.00
5004352;121116;233944.55;512251.8559N;091145.7086E;331.428597;0.00;0.01;0.01;0.00
5004402;121116;233945.55;512251.8559N;091145.7086E;331.428597;0.00;0.01;0.01;0.00
5004452;121116;233946.55;512251.8559N;091145.7086E;331.428597;0.00;0.01;0.01;0.00
5004502;121116;233947.55;512251.8559N;091145.7086E;331.428597;0.00;0.01;0.01;0.00
5004552;121116;233948.55;512251.8559N;091145.7086E;331.428597;0.00;0.01;0.01;0.00
5004602;121116;233949.55;512251.8559N;091145.7086E;331.428597;0.00;0.01;0.01;0.00
5004652;121116;233950.55;512251.8559N;091145.7086E;331.428597;0.00;0.01;0.01;0.00
5004702;121116;233951.55;512251.8559N;091145.7086E;331.428597;0.00;0.01;0.01;0.00
5004752;121116;233952.55;512251.8559N;091145.7086E;331.428597;0.00;0.01;0.01;0.00
5004802;121116;233953.55;512251.8559N;091145.7086E;331.428597;0.00;0.01;0.01;0.00
5004852;121116;233954.55;512251.8559N;091145.7086E;331.428597;0.00;0.01;0.01;0.00
5004902;121116;233955.55;512251.8559N;091145.7086E;331.428597;0.00;0.01;0.01;0.00
5004952;121116;233956.55;512251.8559N;091145.7086E;331.428597;0.00;0.01;0.01;0.00
5005002;121116;233957.55;512251.8559N;091145.7086E;331.428597;0.00;0.01;0.01;0.00
5005052;121116;233958.55;512251.8559N;091145.7086E;331.428597;0.00;0.01;0.01;0.00
5005102;121116;233959.35;512251.8559N;091145.7086E;331.428597;0.00;0.01;0.01;0.00
