4945907;121116;232000.26;512251.8559N;091145.7086E;331.428597;0.00;0.01;0.01;0.00
4945950;121116;232001.26;512251.8559N;091145.7086E;331.428597;0.00;0.01;0.01;0.00
4946000;121116;232002.16;512251.8559N;091145.7086E;331.428597;0.00;0.01;0.01;0.00
4946049;121116;232003.36;512251.8559N;091145.7086E;331.428597;0.00;0.00;0.00;0.00
4946099;121116;232004.39;512251.8559N;091145.7086E;331.428597;0.00;0.00;0.00;0.00
4946148;121116;232005.36;512251.8559N;091145.7086E;331.428597;0.00;0.00;0.00;0.00
4946197;121116;232006.36;512251.8559N;091145.7086E;331.428597;0.00;0.01;0.01;0.00
4946242;121116;232007.16;512251.8559N;091145.7086E;331.428597;0.00;0.01;0.01;0.00
4946292;121116;232008.36;512251.8559N;091145.7086E;331.428597;0.00;0.01;0.01;0.00
4946341;121116;232009.16;512251.8559N;091145.7086E;331.428597;0.00;0.01;0.01;0.00
4946391;121116;232010.36;512251.8559N;091145.7086E;331.428597;0.00;0.01;0.01;0.00
4946441;121116;232011.16;512251.8559N;091145.7086E;331.428597;0.00;0.01;0.01;0.00
4946490;121116;232012.36;512251.8559N;091145.7086E;331.428597;0.00;0.01;0.01;0.00
4946540;121116;232013.40;512251.8559N;091145.7086E;331.428597;0.00;0.01;0.01;0.00
4946589;121116;232014.36;512251.8559N;091145.7086E;331.428597;0.00;0.01;0.01;0.00
4946639;121116;232015.16;512251.8559N;091145.7086E;331.428597;0.00;0.01;0.01;0.00
4946689;121116;232016.36;512251.8559N;091145.7086E;331.428597;0.00;0.01;0.01;0.00
4946739;121116;232017.16;512251.8559N;091145.7086E;331.428597;0.00;0.01;0.01;0.00
4946789;121116;232018.36;512251.8559N;091145.7086E;331.428597;0.00;0.01;0.01;0.00
4946838;121116;232019.36;512251.8559N;091145.7086E;331.428597;0.00;0.01;0.01;0.00
4946887;121116;232020.16;512251.8559N;091145.7086E;331.428597;0.00;0.01;0.01;0.00
4946936;121116;232021.36;512251.8559N;091145.7086E;331.428597;0.00;0.01;0.01;0.00
4946986;121116;232022.26;512251.8559N;091145.7086E;331.428597;0.00;0.01;0.01;0.00
4947035;121116;232023.36;512251.8559N;091145.7086E;331.428597;0.00;0.01;0.01;0.00
4947084;121116;232024.26;512251.8559N;091145.7086E;331.428597;0.00;0.01;0.01;0.00
4947133;121116;232025.36;512251.8559N;091145.7086E;331.428597;0.00;0.01;0.01;0.00
4947183;121116;232026.26;512251.8559N;091145.7086E;331.428597;0.00;0.01;0.01;0.00
4947232;121116;232027.36;512251.8559N;091145.7086E;331.428597;0.00;0.01;0.01;0.00
4947281;121116;232028.36;512251.8559N;091145.7086E;331.428597;0.00;0.01;0.01;0.00
4947330;121116;232029.36;512251.8559N;091145.7086E;331.428597;0.00;0.01;0.01;0.00
4947379;121116;232030.36;512251.8559N;091145.7086E;331.428597;0.00;0.01;0.01;0.00
4947429;121116;232031.36;512251.8559N;091145.7086E;331.428597;0.00;0.00;0.00;0.00
4947479;121116;232032.36;512251.8559N;091145.7086E;331.428597;0.00;0.01;0.01;0.00
4947526;121116;232033.36;512251.8559N;091145.7086E;331.428597;0.00;0.01;0.01;0.00
4947576;121116;232034.36;512251.8559N;091145.7086E;331.428597;0.00;0.01;0.01;0.00
4947626;121116;232035.36;512251.8559N;091145.7086E;331.428597;0.00;0.01;0.01;0.00
4947673;121116;232036.36;512251.8559N;091145.7086E;331.428597;0.00;0.01;0.01;0.00
4947723;121116;232037.36;512251.8559N;091145.7086E;331.428597;0.00;0.01;0.01;0.00
4947771;121116;232038.36;512251.8559N;091145.7086E;331.428597;0.00;0.01;0.01;0.00
4947820;121116;232039.36;512251.8559N;091145.7086E;331.428597;0.00;0.01;0.01;0.00
4947866;121116;232040.36;512251.8559N;091145.7086E;331.428597;0.00;0.01;0.01;0.00
4947915;121116;232041.36;512251.8559N;091145.7086E;331.428597;0.00;0.01;0.01;0.00
4947964;121116;232042.36;512251.8559N;091145.7086E;331.428597;0.00;0.01;0.01;0.00
4948013;121116;232043.37;512251.8559N;091145.7086E;331.428597;0.00;0.01;0.01;0.00
4948060;121116;232044.37;512251.8559N;091145.7086E;331.428597;0.00;0.01;0.01;0.00
4948109;121116;232045.37;512251.8559N;091145.7086E;331.428597;0.00;0.01;0.01;0.00
4948158;121116;232046.37;512251.8559N;091145.7086E;331.428597;0.00;0.01;0.01;0.00
4948207;121116;232047.37;512251.8559N;091145.7086E;331.428597;0.00;0.01;0.01;0.00
4948256;121116;232048.37;512251.8559N;091145.7086E;331.428597;0.00;0.01;0.01;0.00
4948304;121116;232049.37;512251.8559N;091145.7086E;331.428597;0.00;0.01;0.01;0.00
4948353;121116;232050.37;512251.8559N;091145.7086E;331.428597;0.00;0.01;0.01;0.00
4948403;121116;232051.37;512251.8559N;091145.7086E;331.428597;0.00;0.01;0.01;0.00
4948453;121116;232052.37;512251.8559N;091145.7086E;331.428597;0.00;0.01;0.01;0.00
4948500;121116;232053.37;512251.8559N;091145.7086E;331.428597;0.00;0.01;0.01;0.00
4948550;121116;232054.37;512251.8559N;091145.7086E;331.428597;0.00;0.01;0.01;0.00
4948596;121116;232055.37;512251.8559N;091145.7086E;331.428597;0.00;0.01;0.01;0.00
4948645;121116;232056.37;512251.8559N;091145.7086E;331.428597;0.00;0.01;0.01;0.00
4948694;121116;232057.37;512251.8559N;091145.7086E;331.428597;0.00;0.01;0.01;0.00
4948743;121116;232058.37;512251.8559N;091145.7086E;331.428597;0.00;0.01;0.01;0.00
4948792;121116;232059.26;512251.8559N;091145.7086E;331.428597;0.00;0.00;0.00;0.00
4948841;121116;232100.37;512251.8559N;091145.7086E;331.428597;0.00;0.00;0.00;0.00
4948890;121116;232101.26;512251.8559N;091145.7086E;331.428597;0.00;0.00;0.00;0.00
4948939;121116;232102.37;512251.8559N;091145.7086E;331.428597;0.00;0.00;0.00;0.00
4948988;121116;232103.37;512251.8559N;091145.7086E;331.428597;0.00;0.01;0.01;0.00
4949037;121116;232104.26;512251.8559N;091145.7086E;331.428597;0.00;0.01;0.01;0.00
4949086;121116;232105.37;512251.8559N;091145.7086E;331.428597;0.00;0.01;0.01;0.00
4949132;121116;232106.41;512251.8559N;091145.7086E;331.428597;0.00;0.01;0.01;0.00
4949182;121116;232107.37;512251.8559N;091145.7086E;331.428597;0.00;0.01;0.01;0.00
4949231;121116;232108.26;512251.8559N;091145.7086E;331.428597;0.00;0.01;0.01;0.00
4949281;121116;232109.37;512251.8559N;091145.7086E;331.428597;0.00;0.01;0.01;0.00
4949330;121116;232110.26;512251.8559N;091145.7086E;331.428597;0.00;0.01;0.01;0.00
4949378;121116;232111.37;512251.8559N;091145.7086E;331.428597;0.00;0.01;0.01;0.00
4949428;121116;232112.26;512251.8559N;091145.7086E;331.428597;0.00;0.01;0.01;0.00
4949478;121116;232113.36;512251.8559N;091145.7086E;331.428597;0.00;0.01;0.01;0.00
4949528;121116;232114.44;512251.8559N;091145.7086E;331.428597;0.00;0.01;0.01;0.00
4949578;121116;232115.36;512251.8559N;091145.7086E;331.428597;0.00;0.01;0.01;0.00
4949628;121116;232116.36;512251.8559N;091145.7086E;331.428597;0.00;0.01;0.01;0.00
4949678;121116;232117.44;512251.8559N;091145.7086E;331.428597;0.00;0.01;0.01;0.00
4949728;121116;232118.36;512251.8559N;091145.7086E;331.428597;0.00;0.01;0.01;0.00
4949778;121116;232119.26;512251.8559N;091145.7086E;331.428597;0.00;0.01;0.01;0.00
4949828;121116;232120.36;512251.8559N;091145.7086E;331.428597;0.00;0.01;0.01;0.00
4949879;121116;232121.43;512251.8559N;091145.7086E;331.428597;0.00;0.01;0.01;0.00
4949929;121116;232122.46;512251.8559N;091145.7086E;331.428597;0.00;0.01;0.01;0.00
4949980;121116;232123.26;512251.8559N;091145.7086E;331.428597;0.00;0.01;0.01;0.00
4950030;121116;232124.46;512251.8559N;091145.7086E;331.428597;0.00;0.01;0.01;0.00
4950080;121116;232125.46;512251.8559N;091145.7086E;331.428597;0.00;0.01;0.01;0.00
4950130;121116;232126.46;512251.8559N;091145.7086E;331.428597;0.00;0.01;0.01;0.00
4950180;121116;232127.46;512251.8559N;091145.7086E;331.428597;0.00;0.01;0.01;0.00
4950230;121116;232128.46;512251.8559N;091145.7086E;331.428597;0.00;0.01;0.01;0.00
4950280;121116;232129.46;512251.8559N;091145.7086E;331.428597;0.00;0.01;0.01;0.00
4950330;121116;232130.46;512251.8559N;091145.7086E;331.428597;0.00;0.00;0.00;0.00
4950379;121116;232131.46;512251.8559N;091145.7086E;331.428597;0.00;0.01;0.01;0.00
4950430;121116;232132.46;512251.8559N;091145.7086E;331.428597;0.00;0.01;0.01;0.00
4950479;121116;232133.46;512251.8559N;091145.7086E;331.428597;0.00;0.01;0.01;0.00
4950529;121116;232134.46;512251.8559N;091145.7086E;331.428597;0.00;0.01;0.01;0.00
4950578;121116;232135.46;512251.8559N;091145.7086E;331.428597;0.00;0.01;0.01;0.00
4950628;121116;232136.46;512251.8559N;091145.7086E;331.428597;0.00;0.01;0.01;0.00
4950677;121116;232137.46;512251.8559N;091145.7086E;331.428597;0.00;0.01;0.01;0.00
4950728;121116;232138.46;512251.8559N;091145.7086E;331.428597;0.00;0.01;0.01;0.00
4950776;121116;232139.46;512251.8559N;091145.7086E;331.428597;0.00;0.01;0.01;0.00
4950827;121116;232140.46;512251.8559N;091145.7086E;331.428597;0.00;0.01;0.01;0.00
4950877;121116;232141.46;512251.8559N;091145.7086E;331.428597;0.00;0.01;0.01;0.00
4950927;121116;232142.46;512251.8559N;091145.7086E;331.428597;0.00;0.01;0.01;0.00
4950977;121116;232143.46;512251.8559N;091145.7086E;331.428597;0.00;0.01;0.01;0.00
4951027;121116;232144.46;512251.8559N;091145.7086E;331.428597;0.00;0.01;0.01;0.00
4951077;121116;232145.46;512251.8559N;091145.7086E;331.428597;0.00;0.01;0.01;0.00
4951127;121116;232146.46;512251.8559N;091145.7086E;331.428597;0.00;0.01;0.01;0.00
4951177;121116;232147.46;512251.8559N;091145.7086E;331.428597;0.00;0.01;0.01;0.00
4951227;121116;232148.46;512251.8559N;091145.7086E;331.428597;0.00;0.01;0.01;0.00
4951277;121116;232149.46;512251.8559N;091145.7086E;331.428597;0.00;0.01;0.01;0.00
4951325;121116;232150.46;512251.8559N;091145.7086E;331.428597;0.00;0.01;0.01;0.00
4951375;121116;232151.46;512251.8559N;091145.7086E;331.428597;0.00;0.01;0.01;0.00
4951425;121116;232152.46;512251.8559N;091145.7086E;331.428597;0.00;0.01;0.01;0.00
4951475;121116;232153.46;512251.8559N;091145.7086E;331.428597;0.00;0.01;0.01;0.00
4951525;121116;232154.46;512251.8559N;091145.7086E;331.428597;0.00;0.01;0.01;0.00
4951575;121116;232155.46;512251.8559N;091145.7086E;331.428597;0.00;0.01;0.01;0.00
4951625;121116;232156.45;512251.8559N;091145.7086E;331.428597;0.00;0.01;0.01;0.00
4951675;121116;232157.46;512251.8559N;091145.7086E;331.428597;0.00;0.00;0.00;0.00
4951725;121116;232158.45;512251.8559N;091145.7086E;331.428597;0.00;0.00;0.00;0.00
4951775;121116;232159.46;512251.8559N;091145.7086E;331.428597;0.00;0.01;0.01;0.00
4951825;121116;232200.46;512251.8559N;091145.7086E;331.428597;0.00;0.00;0.00;0.00
4951875;121116;232201.45;512251.8559N;091145.7086E;331.428597;0.00;0.01;0.01;0.00
4951925;121116;232202.46;512251.8559N;091145.7086E;331.428597;0.00;0.01;0.01;0.00
4951975;121116;232203.45;512251.8559N;091145.7086E;331.428597;0.00;0.01;0.01;0.00
4952025;121116;232204.46;512251.8559N;091145.7086E;331.428597;0.00;0.01;0.01;0.00
4952075;121116;232205.44;512251.8559N;091145.7086E;331.428597;0.00;0.01;0.01;0.00
4952125;121116;232206.46;512251.8559N;091145.7086E;331.428597;0.00;0.01;0.01;0.00
4952175;121116;232207.26;512251.8559N;091145.7086E;331.428597;0.00;0.01;0.01;0.00
4952225;121116;232208.46;512251.8559N;091145.7086E;331.428597;0.00;0.01;0.01;0.00
4952275;121116;232209.44;512251.8559N;091145.7086E;331.428597;0.00;0.01;0.01;0.00
4952325;121116;232210.46;512251.8559N;091145.7086E;331.428597;0.00;0.01;0.01;0.00
4952375;121116;232211.26;512251.8559N;091145.7086E;331.428597;0.00;0.01;0.01;0.00
4952425;121116;232212.46;512251.8559N;091145.7086E;331.428597;0.00;0.01;0.01;0.00
4952475;121116;232213.46;512251.8559N;091145.7086E;331.428597;0.00;0.01;0.01;0.00
4952525;121116;232214.45;512251.8559N;091145.7086E;331.428597;0.00;0.01;0.01;0.00
4952575;121116;232215.46;512251.8559N;091145.7086E;331.428597;0.00;0.01;0.01;0.00
4952619;121116;232216.26;512251.8559N;091145.7086E;331.428597;0.00;0.01;0.01;0.00
4952669;121116;232217.46;512251.8559N;091145.7086E;331.428597;0.00;0.01;0.01;0.00
4952719;121116;232218.44;512251.8559N;091145.7086E;331.428597;0.00;0.01;0.01;0.00
4952769;121116;232219.46;512251.8559N;091145.7086E;331.428597;0.00;0.01;0.01;0.00
4952819;121116;232220.45;512251.8559N;091145.7086E;331.428597;0.00;0.01;0.01;0.00
4952869;121116;232221.46;512251.8559N;091145.7086E;331.428597;0.00;0.01;0.01;0.00
4952915;121116;232222.46;512251.8559N;091145.7086E;331.428597;0.00;0.01;0.01;0.00
4952965;121116;232223.46;512251.8559N;091145.7086E;331.428597;0.00;0.01;0.01;0.00
4953015;121116;232224.46;512251.8559N;091145.7086E;331.428597;0.00;0.01;0.01;0.00
4953065;121116;232225.46;512251.8559N;091145.7086E;331.428597;0.00;0.00;0.00;0.00
4953111;121116;232226.46;512251.8559N;091145.7086E;331.428597;0.00;0.00;0.00;0.00
4953160;121116;232227.46;512251.8559N;091145.7086E;331.428597;0.00;0.01;0.01;0.00
4953210;121116;232228.46;512251.8559N;091145.7086E;331.428597;0.00;0.01;0.01;0.00
4953260;121116;232229.46;512251.8559N;091145.7086E;331.428597;0.00;0.01;0.01;0.00
4953310;121116;232230.46;512251.8559N;091145.7086E;331.428597;0.00;0.01;0.01;0.00
4953356;121116;232231.46;512251.8559N;091145.7086E;331.428597;0.00;0.01;0.01;0.00
4953406;121116;232232.46;512251.8559N;091145.7086E;331.428597;0.00;0.01;0.01;0.00
4953456;121116;232233.46;512251.8559N;091145.7086E;331.428597;0.00;0.01;0.01;0.00
4953504;121116;232234.46;512251.8559N;091145.7086E;331.428597;0.00;0.01;0.01;0.00
4953554;121116;232235.46;512251.8559N;091145.7086E;331.428597;0.00;0.01;0.01;0.00
4953604;121116;232236.46;512251.8559N;091145.7086E;331.428597;0.00;0.01;0.01;0.00
4953654;121116;232237.46;512251.8559N;091145.7086E;331.428597;0.00;0.01;0.01;0.00
4953701;121116;232238.46;512251.8559N;091145.7086E;331.428597;0.00;0.01;0.01;0.00
4953751;121116;232239.46;512251.8559N;091145.7086E;331.428597;0.00;0.01;0.01;0.00
4953801;121116;232240.46;512251.8559N;091145.7086E;331.428597;0.00;0.01;0.01;0.00
4953851;121116;232241.46;512251.8559N;091145.7086E;331.428597;0.00;0.01;0.01;0.00
4953901;121116;232242.46;512251.8559N;091145.7086E;331.428597;0.00;0.01;0.01;0.00
4953950;121116;232243.46;512251.8559N;091145.7086E;331.428597;0.00;0.01;0.01;0.00
4954000;121116;232244.46;512251.8559N;091145.7086E;331.428597;0.00;0.01;0.01;0.00
4954050;121116;232245.46;512251.8559N;091145.7086E;331.428597;0.00;0.01;0.01;0.00
4954100;121116;232246.46;512251.8559N;091145.7086E;331.428597;0.00;0.01;0.01;0.00
4954149;121116;232247.46;512251.8559N;091145.7086E;331.428597;0.00;0.01;0.01;0.00
4954199;121116;232248.46;512251.8559N;091145.7086E;331.428597;0.00;0.01;0.01;0.00
4954248;121116;232249.46;512251.8559N;091145.7086E;331.428597;0.00;0.01;0.01;0.00
4954298;121116;232250.46;512251.8559N;091145.7086E;331.428597;0.00;0.01;0.01;0.00
4954348;121116;232251.46;512251.8559N;091145.7086E;331.428597;0.00;0.01;0.01;0.00
4954395;121116;232252.46;512251.8559N;091145.7086E;331.428597;0.00;0.01;0.01;0.00
4954445;121116;232253.45;512251.8559N;091145.7086E;331.428597;0.00;0.01;0.01;0.00
4954495;121116;232254.46;512251.8559N;091145.7086E;331.428597;0.00;0.00;0.00;0.00
4954545;121116;232255.26;512251.8559N;091145.7086E;331.428597;0.00;0.01;0.01;0.00
4954595;121116;232256.46;512251.8559N;091145.7086E;331.428597;0.00;0.01;0.01;0.00
4954645;121116;232257.46;512251.8559N;091145.7086E;331.428597;0.00;0.01;0.01;0.00
4954695;121116;232258.43;512251.8559N;091145.7086E;331.428597;0.00;0.00;0.00;0.00
4954745;121116;232259.46;512251.8559N;091145.7086E;331.428597;0.00;0.01;0.01;0.00
4954795;121116;232300.44;512251.8559N;091145.7086E;331.428597;0.00;0.01;0.01;0.00
4954845;121116;232301.46;512251.8559N;091145.7086E;331.428597;0.00;0.01;0.01;0.00
4954895;121116;232302.46;512251.8559N;091145.7086E;331.428597;0.00;0.01;0.01;0.00
4954945;121116;232303.46;512251.8559N;091145.7086E;331.428597;0.00;0.01;0.01;0.00
4954995;121116;232304.26;512251.8559N;091145.7086E;331.428597;0.00;0.01;0.01;0.00
4955045;121116;232305.46;512251.8559N;091145.7086E;331.428597;0.00;0.01;0.01;0.00
4955089;121116;232306.47;512251.8559N;091145.7086E;331.428597;0.00;0.01;0.01;0.00
4955139;121116;232307.46;512251.8559N;091145.7086E;331.428597;0.00;0.01;0.01;0.00
4955189;121116;232308.26;512251.8559N;091145.7086E;331.428597;0.00;0.01;0.01;0.00
4955239;121116;232309.46;512251.8559N;091145.7086E;331.428597;0.00;0.01;0.01;0.00
4955289;121116;232310.46;512251.8559N;091145.7086E;331.428597;0.00;0.01;0.01;0.00
4955339;121116;232311.46;512251.8559N;091145.7086E;331.428597;0.00;0.01;0.01;0.00
4955389;121116;232312.46;512251.8559N;091145.7086E;331.428597;0.00;0.01;0.01;0.00
4955439;121116;232313.45;512251.8559N;091145.7086E;331.428597;0.00;0.01;0.01;0.00
4955489;121116;232314.46;512251.8559N;091145.7086E;331.428597;0.00;0.01;0.01;0.00
4955539;121116;232315.46;512251.8559N;091145.7086E;331.428597;0.00;0.01;0.01;0.00
4955589;121116;232316.46;512251.8559N;091145.7086E;331.428597;0.00;0.01;0.01;0.00
4955639;121116;232317.46;512251.8559N;091145.7086E;331.428597;0.00;0.01;0.01;0.00
4955689;121116;232318.46;512251.8559N;091145.7086E;331.428597;0.00;0.01;0.01;0.00
4955739;121116;232319.46;512251.8559N;091145.7086E;331.428597;0.00;0.01;0.01;0.00
4955789;121116;232320.46;512251.8559N;091145.7086E;331.428597;0.00;0.01;0.01;0.00
4955839;121116;232321.46;512251.8559N;091145.7086E;331.428597;0.00;0.01;0.01;0.00
4955889;121116;232322.46;512251.8559N;091145.7086E;331.428597;0.00;0.01;0.01;0.00
4955939;121116;232323.46;512251.8559N;091145.7086E;331.428597;0.00;0.01;0.01;0.00
4955989;121116;232324.46;512251.8559N;091145.7086E;331.428597;0.00;0.01;0.01;0.00
4956039;121116;232325.46;512251.8559N;091145.7086E;331.428597;0.00;0.01;0.01;0.00
4956089;121116;232326.46;512251.8559N;091145.7086E;331.428597;0.00;0.01;0.01;0.00
4956139;121116;232327.46;512251.8559N;091145.7086E;331.428597;0.00;0.01;0.01;0.00
4956189;121116;232328.46;512251.8559N;091145.7086E;331.428597;0.00;0.01;0.01;0.00
4956237;121116;232329.46;512251.8559N;091145.7086E;331.428597;0.00;0.00;0.00;0.00
4956287;121116;232330.46;512251.8559N;091145.7086E;331.428597;0.00;0.01;0.01;0.00
4956337;121116;232331.46;512251.8559N;091145.7086E;331.428597;0.00;0.01;0.01;0.00
4956387;121116;232332.46;512251.8559N;091145.7086E;331.428597;0.00;0.01;0.01;0.00
4956436;121116;232333.46;512251.8559N;091145.7086E;331.428597;0.00;0.01;0.01;0.00
4956486;121116;232334.46;512251.8559N;091145.7086E;331.428597;0.00;0.01;0.01;0.00
4956535;121116;232335.46;512251.8559N;091145.7086E;331.428597;0.00;0.01;0.01;0.00
4956585;121116;232336.46;512251.8559N;091145.7086E;331.428597;0.00;0.01;0.01;0.00
4956635;121116;232337.46;512251.8559N;091145.7086E;331.428597;0.00;0.01;0.01;0.00
4956685;121116;232338.46;512251.8559N;091145.7086E;331.428597;0.00;0.01;0.01;0.00
4956735;121116;232339.46;512251.8559N;091145.7086E;331.428597;0.00;0.01;0.01;0.00
4956784;121116;232340.46;512251.8559N;091145.7086E;331.428597;0.00;0.01;0.01;0.00
4956831;121116;232341.46;512251.8559N;091145.7086E;331.428597;0.00;0.01;0.01;0.00
4956879;121116;232342.46;512251.8559N;091145.7086E;331.428597;0.00;0.01;0.01;0.00
4956929;121116;232343.46;512251.8559N;091145.7086E;331.428597;0.00;0.01;0.01;0.00
4956978;121116;232344.46;512251.8559N;091145.7086E;331.428597;0.00;0.01;0.01;0.00
4957028;121116;232345.46;512251.8559N;091145.7086E;331.428597;0.00;0.01;0.01;0.00
4957077;121116;232346.46;512251.8559N;091145.7086E;331.428597;0.00;0.01;0.01;0.00
4957126;121116;232347.46;512251.8559N;091145.7086E;331.428597;0.00;0.01;0.01;0.00
4957176;121116;232348.46;512251.8559N;091145.7086E;331.428597;0.00;0.01;0.01;0.00
4957226;121116;232349.46;512251.8559N;091145.7086E;331.428597;0.00;0.01;0.01;0.00
4957276;121116;232350.46;512251.8559N;091145.7086E;331.428597;0.00;0.00;0.00;0.00
4957326;121116;232351.46;512251.8559N;091145.7086E;331.428597;0.00;0.01;0.01;0.00
4957376;121116;232352.26;512251.8559N;091145.7086E;331.428597;0.00;-0.01;-0.01;0.00
4957426;121116;232353.46;512251.8559N;091145.7086E;331.428597;0.00;0.01;0.01;0.00
4957476;121116;232354.46;512251.8559N;091145.7086E;331.428597;0.00;0.01;0.01;0.00
4957526;121116;232355.26;512251.8559N;091145.7086E;331.428597;0.00;0.01;0.01;0.00
4957575;121116;232356.46;512251.8559N;091145.7086E;331.428597;0.00;0.01;0.01;0.00
4957625;121116;232357.47;512251.8559N;091145.7086E;331.428597;0.00;0.01;0.01;0.00
4957675;121116;232358.46;512251.8559N;091145.7086E;331.428597;0.00;0.01;0.01;0.00
4957725;121116;232359.45;512251.8559N;091145.7086E;331.428597;0.00;0.01;0.01;0.00
4957772;121116;232400.46;512251.8559N;091145.7086E;331.428597;0.00;0.01;0.01;0.00
4957822;121116;232401.43;512251.8559N;091145.7086E;331.428597;0.00;0.01;0.01;0.00
4957872;121116;232402.46;512251.8559N;091145.7086E;331.428597;0.00;0.01;0.01;0.00
4957922;121116;232403.47;512251.8559N;091145.7086E;331.428597;0.00;0.01;0.01;0.00
4957972;121116;232404.46;512251.8559N;091145.7086E;331.428597;0.00;0.01;0.01;0.00
4958022;121116;232405.26;512251.8559N;091145.7086E;331.428597;0.00;0.01;0.01;0.00
4958072;121116;232406.46;512251.8559N;091145.7086E;331.428597;0.00;0.01;0.01;0.00
4958122;121116;232407.46;512251.8559N;091145.7086E;331.428597;0.00;0.01;0.01;0.00
4958172;121116;232408.45;512251.8559N;091145.7086E;331.428597;0.00;0.01;0.01;0.00
4958222;121116;232409.46;512251.8559N;091145.7086E;331.428597;0.00;0.01;0.01;0.00
4958272;121116;232410.43;512251.8559N;091145.7086E;331.428597;0.00;0.01;0.01;0.00
4958322;121116;232411.46;512251.8559N;091145.7086E;331.428597;0.00;0.01;0.01;0.00
4958372;121116;232412.47;512251.8559N;091145.7086E;331.428597;0.00;0.01;0.01;0.00
4958422;121116;232413.46;512251.8559N;091145.7086E;331.428597;0.00;0.01;0.01;0.00
4958472;121116;232414.26;512251.8559N;091145.7086E;331.428597;0.00;0.01;0.01;0.00
4958522;121116;232415.46;512251.8559N;091145.7086E;331.428597;0.00;0.01;0.01;0.00
4958572;121116;232416.46;512251.8559N;091145.7086E;331.428597;0.00;0.01;0.01;0.00
4958622;121116;232417.46;512251.8559N;091145.7086E;331.428597;0.00;0.01;0.01;0.00
4958672;121116;232418.46;512251.8559N;091145.7086E;331.428597;0.00;0.01;0.01;0.00
4958720;121116;232419.46;512251.8559N;091145.7086E;331.428597;0.00;0.01;0.01;0.00
4958770;121116;232420.46;512251.8559N;091145.7086E;331.428597;0.00;0.01;0.01;0.00
4958819;121116;232421.46;512251.8559N;091145.7086E;331.428597;0.00;0.00;0.00;0.00
4958869;121116;232422.46;512251.8559N;091145.7086E;331.428597;0.00;0.01;0.01;0.00
4958914;121116;232423.46;512251.8559N;091145.7086E;331.428597;0.00;0.00;0.00;0.00
4958963;121116;232424.46;512251.8559N;091145.7086E;331.428597;0.00;0.01;0.01;0.00
4959013;121116;232425.46;512251.8559N;091145.7086E;331.428597;0.00;0.01;0.01;0.00
4959060;121116;232426.46;512251.8559N;091145.7086E;331.428597;0.00;0.01;0.01;0.00
4959106;121116;232427.46;512251.8559N;091145.7086E;331.428597;0.00;0.01;0.01;0.00
4959155;121116;232428.46;512251.8559N;091145.7086E;331.428597;0.00;0.01;0.01;0.00
4959205;121116;232429.46;512251.8559N;091145.7086E;331.428597;0.00;0.01;0.01;0.00
4959254;121116;232430.46;512251.8559N;091145.7086E;331.428597;0.00;0.01;0.01;0.00
4959304;121116;232431.46;512251.8559N;091145.7086E;331.428597;0.00;0.01;0.01;0.00
4959352;121116;232432.46;512251.8559N;091145.7086E;331.428597;0.00;0.01;0.01;0.00
4959402;121116;232433.46;512251.8559N;091145.7086E;331.428597;0.00;0.01;0.01;0.00
4959451;121116;232434.46;512251.8559N;091145.7086E;331.428597;0.00;0.01;0.01;0.00
4959501;121116;232435.46;512251.8559N;091145.7086E;331.428597;0.00;0.01;0.01;0.00
4959551;121116;232436.46;512251.8559N;091145.7086E;331.428597;0.00;0.01;0.01;0.00
4959601;121116;232437.46;512251.8559N;091145.7086E;331.428597;0.00;0.01;0.01;0.00
4959651;121116;232438.46;512251.8559N;091145.7086E;331.428597;0.00;0.01;0.01;0.00
4959697;121116;232439.46;512251.8559N;091145.7086E;331.428597;0.00;0.01;0.01;0.00
4959747;121116;232440.46;512251.8559N;091145.7086E;331.428597;0.00;0.01;0.01;0.00
4959795;121116;232441.46;512251.8559N;091145.7086E;331.428597;0.00;0.01;0.01;0.00
4959845;121116;232442.46;512251.8559N;091145.7086E;331.428597;0.00;0.01;0.01;0.00
4959893;121116;232443.46;512251.8559N;091145.7086E;331.428597;0.00;0.01;0.01;0.00
4959943;121116;232444.46;512251.8559N;091145.7086E;331.428597;0.00;0.01;0.01;0.00
4959993;121116;232445.46;512251.8559N;091145.7086E;331.428597;0.00;0.01;0.01;0.00
4960043;121116;232446.46;512251.8559N;091145.7086E;331.428597;0.00;0.01;0.01;0.00
4960093;121116;232447.26;512251.8559N;091145.7086E;331.428597;0.00;0.01;0.01;0.00
4960143;121116;232448.46;512251.8559N;091145.7086E;331.428597;0.00;0.01;0.01;0.00
4960193;121116;232449.26;512251.8559N;091145.7086E;331.428597;0.00;0.00;0.00;0.00
4960243;121116;232450.46;512251.8559N;091145.7086E;331.428597;0.00;0.01;0.01;0.00
4960293;121116;232451.46;512251.8559N;091145.7086E;331.428597;0.00;0.01;0.01;0.00
4960343;121116;232452.26;512251.8559N;091145.7086E;331.428597;0.00;0.01;0.01;0.00
4960393;121116;232453.46;512251.8559N;091145.7086E;331.428597;0.00;0.01;0.01;0.00
4960443;121116;232454.46;512251.8559N;091145.7086E;331.428597;0.00;0.01;0.01;0.00
4960493;121116;232455.46;512251.8559N;091145.7086E;331.428597;0.00;0.01;0.01;0.00
4960543;121116;232456.45;512251.8559N;091145.7086E;331.428597;0.00;0.01;0.01;0.00
4960593;121116;232457.46;512251.8559N;091145.7086E;331.428597;0.00;0.01;0.01;0.00
4960643;121116;232458.26;512251.8559N;091145.7086E;331.428597;0.00;0.01;0.01;0.00
4960693;121116;232459.46;512251.8559N;091145.7086E;331.428597;0.00;0.01;0.01;0.00
4960743;121116;232500.26;512251.8559N;091145.7086E;331.428597;0.00;0.01;0.01;0.00
4960793;121116;232501.46;512251.8559N;091145.7086E;331.428597;0.00;0.01;0.01;0.00
4960843;121116;232502.45;512251.8559N;091145.7086E;331.428597;0.00;0.01;0.01;0.00
4960893;121116;232503.46;512251.8559N;091145.7086E;331.428597;0.00;0.01;0.01;0.00
4960943;121116;232504.46;512251.8559N;091145.7086E;331.428597;0.00;0.01;0.01;0.00
4960993;121116;232505.48;512251.8559N;091145.7086E;331.428597;0.00;0.01;0.01;0.00
4961043;121116;232506.46;512251.8559N;091145.7086E;331.428597;0.00;0.01;0.01;0.00
4961093;121116;232507.46;512251.8559N;091145.7086E;331.428597;0.00;0.01;0.01;0.00
4961138;121116;232508.46;512251.8559N;091145.7086E;331.428597;0.00;0.01;0.01;0.00
4961188;121116;232509.26;512251.8559N;091145.7086E;331.428597;0.00;0.01;0.01;0.00
4961238;121116;232510.46;512251.8559N;091145.7086E;331.428597;0.00;0.01;0.01;0.00
4961288;121116;232511.26;512251.8559N;091145.7086E;331.428597;0.00;0.01;0.01;0.00
4961338;121116;232512.46;512251.8559N;091145.7086E;331.428597;0.00;0.01;0.01;0.00
4961388;121116;232513.46;512251.8559N;091145.7086E;331.428597;0.00;0.01;0.01;0.00
4961438;121116;232514.46;512251.8559N;091145.7086E;331.428597;0.00;0.01;0.01;0.00
4961488;121116;232515.46;512251.8559N;091145.7086E;331.428597;0.00;0.01;0.01;0.00
4961538;121116;232516.46;512251.8559N;091145.7086E;331.428597;0.00;0.01;0.01;0.00
4961588;121116;232517.46;512251.8559N;091145.7086E;331.428597;0.00;0.00;0.00;0.00
4961637;121116;232518.46;512251.8559N;091145.7086E;331.428597;0.00;0.01;0.01;0.00
4961687;121116;232519.46;512251.8559N;091145.7086E;331.428597;0.00;0.01;0.01;0.00
4961737;121116;232520.46;512251.8559N;091145.7086E;331.428597;0.00;0.01;0.01;0.00
4961787;121116;232521.46;512251.8559N;091145.7086E;331.428597;0.00;0.01;0.01;0.00
4961837;121116;232522.46;512251.8559N;091145.7086E;331.428597;0.00;0.01;0.01;0.00
4961887;121116;232523.46;512251.8559N;091145.7086E;331.428597;0.00;0.01;0.01;0.00
4961937;121116;232524.46;512251.8559N;091145.7086E;331.428597;0.00;0.01;0.01;0.00
4961984;121116;232525.46;512251.8559N;091145.7086E;331.428597;0.00;0.01;0.01;0.00
4962034;121116;232526.46;512251.8559N;091145.7086E;331.428597;0.00;0.01;0.01;0.00
4962083;121116;232527.46;512251.8559N;091145.7086E;331.428597;0.00;0.01;0.01;0.00
4962133;121116;232528.46;512251.8559N;091145.7086E;331.428597;0.00;0.01;0.01;0.00
4962183;121116;232529.46;512251.8559N;091145.7086E;331.428597;0.00;0.01;0.01;0.00
4962233;121116;232530.46;512251.8559N;091145.7086E;331.428597;0.00;0.01;0.01;0.00
4962282;121116;232531.46;512251.8559N;091145.7086E;331.428597;0.00;0.01;0.01;0.00
4962332;121116;232532.46;512251.8559N;091145.7086E;331.428597;0.00;0.01;0.01;0.00
4962382;121116;232533.46;512251.8559N;091145.7086E;331.428597;0.00;0.01;0.01;0.00
4962432;121116;232534.46;512251.8559N;091145.7086E;331.428597;0.00;0.01;0.01;0.00
4962482;121116;232535.46;512251.8559N;091145.7086E;331.428597;0.00;0.01;0.01;0.00
4962532;121116;232536.46;512251.8559N;091145.7086E;331.428597;0.00;0.01;0.01;0.00
4962582;121116;232537.46;512251.8559N;091145.7086E;331.428597;0.00;0.01;0.01;0.00
4962630;121116;232538.46;512251.8559N;091145.7086E;331.428597;0.00;0.01;0.01;0.00
4962680;121116;232539.46;512251.8559N;091145.7086E;331.428597;0.00;0.01;0.01;0.00
4962728;121116;232540.46;512251.8559N;091145.7086E;331.428597;0.00;0.01;0.01;0.00
4962778;121116;232541.46;512251.8559N;091145.7086E;331.428597;0.00;0.01;0.01;0.00
4962828;121116;232542.46;512251.8559N;091145.7086E;331.428597;0.00;0.01;0.01;0.00
4962878;121116;232543.46;512251.8559N;091145.7086E;331.428597;0.00;0.01;0.01;0.00
4962928;121116;232544.26;512251.8559N;091145.7086E;331.428597;0.00;0.00;0.00;0.00
4962978;121116;232545.46;512251.8559N;091145.7086E;331.428597;0.00;0.00;0.00;0.00
4963028;121116;232546.26;512251.8559N;091145.7086E;331.428597;0.00;0.01;0.01;0.00
4963077;121116;232547.46;512251.8559N;091145.7086E;331.428597;0.00;0.01;0.01;0.00
4963127;121116;232548.46;512251.8559N;091145.7086E;331.428597;0.00;0.01;0.01;0.00
4963177;121116;232549.26;512251.8559N;091145.7086E;331.428597;0.00;0.01;0.01;0.00
4963227;121116;232550.46;512251.8559N;091145.7086E;331.428597;0.00;0.00;0.00;0.00
4963276;121116;232551.26;512251.8559N;091145.7086E;331.428597;0.00;0.01;0.01;0.00
4963326;121116;232552.46;512251.8559N;091145.7086E;331.428597;0.00;0.01;0.01;0.00
4963375;121116;232553.26;512251.8559N;091145.7086E;331.428597;0.00;0.01;0.01;0.00
4963425;121116;232554.46;512251.8559N;091145.7086E;331.428597;0.00;0.01;0.01;0.00
4963474;121116;232555.26;512251.8559N;091145.7086E;331.428597;0.00;0.01;0.01;0.00
4963523;121116;232556.46;512251.8559N;091145.7086E;331.428597;0.00;0.01;0.01;0.00
4963572;121116;232557.26;512251.8559N;091145.7086E;331.428597;0.00;0.01;0.01;0.00
4963621;121116;232558.46;512251.8559N;091145.7086E;331.428597;0.00;0.01;0.01;0.00
4963670;121116;232559.45;512251.8559N;091145.7086E;331.428597;0.00;0.01;0.01;0.00
4963720;121116;232600.46;512251.8559N;091145.7086E;331.428597;0.00;0.01;0.01;0.00
4963769;121116;232601.46;512251.8559N;091145.7086E;331.428597;0.00;0.01;0.01;0.00
4963818;121116;232602.45;512251.8559N;091145.7086E;331.428597;0.00;0.01;0.01;0.00
4963868;121116;232603.46;512251.8559N;091145.7086E;331.428597;0.00;0.01;0.01;0.00
4963917;121116;232604.26;512251.8559N;091145.7086E;331.428597;0.00;0.01;0.01;0.00
4963967;121116;232605.46;512251.8559N;091145.7086E;331.428597;0.00;0.01;0.01;0.00
4964017;121116;232606.46;512251.8559N;091145.7086E;331.428597;0.00;0.01;0.01;0.00
4964066;121116;232607.46;512251.8559N;091145.7086E;331.428597;0.00;0.01;0.01;0.00
4964114;121116;232608.26;512251.8559N;091145.7086E;331.428597;0.00;0.01;0.01;0.00
4964164;121116;232609.46;512251.8559N;091145.7086E;331.428597;0.00;0.01;0.01;0.00
4964213;121116;232610.46;512251.8559N;091145.7086E;331.428597;0.00;0.01;0.01;0.00
4964262;121116;232611.46;512251.8559N;091145.7086E;331.428597;0.00;0.01;0.01;0.00
4964311;121116;232612.46;512251.8559N;091145.7086E;331.428597;0.00;0.01;0.01;0.00
4964360;121116;232613.46;512251.8559N;091145.7086E;331.428597;0.00;0.01;0.01;0.00
4964409;121116;232614.46;512251.8559N;091145.7086E;331.428597;0.00;0.01;0.01;0.00
4964458;121116;232615.46;512251.8559N;091145.7086E;331.428597;0.00;0.01;0.01;0.00
4964505;121116;232616.46;512251.8559N;091145.7086E;331.428597;0.00;0.01;0.01;0.00
4964554;121116;232617.46;512251.8559N;091145.7086E;331.428597;0.00;0.01;0.01;0.00
4964600;121116;232618.46;512251.8559N;091145.7086E;331.428597;0.00;0.01;0.01;0.00
4964649;121116;232619.46;512251.8559N;091145.7086E;331.428597;0.00;0.01;0.01;0.00
4964698;121116;232620.46;512251.8559N;091145.7086E;331.428597;0.00;0.01;0.01;0.00
4964748;121116;232621.46;512251.8559N;091145.7086E;331.428597;0.00;0.01;0.01;0.00
4964795;121116;232622.46;512251.8559N;091145.7086E;331.428597;0.00;0.01;0.01;0.00
4964845;121116;232623.46;512251.8559N;091145.7086E;331.428597;0.00;0.01;0.01;0.00
4964895;121116;232624.46;512251.8559N;091145.7086E;331.428597;0.00;0.01;0.01;0.00
4964945;121116;232625.46;512251.8559N;091145.7086E;331.428597;0.00;0.01;0.01;0.00
4964991;121116;232626.46;512251.8559N;091145.7086E;331.428597;0.00;0.01;0.01;0.00
4965041;121116;232627.46;512251.8559N;091145.7086E;331.428597;0.00;0.01;0.01;0.00
4965086;121116;232628.46;512251.8559N;091145.7086E;331.428597;0.00;0.01;0.01;0.00
4965135;121116;232629.46;512251.8559N;091145.7086E;331.428597;0.00;0.01;0.01;0.00
4965184;121116;232630.46;512251.8559N;091145.7086E;331.428597;0.00;0.01;0.01;0.00
4965233;121116;232631.46;512251.8559N;091145.7086E;331.428597;0.00;0.01;0.01;0.00
4965282;121116;232632.46;512251.8559N;091145.7086E;331.428597;0.00;0.01;0.01;0.00
4965331;121116;232633.46;512251.8559N;091145.7086E;331.428597;0.00;0.01;0.01;0.00
4965380;121116;232634.46;512251.8559N;091145.7086E;331.428597;0.00;0.01;0.01;0.00
4965428;121116;232635.46;512251.8559N;091145.7086E;331.428597;0.00;0.01;0.01;0.00
4965477;121116;232636.46;512251.8559N;091145.7086E;331.428597;0.00;0.01;0.01;0.00
4965526;121116;232637.46;512251.8559N;091145.7086E;331.428597;0.00;0.01;0.01;0.00
4965576;121116;232638.46;512251.8559N;091145.7086E;331.428597;0.00;0.01;0.01;0.00
4965626;121116;232639.46;512251.8559N;091145.7086E;331.428597;0.00;0.01;0.01;0.00
4965676;121116;232640.46;512251.8559N;091145.7086E;331.428597;0.00;0.01;0.01;0.00
4965726;121116;232641.26;512251.8559N;091145.7086E;331.428597;0.00;0.01;0.01;0.00
4965776;121116;232642.46;512251.8559N;091145.7086E;331.428597;0.00;0.01;0.01;0.00
4965826;121116;232643.26;512251.8559N;091145.7086E;331.428597;0.00;0.00;0.00;0.00
4965875;121116;232644.46;512251.8559N;091145.7086E;331.428597;0.00;0.01;0.01;0.00
4965924;121116;232645.46;512251.8559N;091145.7086E;331.428597;0.00;0.01;0.01;0.00
4965973;121116;232646.26;512251.8559N;091145.7086E;331.428597;0.00;0.01;0.01;0.00
4966022;121116;232647.46;512251.8559N;091145.7086E;331.428597;0.00;0.01;0.01;0.00
4966071;121116;232648.47;512251.8559N;091145.7086E;331.428597;0.00;0.00;0.00;0.00
4966120;121116;232649.46;512251.8559N;091145.7086E;331.428597;0.00;0.01;0.01;0.00
4966169;121116;232650.26;512251.8559N;091145.7086E;331.428597;0.00;0.01;0.01;0.00
4966218;121116;232651.46;512251.8559N;091145.7086E;331.428597;0.00;0.01;0.01;0.00
4966266;121116;232652.26;512251.8559N;091145.7086E;331.428597;0.00;0.01;0.01;0.00
4966315;121116;232653.46;512251.8559N;091145.7086E;331.428597;0.00;0.01;0.01;0.00
4966364;121116;232654.26;512251.8559N;091145.7086E;331.428597;0.00;0.01;0.01;0.00
4966414;121116;232655.46;512251.8559N;091145.7086E;331.428597;0.00;0.01;0.01;0.00
4966464;121116;232656.26;512251.8559N;091145.7086E;331.428597;0.00;0.01;0.01;0.00
4966514;121116;232657.46;512251.8559N;091145.7086E;331.428597;0.00;0.01;0.01;0.00
4966563;121116;232658.46;512251.8559N;091145.7086E;331.428597;0.00;0.01;0.01;0.00
4966613;121116;232659.26;512251.8559N;091145.7086E;331.428597;0.00;0.01;0.01;0.00
4966663;121116;232700.46;512251.8559N;091145.7086E;331.428597;0.00;0.01;0.01;0.00
4966713;121116;232701.26;512251.8559N;091145.7086E;331.428597;0.00;0.01;0.01;0.00
4966763;121116;232702.46;512251.8559N;091145.7086E;331.428597;0.00;0.01;0.01;0.00
4966813;121116;232703.26;512251.8559N;091145.7086E;331.428597;0.00;0.01;0.01;0.00
4966863;121116;232704.46;512251.8559N;091145.7086E;331.428597;0.00;0.01;0.01;0.00
4966913;121116;232705.26;512251.8559N;091145.7086E;331.428597;0.00;0.01;0.01;0.00
4966957;121116;232706.46;512251.8559N;091145.7086E;331.428597;0.00;0.01;0.01;0.00
4967007;121116;232707.46;512251.8559N;091145.7086E;331.428597;0.00;0.01;0.01;0.00
4967057;121116;232708.46;512251.8559N;091145.7086E;331.428597;0.00;0.01;0.01;0.00
4967107;121116;232709.46;512251.8559N;091145.7086E;331.428597;0.00;0.01;0.01;0.00
4967153;121116;232710.46;512251.8559N;091145.7086E;331.428597;0.00;0.01;0.01;0.00
4967203;121116;232711.46;512251.8559N;091145.7086E;331.428597;0.00;0.00;0.00;0.00
4967251;121116;232712.46;512251.8559N;091145.7086E;331.428597;0.00;0.01;0.01;0.00
4967301;121116;232713.46;512251.8559N;091145.7086E;331.428597;0.00;0.00;0.00;0.00
4967351;121116;232714.46;512251.8559N;091145.7086E;331.428597;0.00;0.01;0.01;0.00
4967398;121116;232715.46;512251.8559N;091145.7086E;331.428597;0.00;0.01;0.01;0.00
4967448;121116;232716.46;512251.8559N;091145.7086E;331.428597;0.00;0.01;0.01;0.00
4967498;121116;232717.46;512251.8559N;091145.7086E;331.428597;0.00;0.01;0.01;0.00
4967548;121116;232718.46;512251.8559N;091145.7086E;331.428597;0.00;0.01;0.01;0.00
4967597;121116;232719.46;512251.8559N;091145.7086E;331.428597;0.00;0.01;0.01;0.00
4967647;121116;232720.46;512251.8559N;091145.7086E;331.428597;0.00;0.01;0.01;0.00
4967695;121116;232721.46;512251.8559N;091145.7086E;331.428597;0.00;0.01;0.01;0.00
4967745;121116;232722.46;512251.8559N;091145.7086E;331.428597;0.00;0.01;0.01;0.00
4967790;121116;232723.46;512251.8559N;091145.7086E;331.428597;0.00;0.01;0.01;0.00
4967840;121116;232724.46;512251.8559N;091145.7086E;331.428597;0.00;0.01;0.01;0.00
4967889;121116;232725.46;512251.8559N;091145.7086E;331.428597;0.00;0.01;0.01;0.00
4967939;121116;232726.46;512251.8559N;091145.7086E;331.428597;0.00;0.01;0.01;0.00
4967989;121116;232727.46;512251.8559N;091145.7086E;331.428597;0.00;0.01;0.01;0.00
4968038;121116;232728.46;512251.8559N;091145.7086E;331.428597;0.00;0.01;0.01;0.00
4968088;121116;232729.46;512251.8559N;091145.7086E;331.428597;0.00;0.01;0.01;0.00
4968132;121116;232730.46;512251.8559N;091145.7086E;331.428597;0.00;0.01;0.01;0.00
4968182;121116;232731.46;512251.8559N;091145.7086E;331.428597;0.00;0.01;0.01;0.00
4968228;121116;232732.46;512251.8559N;091145.7086E;331.428597;0.00;0.01;0.01;0.00
4968278;121116;232733.46;512251.8559N;091145.7086E;331.428597;0.00;0.01;0.01;0.00
4968326;121116;232734.46;512251.8559N;091145.7086E;331.428597;0.00;0.01;0.01;0.00
4968376;121116;232735.46;512251.8559N;091145.7086E;331.428597;0.00;0.01;0.01;0.00
4968426;121116;232736.46;512251.8559N;091145.7086E;331.428597;0.00;0.01;0.01;0.00
4968476;121116;232737.46;512251.8559N;091145.7086E;331.428597;0.00;0.01;0.01;0.00
4968526;121116;232738.47;512251.8559N;091145.7086E;331.428597;0.00;0.01;0.01;0.00
4968576;121116;232739.46;512251.8559N;091145.7086E;331.428597;0.00;0.01;0.01;0.00
4968626;121116;232740.26;512251.8559N;091145.7086E;331.428597;0.00;0.01;0.01;0.00
4968676;121116;232741.46;512251.8559N;091145.7086E;331.428597;0.00;0.01;0.01;0.00
4968726;121116;232742.46;512251.8559N;091145.7086E;331.428597;0.00;0.00;0.00;0.00
4968776;121116;232743.26;512251.8559N;091145.7086E;331.428597;0.00;0.01;0.01;0.00
4968826;121116;232744.46;512251.8559N;091145.7086E;331.428597;0.00;0.01;0.01;0.00
4968876;121116;232745.47;512251.8559N;091145.7086E;331.428597;0.00;0.01;0.01;0.00
4968926;121116;232746.46;512251.8559N;091145.7086E;331.428597;0.00;0.01;0.01;0.00
4968976;121116;232747.26;512251.8559N;091145.7086E;331.428597;0.00;0.01;0.01;0.00
4969026;121116;232748.46;512251.8559N;091145.7086E;331.428597;0.00;0.01;0.01;0.00
4969077;121116;232749.26;512251.8559N;091145.7086E;331.428597;0.00;0.01;0.01;0.00
4969127;121116;232750.46;512251.8559N;091145.7086E;331.428597;0.00;0.01;0.01;0.00
4969177;121116;232751.26;512251.8559N;091145.7086E;331.428597;0.00;0.01;0.01;0.00
4969227;121116;232752.46;512251.8559N;091145.7086E;331.428597;0.00;0.01;0.01;0.00
4969277;121116;232753.48;512251.8559N;091145.7086E;331.428597;0.00;0.01;0.01;0.00
4969327;121116;232754.46;512251.8559N;091145.7086E;331.428597;0.00;0.01;0.01;0.00
4969377;121116;232755.46;512251.8559N;091145.7086E;331.428597;0.00;0.01;0.01;0.00
4969427;121116;232756.26;512251.8559N;091145.7086E;331.428597;0.00;0.01;0.01;0.00
4969477;121116;232757.46;512251.8559N;091145.7086E;331.428597;0.00;0.01;0.01;0.00
4969527;121116;232758.48;512251.8559N;091145.7086E;331.428597;0.00;0.01;0.01;0.00
4969577;121116;232759.46;512251.8559N;091145.7086E;331.428597;0.00;0.01;0.01;0.00
4969626;121116;232800.48;512251.8559N;091145.7086E;331.428597;0.00;438.00;438.00;0.00
4969676;121116;232801.46;512251.8559N;091145.7086E;331.428597;0.00;0.01;0.01;0.00
4969726;121116;232802.26;512251.8559N;091145.7086E;331.428597;0.00;437.00;437.00;0.00
4969776;121116;232803.46;512251.8559N;091145.7086E;331.428597;0.00;0.01;0.01;0.00
4969826;121116;232804.46;512251.8559N;091145.7086E;331.428597;0.00;0.01;0.01;0.00
4969876;121116;232805.46;512251.8559N;091145.7086E;331.428597;0.00;0.00;0.00;0.00
4969926;121116;232806.46;512251.8559N;091145.7086E;331.428597;0.00;0.01;0.01;0.00
4969975;121116;232807.46;512251.8559N;091145.7086E;331.428597;0.00;0.01;0.01;0.00
4970025;121116;232808.46;512251.8559N;091145.7086E;331.428597;0.00;0.01;0.01;0.00
4970072;121116;232809.46;512251.8559N;091145.7086E;331.428597;0.00;0.01;0.01;0.00
4970122;121116;232810.46;512251.8559N;091145.7086E;331.428597;0.00;0.01;0.01;0.00
4970172;121116;232811.46;512251.8559N;091145.7086E;331.428597;0.00;0.01;0.01;0.00
4970220;121116;232812.46;512251.8559N;091145.7086E;331.428597;0.00;0.01;0.01;0.00
4970270;121116;232813.46;512251.8559N;091145.7086E;331.428597;0.00;0.01;0.01;0.00
4970318;121116;232814.46;512251.8559N;091145.7086E;331.428597;0.00;0.01;0.01;0.00
4970368;121116;232815.46;512251.8559N;091145.7086E;331.428597;0.00;0.01;0.01;0.00
4970415;121116;232816.46;512251.8559N;091145.7086E;331.428597;0.00;0.01;0.01;0.00
4970465;121116;232817.46;512251.8559N;091145.7086E;331.428597;0.00;0.01;0.01;0.00
4970513;121116;232818.46;512251.8559N;091145.7086E;331.428597;0.00;0.01;0.01;0.00
4970558;121116;232819.46;512251.8559N;091145.7086E;331.428597;0.00;0.01;0.01;0.00
4970603;121116;232820.46;512251.8559N;091145.7086E;331.428597;0.00;0.01;0.01;0.00
4970653;121116;232821.46;512251.8559N;091145.7086E;331.428597;0.00;0.01;0.01;0.00
4970702;121116;232822.46;512251.8559N;091145.7086E;331.428597;0.00;0.01;0.01;0.00
4970752;121116;232823.46;512251.8559N;091145.7086E;331.428597;0.00;0.01;0.01;0.00
4970802;121116;232824.46;512251.8559N;091145.7086E;331.428597;0.00;0.01;0.01;0.00
4970850;121116;232825.46;512251.8559N;091145.7086E;331.428597;0.00;0.01;0.01;0.00
4970900;121116;232826.46;512251.8559N;091145.7086E;331.428597;0.00;0.01;0.01;0.00
4970950;121116;232827.46;512251.8559N;091145.7086E;331.428597;0.00;0.01;0.01;0.00
4971000;121116;232828.46;512251.8559N;091145.7086E;331.428597;0.00;0.01;0.01;0.00
4971049;121116;232829.46;512251.8559N;091145.7086E;331.428597;0.00;0.01;0.01;0.00
4971099;121116;232830.46;512251.8559N;091145.7086E;331.428597;0.00;0.01;0.01;0.00
4971146;121116;232831.46;512251.8559N;091145.7086E;331.428597;0.00;0.01;0.01;0.00
4971196;121116;232832.46;512251.8559N;091145.7086E;331.428597;0.00;0.01;0.01;0.00
4971246;121116;232833.46;512251.8559N;091145.7086E;331.428597;0.00;0.01;0.01;0.00
4971296;121116;232834.46;512251.8559N;091145.7086E;331.428597;0.00;0.01;0.01;0.00
4971346;121116;232835.26;512251.8559N;091145.7086E;331.428597;0.00;0.01;0.01;0.00
4971396;121116;232836.46;512251.8559N;091145.7086E;331.428597;0.00;0.01;0.01;0.00
4971446;121116;232837.26;512251.8559N;091145.7086E;331.428597;0.00;0.01;0.01;0.00
4971496;121116;232838.46;512251.8559N;091145.7086E;331.428597;0.00;0.01;0.01;0.00
4971546;121116;232839.46;512251.8559N;091145.7086E;331.428597;0.00;0.01;0.01;0.00
4971596;121116;232840.26;512251.8559N;091145.7086E;331.428597;0.00;0.01;0.01;0.00
4971646;121116;232841.46;512251.8559N;091145.7086E;331.428597;0.00;0.01;0.01;0.00
4971696;121116;232842.26;512251.8559N;091145.7086E;331.428597;0.00;0.01;0.01;0.00
4971746;121116;232843.46;512251.8559N;091145.7086E;331.428597;0.00;0.01;0.01;0.00
4971796;121116;232844.26;512251.8559N;091145.7086E;331.428597;0.00;0.01;0.01;0.00
4971846;121116;232845.46;512251.8559N;091145.7086E;331.428597;0.00;0.01;0.01;0.00
4971896;121116;232846.26;512251.8559N;091145.7086E;331.428597;0.00;0.01;0.01;0.00
4971946;121116;232847.46;512251.8559N;091145.7086E;331.428597;0.00;0.01;0.01;0.00
4971996;121116;232848.48;512251.8559N;091145.7086E;331.428597;0.00;0.01;0.01;0.00
4972046;121116;232849.46;512251.8559N;091145.7086E;331.428597;0.00;0.01;0.01;0.00
4972096;121116;232850.49;512251.8559N;091145.7086E;331.428597;0.00;0.01;0.01;0.00
4972143;121116;232851.46;512251.8559N;091145.7086E;331.428597;0.00;0.01;0.01;0.00
4972193;121116;232852.46;512251.8559N;091145.7086E;331.428597;0.00;0.01;0.01;0.00
4972243;121116;232853.49;512251.8559N;091145.7086E;331.428597;0.00;0.01;0.01;0.00
4972293;121116;232854.46;512251.8559N;091145.7086E;331.428597;0.00;0.01;0.01;0.00
4972343;121116;232855.50;512251.8559N;091145.7086E;331.428597;0.00;0.01;0.01;0.00
4972393;121116;232856.46;512251.8559N;091145.7086E;331.428597;0.00;0.01;0.01;0.00
4972442;121116;232857.26;512251.8559N;091145.7086E;331.428597;0.00;0.02;0.02;0.00
4972492;121116;232858.46;512251.8559N;091145.7086E;331.428597;0.00;0.01;0.01;0.00
4972542;121116;232859.48;512251.8559N;091145.7086E;331.428597;0.00;0.01;0.01;0.00
4972592;121116;232900.46;512251.8559N;091145.7086E;331.428597;0.00;0.01;0.01;0.00
4972642;121116;232901.46;512251.8559N;091145.7086E;331.428597;0.00;0.01;0.01;0.00
4972692;121116;232902.46;512251.8559N;091145.7086E;331.428597;0.00;0.01;0.01;0.00
4972742;121116;232903.46;512251.8559N;091145.7086E;331.428597;0.00;0.01;0.01;0.00
4972792;121116;232904.46;512251.8559N;091145.7086E;331.428597;0.00;0.01;0.01;0.00
4972842;121116;232905.46;512251.8559N;091145.7086E;331.428597;0.00;0.01;0.01;0.00
4972888;121116;232906.46;512251.8559N;091145.7086E;331.428597;0.00;0.01;0.01;0.00
4972938;121116;232907.46;512251.8559N;091145.7086E;331.428597;0.00;0.01;0.01;0.00
4972988;121116;232908.46;512251.8559N;091145.7086E;331.428597;0.00;0.01;0.01;0.00
4973036;121116;232909.46;512251.8559N;091145.7086E;331.428597;0.00;0.01;0.01;0.00
4973086;121116;232910.46;512251.8559N;091145.7086E;331.428597;0.00;0.01;0.01;0.00
4973133;121116;232911.46;512251.8559N;091145.7086E;331.428597;0.00;0.01;0.01;0.00
4973183;121116;232912.46;512251.8559N;091145.7086E;331.428597;0.00;0.01;0.01;0.00
4973228;121116;232913.46;512251.8559N;091145.7086E;331.428597;0.00;0.01;0.01;0.00
4973278;121116;232914.46;512251.8559N;091145.7086E;331.428597;0.00;0.01;0.01;0.00
4973326;121116;232915.46;512251.8559N;091145.7086E;331.428597;0.00;0.01;0.01;0.00
4973376;121116;232916.46;512251.8559N;091145.7086E;331.428597;0.00;0.01;0.01;0.00
4973424;121116;232917.46;512251.8559N;091145.7086E;331.428597;0.00;0.01;0.01;0.00
4973474;121116;232918.46;512251.8559N;091145.7086E;331.428597;0.00;0.01;0.01;0.00
4973524;121116;232919.46;512251.8559N;091145.7086E;331.428597;0.00;0.01;0.01;0.00
4973574;121116;232920.46;512251.8559N;091145.7086E;331.428597;0.00;0.01;0.01;0.00
4973624;121116;232921.46;512251.8559N;091145.7086E;331.428597;0.00;0.01;0.01;0.00
4973674;121116;232922.46;512251.8559N;091145.7086E;331.428597;0.00;0.01;0.01;0.00
4973724;121116;232923.46;512251.8559N;091145.7086E;331.428597;0.00;0.01;0.01;0.00
4973770;121116;232924.46;512251.8559N;091145.7086E;331.428597;0.00;0.01;0.01;0.00
4973820;121116;232925.46;512251.8559N;091145.7086E;331.428597;0.00;0.01;0.01;0.00
4973870;121116;232926.46;512251.8559N;091145.7086E;331.428597;0.00;0.01;0.01;0.00
4973920;121116;232927.46;512251.8559N;091145.7086E;331.428597;0.00;0.01;0.01;0.00
4973967;121116;232928.46;512251.8559N;091145.7086E;331.428597;0.00;0.01;0.01;0.00
4974017;121116;232929.46;512251.8559N;091145.7086E;331.428597;0.00;0.01;0.01;0.00
4974067;121116;232930.46;512251.8559N;091145.7086E;331.428597;0.00;0.01;0.01;0.00
4974117;121116;232931.46;512251.8559N;091145.7086E;331.428597;0.00;0.01;0.01;0.00
4974167;121116;232932.48;512251.8559N;091145.7086E;331.428597;0.00;0.01;0.01;0.00
4974217;121116;232933.46;512251.8559N;091145.7086E;331.428597;0.00;0.01;0.01;0.00
4974267;121116;232934.26;512251.8559N;091145.7086E;331.428597;0.00;0.01;0.01;0.00
4974317;121116;232935.46;512251.8559N;091145.7086E;331.428597;0.00;0.01;0.01;0.00
4974367;121116;232936.46;512251.8559N;091145.7086E;331.428597;0.00;0.01;0.01;0.00
4974417;121116;232937.48;512251.8559N;091145.7086E;331.428597;0.00;0.01;0.01;0.00
4974463;121116;232938.46;512251.8559N;091145.7086E;331.428597;0.00;0.01;0.01;0.00
4974513;121116;232939.26;512251.8559N;091145.7086E;331.428597;0.00;0.01;0.01;0.00
4974563;121116;232940.46;512251.8559N;091145.7086E;331.428597;0.00;0.01;0.01;0.00
4974613;121116;232941.26;512251.8559N;091145.7086E;331.428597;0.00;0.01;0.01;0.00
4974663;121116;232942.46;512251.8559N;091145.7086E;331.428597;0.00;0.01;0.01;0.00
4974713;121116;232943.26;512251.8559N;091145.7086E;331.428597;0.00;0.01;0.01;0.00
4974763;121116;232944.46;512251.8559N;091145.7086E;331.428597;0.00;0.01;0.01;0.00
4974813;121116;232945.50;512251.8559N;091145.7086E;331.428597;0.00;0.01;0.01;0.00
4974863;121116;232946.46;512251.8559N;091145.7086E;331.428597;0.00;0.01;0.01;0.00
4974913;121116;232947.50;512251.8559N;091145.7086E;331.428597;0.00;0.01;0.01;0.00
4974963;121116;232948.46;512251.8559N;091145.7086E;331.428597;0.00;0.01;0.01;0.00
4975013;121116;232949.46;512251.8559N;091145.7086E;331.428597;0.00;0.01;0.01;0.00
4975063;121116;232950.48;512251.8559N;091145.7086E;331.428597;0.00;0.01;0.01;0.00
4975113;121116;232951.46;512251.8559N;091145.7086E;331.428597;0.00;0.01;0.01;0.00
4975163;121116;232952.47;512251.8559N;091145.7086E;331.428597;0.00;0.01;0.01;0.00
4975213;121116;232953.46;512251.8559N;091145.7086E;331.428597;0.00;0.01;0.01;0.00
4975263;121116;232954.47;512251.8559N;091145.7086E;331.428597;0.00;434.00;434.00;0.00
4975313;121116;232955.46;512251.8559N;091145.7086E;331.428597;0.00;0.01;0.01;0.00
4975363;121116;232956.50;512251.8559N;091145.7086E;331.428597;0.00;0.01;0.01;0.00
4975413;121116;232957.46;512251.8559N;091145.7086E;331.428597;0.00;0.01;0.01;0.00
4975463;121116;232958.46;512251.8559N;091145.7086E;331.428597;0.00;0.01;0.01;0.00
4975513;121116;232959.46;512251.8559N;091145.7086E;331.428597;0.00;0.01;0.01;0.00
