7698226;161116;154000.16;512032.8281N;090912.3689E;334.732383;47.20;0.11;-0.27;26.70
7698252;161116;154001.34;512032.8281N;090912.3689E;334.732383;47.10;0.11;-0.26;26.70
7698293;161116;154002.36;512032.8281N;090912.3689E;334.732383;47.00;0.11;-0.27;26.70
7698329;161116;154003.16;512032.8281N;090912.3689E;334.732383;46.70;0.11;-0.27;26.70
7698379;161116;154004.36;512032.8281N;090912.3689E;334.732383;46.80;0.11;-0.26;26.70
7698429;161116;154005.16;512032.8281N;090912.3689E;334.732383;46.40;0.11;-0.26;26.60
7698479;161116;154006.36;512032.8281N;090912.3689E;334.732383;47.10;0.11;-0.26;26.70
7698529;161116;154007.16;512032.8281N;090912.3689E;334.732383;46.90;0.11;-0.26;26.70
7698542;161116;154008.36;512032.8281N;090912.3689E;334.732383;46.70;0.11;-0.26;26.70
7698569;161116;154009.35;512032.8281N;090912.3689E;334.732383;46.60;0.11;-0.26;26.70
7698619;161116;154010.16;512032.8281N;090912.3689E;334.732383;47.00;0.11;-0.26;26.70
7698669;161116;154011.36;512032.8281N;090912.3689E;334.732383;47.00;0.11;-0.26;26.70
7698719;161116;154012.16;512032.8281N;090912.3689E;334.732383;46.70;0.11;-0.26;26.70
7698769;161116;154013.36;512032.8281N;090912.3689E;334.732383;47.00;0.11;-0.26;26.70
7698819;161116;154014.16;512032.8281N;090912.3689E;334.732383;46.60;0.11;-0.26;26.60
7698869;161116;154015.36;512032.8281N;090912.3689E;334.732383;46.80;0.11;-0.26;26.60
7698919;161116;154016.16;512032.8281N;090912.3689E;334.732383;47.10;0.11;-0.26;26.60
7698969;161116;154017.36;512032.8281N;090912.3689E;334.732383;46.90;0.11;-0.26;26.70
7699019;161116;154018.16;512032.8281N;090912.3689E;334.732383;47.10;0.11;-0.26;26.70
7699048;161116;154019.36;512032.8281N;090912.3689E;334.732383;46.60;0.10;-0.26;26.70
7699084;161116;154020.36;512032.8281N;090912.3689E;334.732383;47.10;0.11;-0.27;26.70
7699134;161116;154021.16;512032.8281N;090912.3689E;334.732383;47.40;0.10;-0.26;26.70
7699184;161116;154022.36;512032.8281N;090912.3689E;334.732383;46.80;0.10;-0.27;26.70
7699234;161116;154023.16;512032.8281N;090912.3689E;334.732383;47.10;0.11;-0.27;26.70
7699284;161116;154024.36;512032.8281N;090912.3689E;334.732383;47.00;0.11;-0.27;26.60
7699334;161116;154025.16;512032.8281N;090912.3689E;334.732383;47.20;0.10;-0.27;26.60
7699357;161116;154026.36;512032.8281N;090912.3689E;334.732383;46.90;0.10;-0.27;26.70
7699402;161116;154027.36;512032.8281N;090912.3689E;334.732383;46.70;0.11;-0.27;26.70
7699452;161116;154028.16;512032.8281N;090912.3689E;334.732383;47.30;0.11;-0.27;26.70
7699502;161116;154029.36;512032.8281N;090912.3689E;334.732383;46.50;0.11;-0.27;26.70
7699552;161116;154030.16;512032.8281N;090912.3689E;334.732383;46.90;0.11;-0.27;26.70
7699602;161116;154031.36;512032.8281N;090912.3689E;334.732383;47.00;0.10;-0.26;26.60
7699652;161116;154032.16;512032.8281N;090912.3689E;334.732383;46.70;0.11;-0.26;26.70
7699678;161116;154033.16;512032.8281N;090912.3689E;334.732383;47.30;0.11;-0.26;26.70
7699728;161116;154034.36;512032.8281N;090912.3689E;334.732383;47.20;0.11;-0.27;26.70
7699778;161116;154035.16;512032.8281N;090912.3689E;334.732383;46.90;0.11;-0.27;26.60
7699819;161116;154036.36;512032.8281N;090912.3689E;334.732383;47.10;0.11;-0.26;26.60
7699869;161116;154037.16;512032.8281N;090912.3689E;334.732383;46.90;0.11;-0.26;26.60
7699919;161116;154038.36;512032.8281N;090912.3689E;334.732383;46.50;0.11;-0.26;26.60
7699969;161116;154039.16;512032.8281N;090912.3689E;334.732383;47.50;0.11;-0.26;26.70
7700019;161116;154040.36;512032.8281N;090912.3689E;334.732383;46.90;0.11;-0.26;26.60
7700069;161116;154041.16;512032.8281N;090912.3689E;334.732383;46.60;0.11;-0.26;26.70
7700119;161116;154042.36;512032.8281N;090912.3689E;334.732383;46.70;0.11;-0.26;26.70
7700169;161116;154043.16;512032.8281N;090912.3689E;334.732383;46.90;0.11;-0.27;26.70
7700219;161116;154044.36;512032.8281N;090912.3689E;334.732383;46.90;0.11;-0.26;26.70
7700269;161116;154045.16;512032.8281N;090912.3689E;334.732383;47.10;0.11;-0.26;26.70
7700298;161116;154046.36;512032.8281N;090912.3689E;334.732383;46.70;0.11;-0.26;26.70
7700347;161116;154047.36;512032.8281N;090912.3689E;334.732383;46.80;0.11;-0.26;26.70
7700397;161116;154048.16;512032.8281N;090912.3689E;334.732383;47.30;0.11;-0.26;26.60
7700447;161116;154049.36;512032.8281N;090912.3689E;334.732383;47.10;0.11;-0.27;26.70
7700497;161116;154050.16;512032.8281N;090912.3689E;334.732383;47.20;0.10;-0.27;26.60
7700547;161116;154051.35;512032.8281N;090912.3689E;334.732383;46.90;0.10;-0.27;26.70
7700597;161116;154052.16;512032.8281N;090912.3689E;334.732383;47.10;0.10;-0.27;26.60
7700646;161116;154053.33;512032.8281N;090912.3689E;334.732383;47.30;0.11;-0.27;26.70
7700696;161116;154054.16;512032.8281N;090912.3689E;334.732383;47.00;0.11;-0.26;26.70
7700746;161116;154055.36;512032.8281N;090912.3689E;334.732383;47.40;0.10;-0.27;26.70
7700796;161116;154056.16;512032.8281N;090912.3689E;334.732383;47.00;0.11;-0.26;26.70
7700846;161116;154057.36;512032.8281N;090912.3689E;334.732383;47.00;0.11;-0.27;26.70
7700896;161116;154058.16;512032.8281N;090912.3689E;334.732383;46.80;0.10;-0.26;26.70
7700946;161116;154059.36;512032.8281N;090912.3689E;334.732383;47.10;0.11;-0.27;26.70
7700995;161116;154100.16;512032.8281N;090912.3689E;334.732383;47.10;0.11;-0.27;26.70
7701045;161116;154101.36;512032.8281N;090912.3689E;334.732383;46.80;0.11;-0.26;26.70
7701090;161116;154102.16;512032.8281N;090912.3689E;334.732383;47.00;0.11;-0.26;26.70
7701140;161116;154103.36;512032.8281N;090912.3689E;334.732383;46.90;0.11;-0.26;26.70
7701190;161116;154104.16;512032.8281N;090912.3689E;334.732383;46.80;0.11;-0.26;26.70
7701240;161116;154105.36;512032.8281N;090912.3689E;334.732383;46.90;0.11;-0.26;26.70
7701290;161116;154106.16;512032.8281N;090912.3689E;334.732383;46.90;0.11;-0.26;26.70
7701340;161116;154107.36;512032.8281N;090912.3689E;334.732383;46.90;0.11;-0.26;26.70
7701390;161116;154108.16;512032.8281N;090912.3689E;334.732383;47.20;0.11;-0.26;26.70
7701440;161116;154109.32;512032.8281N;090912.3689E;334.732383;46.70;0.11;-0.26;26.70
7701490;161116;154110.16;512032.8281N;090912.3689E;334.732383;47.00;0.11;-0.26;26.70
7701540;161116;154111.35;512032.8281N;090912.3689E;334.732383;46.80;0.11;-0.26;26.70
7701590;161116;154112.16;512032.8281N;090912.3689E;334.732383;47.10;0.11;-0.26;26.70
7701640;161116;154113.32;512032.8281N;090912.3689E;334.732383;46.70;0.11;-0.26;26.70
7701690;161116;154114.16;512032.8281N;090912.3689E;334.732383;47.30;0.11;-0.26;26.70
7701700;161116;154115.35;512032.8281N;090912.3689E;334.732383;45.80;0.11;-0.26;26.70
7701745;161116;154116.16;512032.8281N;090912.3689E;334.732383;47.10;0.11;-0.26;26.70
7701771;161116;154117.36;512032.8281N;090912.3689E;334.732383;46.60;0.11;-0.27;26.70
7701819;161116;154118.36;512032.8281N;090912.3689E;334.732383;47.00;0.11;-0.27;26.70
7701869;161116;154119.16;512032.8281N;090912.3689E;334.732383;47.30;0.10;-0.27;26.70
7701899;161116;154120.36;512032.8281N;090912.3689E;334.732383;46.90;0.10;-0.27;26.70
7701939;161116;154121.36;512032.8281N;090912.3689E;334.732383;47.20;0.10;-0.26;26.70
7701976;161116;154122.16;512032.8281N;090912.3689E;334.732383;47.60;0.10;-0.27;26.60
7702026;161116;154123.36;512032.8281N;090912.3689E;334.732383;46.90;0.10;-0.27;26.70
7702076;161116;154124.16;512032.8281N;090912.3689E;334.732383;47.20;0.10;-0.27;26.70
7702126;161116;154125.36;512032.8281N;090912.3689E;334.732383;47.00;0.11;-0.26;26.70
7702176;161116;154126.16;512032.8281N;090912.3689E;334.732383;47.30;0.11;-0.27;26.70
7702194;161116;154127.36;512032.8281N;090912.3689E;334.732383;46.70;0.11;-0.27;26.70
7702244;161116;154128.16;512032.8281N;090912.3689E;334.732383;46.80;0.10;-0.27;26.70
7702294;161116;154129.36;512032.8281N;090912.3689E;334.732383;46.60;0.11;-0.26;26.70
7702344;161116;154130.16;512032.8281N;090912.3689E;334.732383;47.00;0.11;-0.26;26.70
7702394;161116;154131.36;512032.8281N;090912.3689E;334.732383;46.70;0.11;-0.26;26.80
7702444;161116;154132.16;512032.8281N;090912.3689E;334.732383;47.60;0.11;-0.27;26.80
7702458;161116;154133.36;512032.8281N;090912.3689E;334.732383;46.70;0.11;-0.26;26.70
7702508;161116;154134.16;512032.8281N;090912.3689E;334.732383;47.20;0.11;-0.26;26.70
7702532;161116;154135.36;512032.8281N;090912.3689E;334.732383;46.90;0.11;-0.26;26.80
7702550;161116;154136.36;512032.8281N;090912.3689E;334.732383;47.10;0.11;-0.26;26.80
7702573;161116;154137.36;512032.8281N;090912.3689E;334.732383;46.50;0.11;-0.26;26.80
7702623;161116;154138.16;512032.8281N;090912.3689E;334.732383;46.70;0.11;-0.26;26.70
7702673;161116;154139.36;512032.8281N;090912.3689E;334.732383;46.80;0.11;-0.26;26.70
7702723;161116;154140.16;512032.8281N;090912.3689E;334.732383;47.30;0.11;-0.26;26.80
7702773;161116;154141.36;512032.8281N;090912.3689E;334.732383;46.60;0.11;-0.26;26.80
7702823;161116;154142.16;512032.8281N;090912.3689E;334.732383;47.20;0.11;-0.26;26.80
7702873;161116;154143.36;512032.8281N;090912.3689E;334.732383;46.70;0.11;-0.26;26.80
7702923;161116;154144.16;512032.8281N;090912.3689E;334.732383;46.90;0.11;-0.26;26.80
7702973;161116;154145.36;512032.8281N;090912.3689E;334.732383;46.90;0.11;-0.26;26.70
7703023;161116;154146.16;512032.8281N;090912.3689E;334.732383;47.20;0.10;-0.27;26.70
7703073;161116;154147.36;512032.8281N;090912.3689E;334.732383;47.10;0.11;-0.27;26.70
7703123;161116;154148.16;512032.8281N;090912.3689E;334.732383;46.80;0.11;-0.27;26.80
7703155;161116;154149.36;512032.8281N;090912.3689E;334.732383;47.00;0.10;-0.27;26.80
7703195;161116;154150.35;512032.8281N;090912.3689E;334.732383;46.50;0.10;-0.27;26.80
7703245;161116;154151.16;512032.8281N;090912.3689E;334.732383;47.20;0.10;-0.27;26.80
7703295;161116;154152.36;512032.8281N;090912.3689E;334.732383;47.00;0.10;-0.28;26.70
7703345;161116;154153.16;512032.8281N;090912.3689E;334.732383;47.20;0.11;-0.27;26.70
7703395;161116;154154.36;512032.8281N;090912.3689E;334.732383;46.70;0.11;-0.27;26.80
7703445;161116;154155.16;512032.8281N;090912.3689E;334.732383;46.90;0.11;-0.27;26.80
7703495;161116;154156.36;512032.8281N;090912.3689E;334.732383;47.10;0.10;-0.27;26.80
7703545;161116;154157.16;512032.8281N;090912.3689E;334.732383;47.00;0.11;-0.27;26.80
7703594;161116;154158.36;512032.8281N;090912.3689E;334.732383;46.70;0.11;-0.26;26.70
7703644;161116;154159.16;512032.8281N;090912.3689E;334.732383;47.10;0.11;-0.26;26.70
7703685;161116;154200.36;512032.8281N;090912.3689E;334.732383;47.20;0.11;-0.27;26.70
7703735;161116;154201.16;512032.8281N;090912.3689E;334.732383;46.90;0.11;-0.26;26.70
7703785;161116;154202.36;512032.8281N;090912.3689E;334.732383;47.20;0.11;-0.26;26.70
7703835;161116;154203.16;512032.8281N;090912.3689E;334.732383;46.90;0.11;-0.26;26.70
7703885;161116;154204.36;512032.8281N;090912.3689E;334.732383;47.10;0.11;-0.26;26.70
7703935;161116;154205.16;512032.8281N;090912.3689E;334.732383;46.70;0.11;-0.26;26.80
7703985;161116;154206.36;512032.8281N;090912.3689E;334.732383;46.80;0.11;-0.26;26.70
7704035;161116;154207.16;512032.8281N;090912.3689E;334.732383;46.70;0.11;-0.26;26.70
7704085;161116;154208.36;512032.8281N;090912.3689E;334.732383;46.60;0.11;-0.26;26.70
7704135;161116;154209.16;512032.8281N;090912.3689E;334.732383;47.20;0.11;-0.26;26.70
7704185;161116;154210.35;512032.8281N;090912.3689E;334.732383;46.80;0.11;-0.26;26.80
7704235;161116;154211.16;512032.8281N;090912.3689E;334.732383;46.80;0.11;-0.26;26.80
7704285;161116;154212.34;512032.8281N;090912.3689E;334.732383;47.60;0.11;-0.26;26.80
7704335;161116;154213.16;512032.8281N;090912.3689E;334.732383;47.00;0.11;-0.26;26.80
7704362;161116;154214.36;512032.8281N;090912.3689E;334.732383;47.00;0.11;-0.27;26.80
7704411;161116;154215.36;512032.8281N;090912.3689E;334.732383;47.10;0.11;-0.27;26.80
7704461;161116;154216.16;512032.8281N;090912.3689E;334.732383;46.80;0.11;-0.27;26.80
7704511;161116;154217.36;512032.8281N;090912.3689E;334.732383;46.90;0.11;-0.27;26.80
7704561;161116;154218.16;512032.8281N;090912.3689E;334.732383;46.90;0.11;-0.27;26.80
7704611;161116;154219.36;512032.8281N;090912.3689E;334.732383;47.20;0.10;-0.27;26.80
7704661;161116;154220.16;512032.8281N;090912.3689E;334.732383;47.00;0.10;-0.27;26.80
7704711;161116;154221.36;512032.8281N;090912.3689E;334.732383;47.00;0.10;-0.27;26.80
7704761;161116;154222.16;512032.8281N;090912.3689E;334.732383;46.60;0.11;-0.27;26.80
7704811;161116;154223.36;512032.8281N;090912.3689E;334.732383;47.30;0.11;-0.26;26.80
7704861;161116;154224.16;512032.8281N;090912.3689E;334.732383;46.90;0.11;-0.27;26.70
7704911;161116;154225.36;512032.8281N;090912.3689E;334.732383;46.80;0.11;-0.27;26.70
7704961;161116;154226.16;512032.8281N;090912.3689E;334.732383;47.00;0.11;-0.26;26.70
7705011;161116;154227.36;512032.8281N;090912.3689E;334.732383;46.60;0.11;-0.27;26.80
7705061;161116;154228.16;512032.8281N;090912.3689E;334.732383;46.40;0.11;-0.26;26.80
7705111;161116;154229.36;512032.8281N;090912.3689E;334.732383;46.80;0.11;-0.26;26.80
7705161;161116;154230.16;512032.8281N;090912.3689E;334.732383;46.70;0.11;-0.26;26.80
7705194;161116;154231.36;512032.8281N;090912.3689E;334.732383;46.50;0.11;-0.26;26.80
7705243;161116;154232.36;512032.8281N;090912.3689E;334.732383;46.60;0.11;-0.26;26.80
7705293;161116;154233.16;512032.8281N;090912.3689E;334.732383;46.60;0.11;-0.26;26.80
7705343;161116;154234.36;512032.8281N;090912.3689E;334.732383;46.90;0.11;-0.26;26.80
7705393;161116;154235.16;512032.8281N;090912.3689E;334.732383;46.70;0.11;-0.26;26.70
7705443;161116;154236.36;512032.8281N;090912.3689E;334.732383;46.20;0.11;-0.26;26.80
7705493;161116;154237.16;512032.8281N;090912.3689E;334.732383;46.50;0.11;-0.26;26.80
7705543;161116;154238.36;512032.8281N;090912.3689E;334.732383;46.90;0.11;-0.26;26.80
7705590;161116;154239.16;512032.8281N;090912.3689E;334.732383;46.70;0.11;-0.26;26.80
7705640;161116;154240.36;512032.8281N;090912.3689E;334.732383;47.00;0.11;-0.26;26.80
7705690;161116;154241.16;512032.8281N;090912.3689E;334.732383;47.20;0.10;-0.26;26.80
7705719;161116;154242.36;512032.8281N;090912.3689E;334.732383;46.60;0.10;-0.26;26.80
7705769;161116;154243.36;512032.8281N;090912.3689E;334.732383;47.10;0.10;-0.27;26.80
7705819;161116;154244.16;512032.8281N;090912.3689E;334.732383;47.30;0.11;-0.27;26.80
7705867;161116;154245.36;512032.8281N;090912.3689E;334.732383;46.90;0.10;-0.27;26.80
7705917;161116;154246.16;512032.8281N;090912.3689E;334.732383;47.30;0.11;-0.27;26.80
7705967;161116;154247.34;512032.8281N;090912.3689E;334.732383;47.50;0.10;-0.27;26.80
7706017;161116;154248.16;512032.8281N;090912.3689E;334.732383;46.80;0.11;-0.27;26.80
7706067;161116;154249.36;512032.8281N;090912.3689E;334.732383;47.00;0.10;-0.27;26.80
7706117;161116;154250.16;512032.8281N;090912.3689E;334.732383;46.80;0.11;-0.27;26.80
7706166;161116;154251.36;512032.8281N;090912.3689E;334.732383;47.00;0.11;-0.27;26.80
7706216;161116;154252.16;512032.8281N;090912.3689E;334.732383;46.70;0.11;-0.27;26.80
7706266;161116;154253.36;512032.8281N;090912.3689E;334.732383;47.10;0.11;-0.27;26.80
7706316;161116;154254.16;512032.8281N;090912.3689E;334.732383;46.70;0.11;-0.26;26.80
7706366;161116;154255.36;512032.8281N;090912.3689E;334.732383;46.70;0.11;-0.26;26.70
7706416;161116;154256.16;512032.8281N;090912.3689E;334.732383;47.40;0.11;-0.26;26.80
7706441;161116;154257.36;512032.8281N;090912.3689E;334.732383;46.40;0.11;-0.26;26.80
7706486;161116;154258.16;512032.8281N;090912.3689E;334.732383;46.90;0.11;-0.26;26.80
7706536;161116;154259.16;512032.8281N;090912.3689E;334.732383;46.60;0.11;-0.26;26.80
7706586;161116;154300.35;512032.8281N;090912.3689E;334.732383;46.90;0.11;-0.26;26.80
7706636;161116;154301.16;512032.8281N;090912.3689E;334.732383;46.70;0.11;-0.26;26.80
7706686;161116;154302.36;512032.8281N;090912.3689E;334.732383;47.20;0.11;-0.26;26.80
7706736;161116;154303.16;512032.8281N;090912.3689E;334.732383;46.90;0.11;-0.26;26.80
7706786;161116;154304.36;512032.8281N;090912.3689E;334.732383;46.90;0.11;-0.26;26.80
7706836;161116;154305.16;512032.8281N;090912.3689E;334.732383;47.20;0.11;-0.26;26.80
7706886;161116;154306.36;512032.8281N;090912.3689E;334.732383;47.30;0.11;-0.26;26.80
7706936;161116;154307.16;512032.8281N;090912.3689E;334.732383;46.60;0.11;-0.26;26.80
7706986;161116;154308.36;512032.8281N;090912.3689E;334.732383;46.80;0.11;-0.26;26.80
7707036;161116;154309.16;512032.8281N;090912.3689E;334.732383;47.10;0.11;-0.26;26.80
7707086;161116;154310.36;512032.8281N;090912.3689E;334.732383;46.70;0.10;-0.26;26.80
7707136;161116;154311.16;512032.8281N;090912.3689E;334.732383;47.50;0.11;-0.26;26.80
7707186;161116;154312.36;512032.8281N;090912.3689E;334.732383;47.20;0.10;-0.27;26.80
7707236;161116;154313.16;512032.8281N;090912.3689E;334.732383;46.90;0.10;-0.27;26.80
7707286;161116;154314.36;512032.8281N;090912.3689E;334.732383;47.10;0.11;-0.27;26.80
7707336;161116;154315.16;512032.8281N;090912.3689E;334.732383;47.10;0.11;-0.27;26.80
7707386;161116;154316.36;512032.8281N;090912.3689E;334.732383;46.70;0.11;-0.27;26.80
7707436;161116;154317.16;512032.8281N;090912.3689E;334.732383;47.10;0.10;-0.27;26.80
7707486;161116;154318.36;512032.8281N;090912.3689E;334.732383;47.00;0.11;-0.27;26.80
7707536;161116;154319.16;512032.8281N;090912.3689E;334.732383;47.00;0.11;-0.27;26.80
7707586;161116;154320.36;512032.8281N;090912.3689E;334.732383;46.60;0.11;-0.27;26.80
7707636;161116;154321.16;512032.8281N;090912.3689E;334.732383;47.20;0.11;-0.27;26.80
7707686;161116;154322.36;512032.8281N;090912.3689E;334.732383;46.60;0.11;-0.27;26.80
7707736;161116;154323.16;512032.8281N;090912.3689E;334.732383;47.30;0.11;-0.26;26.80
7707764;161116;154324.36;512032.8281N;090912.3689E;334.732383;47.10;0.11;-0.26;26.80
7707799;161116;154325.36;512032.8281N;090912.3689E;334.732383;46.30;0.11;-0.26;26.80
7707831;161116;154326.36;512032.8281N;090912.3689E;334.732383;46.50;0.11;-0.26;26.80
7707881;161116;154327.16;512032.8281N;090912.3689E;334.732383;47.20;0.11;-0.26;26.80
7707931;161116;154328.36;512032.8281N;090912.3689E;334.732383;46.80;0.11;-0.26;26.80
7707981;161116;154329.16;512032.8281N;090912.3689E;334.732383;47.10;0.11;-0.26;26.80
7708031;161116;154330.36;512032.8281N;090912.3689E;334.732383;46.80;0.11;-0.26;26.80
7708074;161116;154331.16;512032.8281N;090912.3689E;334.732383;47.10;0.11;-0.26;26.80
7708124;161116;154332.36;512032.8281N;090912.3689E;334.732383;46.50;0.11;-0.26;26.90
7708174;161116;154333.16;512032.8281N;090912.3689E;334.732383;47.40;0.11;-0.26;26.90
7708224;161116;154334.36;512032.8281N;090912.3689E;334.732383;46.90;0.11;-0.26;26.80
7708274;161116;154335.16;512032.8281N;090912.3689E;334.732383;47.20;0.11;-0.26;26.80
7708324;161116;154336.36;512032.8281N;090912.3689E;334.732383;46.90;0.11;-0.26;26.80
7708368;161116;154337.16;512032.8281N;090912.3689E;334.732383;47.10;0.11;-0.26;26.80
7708390;161116;154338.36;512032.8281N;090912.3689E;334.732383;46.70;0.11;-0.26;26.90
7708434;161116;154339.36;512032.8281N;090912.3689E;334.732383;46.90;0.11;-0.26;26.90
7708484;161116;154340.16;512032.8281N;090912.3689E;334.732383;47.50;0.11;-0.27;26.90
7708490;161116;154341.36;512032.8281N;090912.3689E;334.732383;47.30;0.11;-0.27;26.90
7708526;161116;154342.36;512032.8281N;090912.3689E;334.732383;46.70;0.11;-0.27;26.90
7708576;161116;154343.16;512032.8281N;090912.3689E;334.732383;47.10;0.11;-0.27;26.90
7708624;161116;154344.36;512032.8281N;090912.3689E;334.732383;47.20;0.10;-0.27;26.90
7708674;161116;154345.16;512032.8281N;090912.3689E;334.732383;47.10;0.11;-0.27;26.90
7708724;161116;154346.36;512032.8281N;090912.3689E;334.732383;47.00;0.10;-0.27;26.90
7708774;161116;154347.16;512032.8281N;090912.3689E;334.732383;47.30;0.11;-0.26;26.80
7708824;161116;154348.36;512032.8281N;090912.3689E;334.732383;46.90;0.11;-0.26;26.80
7708874;161116;154349.16;512032.8281N;090912.3689E;334.732383;47.20;0.11;-0.26;26.80
7708924;161116;154350.36;512032.8281N;090912.3689E;334.732383;46.80;0.11;-0.27;26.80
7708974;161116;154351.16;512032.8281N;090912.3689E;334.732383;47.20;0.11;-0.26;26.80
7709024;161116;154352.36;512032.8281N;090912.3689E;334.732383;46.90;0.11;-0.26;26.80
7709074;161116;154353.16;512032.8281N;090912.3689E;334.732383;47.30;0.11;-0.26;26.80
7709124;161116;154354.36;512032.8281N;090912.3689E;334.732383;46.60;0.11;-0.27;26.80
7709174;161116;154355.16;512032.8281N;090912.3689E;334.732383;46.60;0.11;-0.26;26.80
7709224;161116;154356.36;512032.8281N;090912.3689E;334.732383;47.20;0.11;-0.26;26.80
7709274;161116;154357.16;512032.8281N;090912.3689E;334.732383;46.80;0.11;-0.26;26.80
7709324;161116;154358.36;512032.8281N;090912.3689E;334.732383;46.90;0.11;-0.26;26.80
7709374;161116;154359.16;512032.8281N;090912.3689E;334.732383;46.90;0.11;-0.26;26.80
7709424;161116;154400.35;512032.8281N;090912.3689E;334.732383;46.70;0.11;-0.26;26.90
7709474;161116;154401.16;512032.8281N;090912.3689E;334.732383;46.90;0.11;-0.26;26.80
7709524;161116;154402.16;512032.8281N;090912.3689E;334.732383;46.80;0.11;-0.26;26.80
7709574;161116;154403.16;512032.8281N;090912.3689E;334.732383;46.70;0.11;-0.26;26.90
7709599;161116;154404.16;512032.8281N;090912.3689E;334.732383;46.40;0.11;-0.26;26.80
7709632;161116;154405.36;512032.8281N;090912.3689E;334.732383;46.60;0.11;-0.26;26.80
7709666;161116;154406.38;512032.8281N;090912.3689E;334.732383;45.40;0.11;-0.26;26.80
7709716;161116;154407.16;512032.8281N;090912.3689E;334.732383;47.00;0.11;-0.26;26.80
7709766;161116;154408.36;512032.8281N;090912.3689E;334.732383;46.60;0.11;-0.27;26.80
7709816;161116;154409.16;512032.8281N;090912.3689E;334.732383;46.80;0.10;-0.28;26.80
7709866;161116;154410.36;512032.8281N;090912.3689E;334.732383;47.10;0.11;-0.27;26.80
7709916;161116;154411.16;512032.8281N;090912.3689E;334.732383;46.80;0.11;-0.27;26.70
7709966;161116;154412.36;512032.8281N;090912.3689E;334.732383;46.80;0.11;-0.27;26.70
7710016;161116;154413.16;512032.8281N;090912.3689E;334.732383;46.90;0.11;-0.28;26.80
7710066;161116;154414.36;512032.8281N;090912.3689E;334.732383;46.80;0.10;-0.28;26.80
7710116;161116;154415.16;512032.8281N;090912.3689E;334.732383;47.00;0.10;-0.27;26.80
7710166;161116;154416.36;512032.8281N;090912.3689E;334.732383;46.60;0.11;-0.27;26.80
7710216;161116;154417.16;512032.8281N;090912.3689E;334.732383;47.50;0.11;-0.27;26.80
7710266;161116;154418.36;512032.8281N;090912.3689E;334.732383;46.90;0.11;-0.27;26.80
7710316;161116;154419.16;512032.8281N;090912.3689E;334.732383;47.10;0.11;-0.27;26.80
7710360;161116;154420.36;512032.8281N;090912.3689E;334.732383;46.90;0.11;-0.27;26.80
7710410;161116;154421.16;512032.8281N;090912.3689E;334.732383;46.80;0.11;-0.26;26.80
7710455;161116;154422.36;512032.8281N;090912.3689E;334.732383;47.10;0.11;-0.26;26.90
7710505;161116;154423.16;512032.8281N;090912.3689E;334.732383;47.10;0.11;-0.27;26.90
7710555;161116;154424.36;512032.8281N;090912.3689E;334.732383;46.70;0.11;-0.26;26.90
7710602;161116;154425.16;512032.8281N;090912.3689E;334.732383;47.20;0.11;-0.26;26.90
7710652;161116;154426.36;512032.8281N;090912.3689E;334.732383;46.20;0.11;-0.26;26.80
7710702;161116;154427.16;512032.8281N;090912.3689E;334.732383;47.10;0.11;-0.26;26.80
7710752;161116;154428.36;512032.8281N;090912.3689E;334.732383;46.90;0.11;-0.26;26.90
7710802;161116;154429.16;512032.8281N;090912.3689E;334.732383;47.20;0.11;-0.26;26.80
7710852;161116;154430.36;512032.8281N;090912.3689E;334.732383;46.90;0.11;-0.26;26.80
7710902;161116;154431.16;512032.8281N;090912.3689E;334.732383;47.10;0.11;-0.26;26.80
7710952;161116;154432.36;512032.8281N;090912.3689E;334.732383;46.80;0.11;-0.26;26.90
7711002;161116;154433.16;512032.8281N;090912.3689E;334.732383;46.80;0.11;-0.26;26.90
7711052;161116;154434.36;512032.8281N;090912.3689E;334.732383;46.80;0.11;-0.26;26.80
7711102;161116;154435.16;512032.8281N;090912.3689E;334.732383;46.60;0.11;-0.26;26.90
7711152;161116;154436.36;512032.8281N;090912.3689E;334.732383;46.70;0.11;-0.27;26.80
7711202;161116;154437.16;512032.8281N;090912.3689E;334.732383;46.80;0.11;-0.26;26.90
7711252;161116;154438.36;512032.8281N;090912.3689E;334.732383;47.10;0.10;-0.27;26.90
7711302;161116;154439.16;512032.8281N;090912.3689E;334.732383;47.00;0.11;-0.27;26.80
7711352;161116;154440.36;512032.8281N;090912.3689E;334.732383;46.40;0.10;-0.27;26.90
7711402;161116;154441.16;512032.8281N;090912.3689E;334.732383;47.40;0.11;-0.27;26.80
7711444;161116;154442.36;512032.8281N;090912.3689E;334.732383;46.80;0.10;-0.28;26.80
7711494;161116;154443.16;512032.8281N;090912.3689E;334.732383;47.30;0.10;-0.27;26.80
7711500;161116;154444.37;512032.8281N;090912.3689E;334.732383;47.00;0.10;-0.27;26.90
7711535;161116;154445.36;512032.8281N;090912.3689E;334.732383;47.00;0.11;-0.27;26.90
7711585;161116;154446.16;512032.8281N;090912.3689E;334.732383;47.00;0.11;-0.27;26.90
7711635;161116;154447.36;512032.8281N;090912.3689E;334.732383;46.90;0.11;-0.27;26.90
7711685;161116;154448.16;512032.8281N;090912.3689E;334.732383;47.30;0.11;-0.26;26.90
7711721;161116;154449.36;512032.8281N;090912.3689E;334.732383;46.70;0.11;-0.26;26.80
7711740;161116;154450.16;512032.8281N;090912.3689E;334.732383;46.80;0.11;-0.26;26.80
7711782;161116;154451.16;512032.8281N;090912.3689E;334.732383;47.00;0.11;-0.27;26.80
7711832;161116;154452.16;512032.8281N;090912.3689E;334.732383;46.80;0.11;-0.26;26.80
7711882;161116;154453.16;512032.8281N;090912.3689E;334.732383;47.10;0.11;-0.27;26.90
7711932;161116;154454.38;512032.8281N;090912.3689E;334.732383;46.90;0.11;-0.26;26.90
7711982;161116;154455.16;512032.8281N;090912.3689E;334.732383;46.80;0.11;-0.26;26.80
7712015;161116;154456.36;512032.8281N;090912.3689E;334.732383;47.20;0.11;-0.26;26.80
7712038;161116;154457.36;512032.8281N;090912.3689E;334.732383;46.50;0.11;-0.27;26.80
7712082;161116;154458.16;512032.8281N;090912.3689E;334.732383;46.90;0.11;-0.26;26.80
7712132;161116;154459.37;512032.8281N;090912.3689E;334.732383;46.70;0.11;-0.26;26.80
7712182;161116;154500.16;512032.8281N;090912.3689E;334.732383;47.20;0.11;-0.26;26.80
7712232;161116;154501.37;512032.8281N;090912.3689E;334.732383;46.70;0.11;-0.26;26.90
7712282;161116;154502.16;512032.8281N;090912.3689E;334.732383;46.40;0.11;-0.26;26.80
7712306;161116;154503.38;512032.8281N;090912.3689E;334.732383;45.40;0.11;-0.26;26.80
7712354;161116;154504.36;512032.8281N;090912.3689E;334.732383;46.80;0.11;-0.26;26.80
7712404;161116;154505.16;512032.8281N;090912.3689E;334.732383;46.90;0.11;-0.26;26.80
7712454;161116;154506.36;512032.8281N;090912.3689E;334.732383;46.90;0.11;-0.27;26.80
7712504;161116;154507.16;512032.8281N;090912.3689E;334.732383;46.70;0.11;-0.27;26.80
7712554;161116;154508.36;512032.8281N;090912.3689E;334.732383;47.00;0.10;-0.27;26.80
7712604;161116;154509.16;512032.8281N;090912.3689E;334.732383;46.90;0.10;-0.27;26.90
7712654;161116;154510.36;512032.8281N;090912.3689E;334.732383;46.50;0.10;-0.27;26.90
7712704;161116;154511.16;512032.8281N;090912.3689E;334.732383;46.60;0.10;-0.28;26.90
7712754;161116;154512.36;512032.8281N;090912.3689E;334.732383;46.80;0.11;-0.27;26.90
7712804;161116;154513.16;512032.8281N;090912.3689E;334.732383;46.70;0.11;-0.27;26.80
7712854;161116;154514.36;512032.8281N;090912.3689E;334.732383;47.30;0.11;-0.27;26.80
7712903;161116;154515.16;512032.8281N;090912.3689E;334.732383;47.10;0.11;-0.27;26.80
7712953;161116;154516.36;512032.8281N;090912.3689E;334.732383;47.00;0.11;-0.27;26.90
7713003;161116;154517.16;512032.8281N;090912.3689E;334.732383;46.80;0.11;-0.27;26.90
7713053;161116;154518.36;512032.8281N;090912.3689E;334.732383;47.30;0.11;-0.26;26.90
7713103;161116;154519.16;512032.8281N;090912.3689E;334.732383;47.10;0.11;-0.26;26.90
7713128;161116;154520.36;512032.8281N;090912.3689E;334.732383;47.40;0.11;-0.27;26.90
7713174;161116;154521.36;512032.8281N;090912.3689E;334.732383;46.70;0.11;-0.26;26.80
7713224;161116;154522.16;512032.8281N;090912.3689E;334.732383;46.40;0.11;-0.26;26.80
7713274;161116;154523.36;512032.8281N;090912.3689E;334.732383;46.80;0.11;-0.26;26.80
7713324;161116;154524.16;512032.8281N;090912.3689E;334.732383;46.70;0.11;-0.26;26.80
7713374;161116;154525.36;512032.8281N;090912.3689E;334.732383;46.60;0.11;-0.26;26.80
7713421;161116;154526.16;512032.8281N;090912.3689E;334.732383;46.60;0.11;-0.27;26.80
7713471;161116;154527.36;512032.8281N;090912.3689E;334.732383;46.70;0.11;-0.26;26.80
7713521;161116;154528.16;512032.8281N;090912.3689E;334.732383;46.90;0.11;-0.26;26.80
7713571;161116;154529.36;512032.8281N;090912.3689E;334.732383;46.40;0.11;-0.26;26.80
7713621;161116;154530.16;512032.8281N;090912.3689E;334.732383;47.10;0.11;-0.26;26.90
7713671;161116;154531.36;512032.8281N;090912.3689E;334.732383;46.40;0.11;-0.26;26.90
7713721;161116;154532.16;512032.8281N;090912.3689E;334.732383;47.20;0.11;-0.26;26.80
7713771;161116;154533.36;512032.8281N;090912.3689E;334.732383;46.80;0.11;-0.26;26.80
7713821;161116;154534.16;512032.8281N;090912.3689E;334.732383;47.10;0.10;-0.27;26.80
7713871;161116;154535.36;512032.8281N;090912.3689E;334.732383;46.70;0.11;-0.28;26.80
7713921;161116;154536.16;512032.8281N;090912.3689E;334.732383;47.50;0.11;-0.27;26.80
7713951;161116;154537.36;512032.8281N;090912.3689E;334.732383;47.00;0.11;-0.27;26.70
7713998;161116;154538.16;512032.8281N;090912.3689E;334.732383;47.00;0.11;-0.27;26.70
7714048;161116;154539.16;512032.8281N;090912.3689E;334.732383;47.00;0.10;-0.27;26.70
7714098;161116;154540.36;512032.8281N;090912.3689E;334.732383;47.30;0.10;-0.27;26.70
7714148;161116;154541.16;512032.8281N;090912.3689E;334.732383;47.50;0.11;-0.27;26.70
7714173;161116;154542.36;512032.8281N;090912.3689E;334.732383;47.10;0.11;-0.27;26.80
7714217;161116;154543.16;512032.8281N;090912.3689E;334.732383;46.80;0.11;-0.27;26.80
7714267;161116;154544.16;512032.8281N;090912.3689E;334.732383;47.20;0.11;-0.27;26.80
7714317;161116;154545.16;512032.8281N;090912.3689E;334.732383;46.40;0.11;-0.27;26.80
7714367;161116;154546.16;512032.8281N;090912.3689E;334.732383;47.30;0.11;-0.26;26.80
7714417;161116;154547.35;512032.8281N;090912.3689E;334.732383;46.80;0.11;-0.26;26.80
7714467;161116;154548.16;512032.8281N;090912.3689E;334.732383;47.20;0.11;-0.27;26.80
7714517;161116;154549.37;512032.8281N;090912.3689E;334.732383;46.60;0.11;-0.26;26.80
7714567;161116;154550.16;512032.8281N;090912.3689E;334.732383;46.70;0.11;-0.26;26.80
7714617;161116;154551.38;512032.8281N;090912.3689E;334.732383;46.50;0.11;-0.26;26.90
7714667;161116;154552.16;512032.8281N;090912.3689E;334.732383;47.50;0.11;-0.26;26.80
7714717;161116;154553.36;512032.8281N;090912.3689E;334.732383;46.80;0.11;-0.27;26.80
7714767;161116;154554.16;512032.8281N;090912.3689E;334.732383;47.10;0.11;-0.26;26.80
7714817;161116;154555.36;512032.8281N;090912.3689E;334.732383;46.80;0.11;-0.26;26.80
7714867;161116;154556.16;512032.8281N;090912.3689E;334.732383;47.00;0.11;-0.26;26.80
7714912;161116;154557.36;512032.8281N;090912.3689E;334.732383;46.70;0.11;-0.26;26.80
7714962;161116;154558.16;512032.8281N;090912.3689E;334.732383;46.80;0.11;-0.26;26.80
7715012;161116;154559.36;512032.8281N;090912.3689E;334.732383;46.80;0.11;-0.26;26.80
7715062;161116;154600.16;512032.8281N;090912.3689E;334.732383;46.70;0.11;-0.26;26.90
7715095;161116;154601.36;512032.8281N;090912.3689E;334.732383;46.90;0.11;-0.27;26.90
7715145;161116;154602.36;512032.8281N;090912.3689E;334.732383;47.00;0.11;-0.26;26.90
7715195;161116;154603.16;512032.8281N;090912.3689E;334.732383;47.00;0.10;-0.28;26.80
7715245;161116;154604.36;512032.8281N;090912.3689E;334.732383;46.40;0.10;-0.27;26.80
7715295;161116;154605.16;512032.8281N;090912.3689E;334.732383;46.80;0.11;-0.27;26.80
7715345;161116;154606.36;512032.8281N;090912.3689E;334.732383;46.70;0.11;-0.27;26.80
7715395;161116;154607.16;512032.8281N;090912.3689E;334.732383;46.70;0.11;-0.27;26.80
7715404;161116;154608.36;512032.8281N;090912.3689E;334.732383;46.70;0.10;-0.27;26.80
7715443;161116;154609.36;512032.8281N;090912.3689E;334.732383;47.00;0.10;-0.27;26.80
7715493;161116;154610.16;512032.8281N;090912.3689E;334.732383;47.20;0.11;-0.27;26.80
7715543;161116;154611.36;512032.8281N;090912.3689E;334.732383;46.90;0.11;-0.27;26.80
7715593;161116;154612.16;512032.8281N;090912.3689E;334.732383;47.00;0.11;-0.27;26.80
7715643;161116;154613.36;512032.8281N;090912.3689E;334.732383;47.00;0.11;-0.27;26.80
7715691;161116;154614.16;512032.8281N;090912.3689E;334.732383;47.00;0.11;-0.26;26.80
7715741;161116;154615.36;512032.8281N;090912.3689E;334.732383;47.10;0.11;-0.27;26.90
7715791;161116;154616.16;512032.8281N;090912.3689E;334.732383;46.80;0.11;-0.26;26.80
7715841;161116;154617.36;512032.8281N;090912.3689E;334.732383;47.20;0.11;-0.27;26.80
7715891;161116;154618.16;512032.8281N;090912.3689E;334.732383;46.80;0.11;-0.26;26.80
7715941;161116;154619.36;512032.8281N;090912.3689E;334.732383;47.30;0.11;-0.26;26.80
7715991;161116;154620.16;512032.8281N;090912.3689E;334.732383;46.70;0.11;-0.26;26.80
7715997;161116;154621.36;512032.8281N;090912.3689E;334.732383;47.00;0.11;-0.26;26.80
7716031;161116;154622.36;512032.8281N;090912.3689E;334.732383;46.80;0.11;-0.26;26.80
7716081;161116;154623.16;512032.8281N;090912.3689E;334.732383;47.40;0.11;-0.27;26.80
7716131;161116;154624.36;512032.8281N;090912.3689E;334.732383;46.80;0.11;-0.26;26.80
7716181;161116;154625.16;512032.8281N;090912.3689E;334.732383;47.30;0.11;-0.26;26.80
7716231;161116;154626.36;512032.8281N;090912.3689E;334.732383;46.50;0.11;-0.26;26.90
7716281;161116;154627.16;512032.8281N;090912.3689E;334.732383;47.00;0.11;-0.26;26.90
7716331;161116;154628.36;512032.8281N;090912.3689E;334.732383;46.90;0.11;-0.26;26.80
7716377;161116;154629.15;512032.8281N;090912.3689E;334.732383;46.90;0.11;-0.26;26.80
7716427;161116;154630.35;512032.8281N;090912.3689E;334.732383;46.70;0.11;-0.27;26.80
7716477;161116;154631.15;512032.8281N;090912.3689E;334.732383;47.10;0.11;-0.27;26.80
7716527;161116;154632.35;512032.8281N;090912.3689E;334.732383;47.10;0.10;-0.27;26.80
7716577;161116;154633.15;512032.8281N;090912.3689E;334.732383;47.10;0.11;-0.27;26.80
7716627;161116;154634.35;512032.8281N;090912.3689E;334.732383;47.30;0.10;-0.27;26.80
7716677;161116;154635.15;512032.8281N;090912.3689E;334.732383;45.50;0.11;-0.27;26.80
7716727;161116;154636.36;512032.8281N;090912.3689E;334.732383;47.00;0.11;-0.27;26.80
7716777;161116;154637.16;512032.8281N;090912.3689E;334.732383;46.90;0.10;-0.27;26.80
7716827;161116;154638.39;512032.8281N;090912.3689E;334.732383;46.90;0.11;-0.27;26.80
7716877;161116;154639.16;512032.8281N;090912.3689E;334.732383;46.90;0.11;-0.27;26.90
7716927;161116;154640.36;512032.8281N;090912.3689E;334.732383;46.90;0.11;-0.27;26.80
7716977;161116;154641.16;512032.8281N;090912.3689E;334.732383;47.20;0.11;-0.27;26.80
7716997;161116;154642.38;512032.8281N;090912.3689E;334.732383;46.60;0.11;-0.27;26.80
7717042;161116;154643.36;512032.8281N;090912.3689E;334.732383;47.00;0.11;-0.26;26.80
7717092;161116;154644.16;512032.8281N;090912.3689E;334.732383;46.90;0.11;-0.26;26.80
7717141;161116;154645.36;512032.8281N;090912.3689E;334.732383;47.10;0.11;-0.26;26.80
7717191;161116;154646.16;512032.8281N;090912.3689E;334.732383;47.00;0.11;-0.26;26.80
7717241;161116;154647.35;512032.8281N;090912.3689E;334.732383;47.10;0.11;-0.26;26.80
7717291;161116;154648.15;512032.8281N;090912.3689E;334.732383;46.70;0.11;-0.26;26.70
7717341;161116;154649.35;512032.8281N;090912.3689E;334.732383;47.10;0.11;-0.26;26.80
7717391;161116;154650.15;512032.8281N;090912.3689E;334.732383;47.40;0.11;-0.26;26.80
7717441;161116;154651.37;512032.8281N;090912.3689E;334.732383;46.40;0.11;-0.26;26.80
7717491;161116;154652.16;512032.8281N;090912.3689E;334.732383;47.10;0.11;-0.26;26.80
7717541;161116;154653.36;512032.8281N;090912.3689E;334.732383;46.50;0.11;-0.26;26.80
7717591;161116;154654.15;512032.8281N;090912.3689E;334.732383;47.10;0.11;-0.26;26.80
7717641;161116;154655.38;512032.8281N;090912.3689E;334.732383;46.10;0.11;-0.26;26.80
7717691;161116;154656.15;512032.8281N;090912.3689E;334.732383;47.00;0.11;-0.26;26.80
7717741;161116;154657.36;512032.8281N;090912.3689E;334.732383;47.00;0.11;-0.26;26.80
7717791;161116;154658.16;512032.8281N;090912.3689E;334.732383;46.90;0.11;-0.26;26.80
7717826;161116;154659.35;512032.8281N;090912.3689E;334.732383;46.70;0.11;-0.27;26.80
7717875;161116;154700.35;512032.8281N;090912.3689E;334.732383;47.50;0.10;-0.27;26.80
7717925;161116;154701.15;512032.8281N;090912.3689E;334.732383;47.00;0.11;-0.27;26.80
7717975;161116;154702.35;512032.8281N;090912.3689E;334.732383;47.10;0.11;-0.27;26.80
7718025;161116;154703.15;512032.8281N;090912.3689E;334.732383;47.10;0.10;-0.27;26.80
7718075;161116;154704.35;512032.8281N;090912.3689E;334.732383;46.90;0.10;-0.28;26.80
7718125;161116;154705.15;512032.8281N;090912.3689E;334.732383;47.40;0.10;-0.28;26.90
7718175;161116;154706.35;512032.8281N;090912.3689E;334.732383;46.90;0.11;-0.27;26.90
7718225;161116;154707.15;512032.8281N;090912.3689E;334.732383;47.00;0.11;-0.27;26.90
7718244;161116;154708.35;512032.8281N;090912.3689E;334.732383;46.80;0.11;-0.27;26.80
7718290;161116;154709.35;512032.8281N;090912.3689E;334.732383;46.90;0.10;-0.27;26.80
7718340;161116;154710.16;512032.8281N;090912.3689E;334.732383;47.10;0.11;-0.27;26.80
7718390;161116;154711.35;512032.8281N;090912.3689E;334.732383;47.00;0.11;-0.27;26.80
7718440;161116;154712.15;512032.8281N;090912.3689E;334.732383;46.80;0.11;-0.26;26.80
7718490;161116;154713.35;512032.8281N;090912.3689E;334.732383;47.00;0.11;-0.26;26.80
7718540;161116;154714.16;512032.8281N;090912.3689E;334.732383;47.00;0.11;-0.27;26.80
7718590;161116;154715.35;512032.8281N;090912.3689E;334.732383;47.00;0.11;-0.26;26.80
7718640;161116;154716.16;512032.8281N;090912.3689E;334.732383;46.90;0.11;-0.26;26.90
7718690;161116;154717.35;512032.8281N;090912.3689E;334.732383;46.90;0.11;-0.26;26.80
7718740;161116;154718.16;512032.8281N;090912.3689E;334.732383;46.90;0.11;-0.27;26.90
7718756;161116;154719.35;512032.8281N;090912.3689E;334.732383;46.80;0.11;-0.26;26.80
7718799;161116;154720.35;512032.8281N;090912.3689E;334.732383;47.10;0.11;-0.26;26.80
7718849;161116;154721.15;512032.8281N;090912.3689E;334.732383;47.00;0.11;-0.26;26.80
7718874;161116;154722.35;512032.8281N;090912.3689E;334.732383;46.80;0.11;-0.26;26.80
7718914;161116;154723.35;512032.8281N;090912.3689E;334.732383;46.90;0.11;-0.26;26.80
7718949;161116;154724.15;512032.8281N;090912.3689E;334.732383;47.00;0.11;-0.26;26.80
7718988;161116;154725.25;512032.8281N;090912.3689E;334.732383;46.50;0.11;-0.26;26.80
7719038;161116;154726.35;512032.8281N;090912.3689E;334.732383;46.70;0.11;-0.26;26.80
7719088;161116;154727.15;512032.8281N;090912.3689E;334.732383;47.10;0.10;-0.27;26.80
7719138;161116;154728.35;512032.8281N;090912.3689E;334.732383;46.90;0.11;-0.27;26.80
7719188;161116;154729.15;512032.8281N;090912.3689E;334.732383;46.80;0.11;-0.28;26.80
7719238;161116;154730.38;512032.8281N;090912.3689E;334.732383;46.80;0.11;-0.27;26.80
7719288;161116;154731.16;512032.8281N;090912.3689E;334.732383;46.70;0.11;-0.27;26.80
7719338;161116;154732.39;512032.8281N;090912.3689E;334.732383;46.40;0.11;-0.27;26.80
7719388;161116;154733.15;512032.8281N;090912.3689E;334.732383;46.90;0.10;-0.28;26.70
7719438;161116;154734.35;512032.8281N;090912.3689E;334.732383;46.80;0.10;-0.27;26.70
7719488;161116;154735.15;512032.8281N;090912.3689E;334.732383;46.90;0.11;-0.27;26.70
7719538;161116;154736.35;512032.8281N;090912.3689E;334.732383;46.40;0.11;-0.26;26.80
7719588;161116;154737.15;512032.8281N;090912.3689E;334.732383;47.30;0.11;-0.27;26.80
7719606;161116;154738.35;512032.8281N;090912.3689E;334.732383;47.30;0.11;-0.26;26.80
7719648;161116;154739.15;512032.8281N;090912.3689E;334.732383;46.80;0.11;-0.27;26.80
7719698;161116;154740.15;512032.8281N;090912.3689E;334.732383;47.50;0.11;-0.26;26.80
7719748;161116;154741.15;512032.8281N;090912.3689E;334.732383;46.70;0.11;-0.26;26.80
7719798;161116;154742.15;512032.8281N;090912.3689E;334.732383;47.30;0.11;-0.26;26.80
7719848;161116;154743.15;512032.8281N;090912.3689E;334.732383;46.70;0.11;-0.26;26.80
7719898;161116;154744.15;512032.8281N;090912.3689E;334.732383;47.10;0.11;-0.26;26.80
7719900;161116;154745.39;512032.8281N;090912.3689E;334.732383;46.80;0.11;-0.26;26.70
7719942;161116;154746.15;512032.8281N;090912.3689E;334.732383;46.70;0.11;-0.26;26.80
7719992;161116;154747.35;512032.8281N;090912.3689E;334.732383;47.30;0.11;-0.26;26.80
7720042;161116;154748.15;512032.8281N;090912.3689E;334.732383;47.20;0.11;-0.26;26.80
7720092;161116;154749.35;512032.8281N;090912.3689E;334.732383;47.20;0.11;-0.26;26.80
7720142;161116;154750.15;512032.8281N;090912.3689E;334.732383;46.90;0.11;-0.26;26.80
7720191;161116;154751.35;512032.8281N;090912.3689E;334.732383;47.00;0.11;-0.26;26.80
7720241;161116;154752.15;512032.8281N;090912.3689E;334.732383;46.90;0.11;-0.26;26.70
7720291;161116;154753.35;512032.8281N;090912.3689E;334.732383;47.20;0.11;-0.26;26.70
7720341;161116;154754.16;512032.8281N;090912.3689E;334.732383;47.20;0.11;-0.26;26.70
7720383;161116;154755.25;512032.8281N;090912.3689E;334.732383;46.70;0.11;-0.26;26.70
7720433;161116;154756.35;512032.8281N;090912.3689E;334.732383;46.70;0.11;-0.26;26.80
7720483;161116;154757.15;512032.8281N;090912.3689E;334.732383;47.10;0.11;-0.27;26.80
7720533;161116;154758.35;512032.8281N;090912.3689E;334.732383;47.30;0.10;-0.27;26.80
7720583;161116;154759.15;512032.8281N;090912.3689E;334.732383;47.30;0.10;-0.27;26.80
7720633;161116;154800.35;512032.8281N;090912.3689E;334.732383;47.10;0.11;-0.27;26.80
7720683;161116;154801.15;512032.8281N;090912.3689E;334.732383;47.00;0.10;-0.27;26.80
7720733;161116;154802.35;512032.8281N;090912.3689E;334.732383;47.50;0.10;-0.27;26.80
7720783;161116;154803.15;512032.8281N;090912.3689E;334.732383;47.10;0.11;-0.27;26.80
7720833;161116;154804.35;512032.8281N;090912.3689E;334.732383;47.20;0.11;-0.27;26.80
7720883;161116;154805.15;512032.8281N;090912.3689E;334.732383;46.90;0.11;-0.27;26.80
7720891;161116;154806.35;512032.8281N;090912.3689E;334.732383;47.30;0.10;-0.26;26.80
7720909;161116;154807.35;512032.8281N;090912.3689E;334.732383;46.90;0.11;-0.27;26.80
7720927;161116;154808.15;512032.8281N;090912.3689E;334.732383;46.70;0.11;-0.26;26.80
7720957;161116;154809.35;512032.8281N;090912.3689E;334.732383;46.70;0.11;-0.26;26.80
7721007;161116;154810.35;512032.8281N;090912.3689E;334.732383;47.10;0.11;-0.27;26.80
7721057;161116;154811.16;512032.8281N;090912.3689E;334.732383;47.00;0.11;-0.26;26.80
7721084;161116;154812.35;512032.8281N;090912.3689E;334.732383;47.10;0.11;-0.26;26.80
7721130;161116;154813.35;512032.8281N;090912.3689E;334.732383;47.00;0.11;-0.26;26.90
7721180;161116;154814.15;512032.8281N;090912.3689E;334.732383;46.80;0.11;-0.26;26.80
7721230;161116;154815.35;512032.8281N;090912.3689E;334.732383;47.20;0.11;-0.26;26.80
7721280;161116;154816.15;512032.8281N;090912.3689E;334.732383;46.50;0.11;-0.26;26.80
7721330;161116;154817.35;512032.8281N;090912.3689E;334.732383;46.60;0.11;-0.26;26.80
7721380;161116;154818.15;512032.8281N;090912.3689E;334.732383;46.60;0.11;-0.26;26.80
7721430;161116;154819.35;512032.8281N;090912.3689E;334.732383;46.80;0.11;-0.26;26.80
7721480;161116;154820.15;512032.8281N;090912.3689E;334.732383;47.10;0.11;-0.26;26.80
7721530;161116;154821.35;512032.8281N;090912.3689E;334.732383;47.00;0.11;-0.26;26.80
7721580;161116;154822.15;512032.8281N;090912.3689E;334.732383;47.00;0.11;-0.26;26.80
7721630;161116;154823.35;512032.8281N;090912.3689E;334.732383;46.90;0.11;-0.26;26.80
7721680;161116;154824.15;512032.8281N;090912.3689E;334.732383;46.90;0.10;-0.27;26.80
7721730;161116;154825.35;512032.8281N;090912.3689E;334.732383;47.40;0.11;-0.27;26.80
7721780;161116;154826.15;512032.8281N;090912.3689E;334.732383;47.20;0.10;-0.27;26.80
7721830;161116;154827.15;512032.8281N;090912.3689E;334.732383;46.90;0.10;-0.27;26.80
7721880;161116;154828.15;512032.8281N;090912.3689E;334.732383;47.00;0.10;-0.27;26.80
7721897;161116;154829.38;512032.8281N;090912.3689E;334.732383;47.30;0.10;-0.27;26.80
7721941;161116;154830.35;512032.8281N;090912.3689E;334.732383;47.00;0.10;-0.27;26.80
7721991;161116;154831.15;512032.8281N;090912.3689E;334.732383;47.20;0.10;-0.27;26.80
7722041;161116;154832.38;512032.8281N;090912.3689E;334.732383;47.10;0.11;-0.27;26.80
7722091;161116;154833.15;512032.8281N;090912.3689E;334.732383;47.10;0.11;-0.26;26.80
7722141;161116;154834.15;512032.8281N;090912.3689E;334.732383;46.60;0.11;-0.26;26.80
7722191;161116;154835.15;512032.8281N;090912.3689E;334.732383;47.20;0.10;-0.27;26.80
7722241;161116;154836.39;512032.8281N;090912.3689E;334.732383;46.70;0.11;-0.27;26.80
7722291;161116;154837.15;512032.8281N;090912.3689E;334.732383;46.60;0.11;-0.26;26.80
7722335;161116;154838.15;512032.8281N;090912.3689E;334.732383;46.70;0.11;-0.26;26.80
7722385;161116;154839.35;512032.8281N;090912.3689E;334.732383;46.50;0.11;-0.26;26.80
7722435;161116;154840.15;512032.8281N;090912.3689E;334.732383;47.00;0.11;-0.26;26.80
7722485;161116;154841.35;512032.8281N;090912.3689E;334.732383;46.70;0.11;-0.26;26.80
7722535;161116;154842.15;512032.8281N;090912.3689E;334.732383;46.90;0.11;-0.26;26.80
7722585;161116;154843.35;512032.8281N;090912.3689E;334.732383;46.90;0.11;-0.26;26.80
7722635;161116;154844.15;512032.8281N;090912.3689E;334.732383;46.60;0.11;-0.26;26.80
7722685;161116;154845.38;512032.8281N;090912.3689E;334.732383;46.50;0.11;-0.26;26.80
7722735;161116;154846.15;512032.8281N;090912.3689E;334.732383;46.90;0.11;-0.26;26.80
7722785;161116;154847.38;512032.8281N;090912.3689E;334.732383;46.80;0.11;-0.26;26.80
7722835;161116;154848.15;512032.8281N;090912.3689E;334.732383;46.80;0.11;-0.26;26.80
7722856;161116;154849.40;512032.8281N;090912.3689E;334.732383;46.50;0.11;-0.26;26.70
7722903;161116;154850.35;512032.8281N;090912.3689E;334.732383;46.70;0.11;-0.26;26.70
7722953;161116;154851.15;512032.8281N;090912.3689E;334.732383;47.30;0.11;-0.26;26.70
7723003;161116;154852.35;512032.8281N;090912.3689E;334.732383;46.80;0.11;-0.26;26.70
7723053;161116;154853.15;512032.8281N;090912.3689E;334.732383;47.10;0.11;-0.27;26.80
7723103;161116;154854.35;512032.8281N;090912.3689E;334.732383;46.60;0.10;-0.28;26.80
7723153;161116;154855.15;512032.8281N;090912.3689E;334.732383;46.90;0.10;-0.27;26.70
7723203;161116;154856.35;512032.8281N;090912.3689E;334.732383;47.40;0.11;-0.27;26.70
7723253;161116;154857.15;512032.8281N;090912.3689E;334.732383;47.10;0.11;-0.27;26.70
7723303;161116;154858.35;512032.8281N;090912.3689E;334.732383;47.40;0.11;-0.27;26.80
7723353;161116;154859.15;512032.8281N;090912.3689E;334.732383;47.00;0.11;-0.27;26.80
7723372;161116;154900.35;512032.8281N;090912.3689E;334.732383;47.40;0.10;-0.27;26.80
7723418;161116;154901.35;512032.8281N;090912.3689E;334.732383;46.60;0.11;-0.27;26.70
7723462;161116;154902.15;512032.8281N;090912.3689E;334.732383;47.10;0.11;-0.27;26.70
7723512;161116;154903.35;512032.8281N;090912.3689E;334.732383;46.50;0.11;-0.27;26.80
7723562;161116;154904.15;512032.8281N;090912.3689E;334.732383;47.00;0.10;-0.27;26.80
7723612;161116;154905.35;512032.8281N;090912.3689E;334.732383;46.90;0.11;-0.26;26.80
7723662;161116;154906.15;512032.8281N;090912.3689E;334.732383;46.60;0.11;-0.26;26.80
7723712;161116;154907.35;512032.8281N;090912.3689E;334.732383;46.80;0.11;-0.26;26.80
7723762;161116;154908.15;512032.8281N;090912.3689E;334.732383;46.70;0.11;-0.26;26.80
7723791;161116;154909.35;512032.8281N;090912.3689E;334.732383;46.60;0.11;-0.26;26.80
7723841;161116;154910.15;512032.8281N;090912.3689E;334.732383;46.60;0.11;-0.26;26.80
7723889;161116;154911.35;512032.8281N;090912.3689E;334.732383;46.60;0.11;-0.26;26.80
7723939;161116;154912.15;512032.8281N;090912.3689E;334.732383;46.70;0.11;-0.26;26.80
7723958;161116;154913.35;512032.8281N;090912.3689E;334.732383;46.80;0.11;-0.26;26.80
7724003;161116;154914.35;512032.8281N;090912.3689E;334.732383;46.60;0.11;-0.26;26.80
7724053;161116;154915.15;512032.8281N;090912.3689E;334.732383;47.10;0.11;-0.26;26.80
7724078;161116;154916.35;512032.8281N;090912.3689E;334.732383;46.50;0.11;-0.26;26.80
7724124;161116;154917.35;512032.8281N;090912.3689E;334.732383;46.70;0.11;-0.26;26.80
7724174;161116;154918.15;512032.8281N;090912.3689E;334.732383;46.50;0.11;-0.26;26.90
7724177;161116;154919.35;512032.8281N;090912.3689E;334.732383;46.90;0.11;-0.26;26.80
7724212;161116;154920.35;512032.8281N;090912.3689E;334.732383;46.20;0.11;-0.26;26.80
7724248;161116;154921.15;512032.8281N;090912.3689E;334.732383;46.90;0.11;-0.27;26.80
7724298;161116;154922.35;512032.8281N;090912.3689E;334.732383;46.80;0.11;-0.27;26.80
7724348;161116;154923.15;512032.8281N;090912.3689E;334.732383;47.00;0.10;-0.27;26.80
7724398;161116;154924.15;512032.8281N;090912.3689E;334.732383;46.60;0.11;-0.27;26.80
7724448;161116;154925.15;512032.8281N;090912.3689E;334.732383;47.10;0.11;-0.27;26.80
7724498;161116;154926.39;512032.8281N;090912.3689E;334.732383;45.90;0.11;-0.27;26.80
7724548;161116;154927.15;512032.8281N;090912.3689E;334.732383;46.60;0.11;-0.27;26.80
7724598;161116;154928.35;512032.8281N;090912.3689E;334.732383;47.00;0.10;-0.27;26.80
7724648;161116;154929.15;512032.8281N;090912.3689E;334.732383;46.40;0.10;-0.27;26.80
7724698;161116;154930.35;512032.8281N;090912.3689E;334.732383;46.80;0.11;-0.27;26.80
7724748;161116;154931.15;512032.8281N;090912.3689E;334.732383;46.70;0.11;-0.27;26.80
7724798;161116;154932.35;512032.8281N;090912.3689E;334.732383;46.60;0.11;-0.27;26.80
7724848;161116;154933.15;512032.8281N;090912.3689E;334.732383;47.00;0.11;-0.27;26.80
7724898;161116;154934.35;512032.8281N;090912.3689E;334.732383;46.70;0.11;-0.26;26.80
7724948;161116;154935.15;512032.8281N;090912.3689E;334.732383;46.40;0.11;-0.26;26.70
7724998;161116;154936.35;512032.8281N;090912.3689E;334.732383;46.70;0.11;-0.26;26.70
7725048;161116;154937.15;512032.8281N;090912.3689E;334.732383;46.60;0.11;-0.27;26.70
7725050;161116;154938.35;512032.8281N;090912.3689E;334.732383;46.70;0.11;-0.26;26.80
7725085;161116;154939.15;512032.8281N;090912.3689E;334.732383;46.80;0.11;-0.26;26.80
7725122;161116;154940.15;512032.8281N;090912.3689E;334.732383;46.60;0.11;-0.26;26.80
7725172;161116;154941.35;512032.8281N;090912.3689E;334.732383;46.60;0.11;-0.26;26.80
7725222;161116;154942.15;512032.8281N;090912.3689E;334.732383;46.80;0.11;-0.26;26.80
7725249;161116;154943.35;512032.8281N;090912.3689E;334.732383;46.60;0.11;-0.26;26.70
7725296;161116;154944.40;512032.8281N;090912.3689E;334.732383;46.40;0.11;-0.26;26.70
7725346;161116;154945.15;512032.8281N;090912.3689E;334.732383;47.20;0.11;-0.26;26.70
7725396;161116;154946.30;512032.8281N;090912.3689E;334.732383;46.70;0.11;-0.26;26.70
7725446;161116;154947.15;512032.8281N;090912.3689E;334.732383;47.00;0.11;-0.26;26.70
7725454;161116;154948.25;512032.8281N;090912.3689E;334.732383;46.80;0.11;-0.26;26.80
7725496;161116;154949.35;512032.8281N;090912.3689E;334.732383;46.90;0.11;-0.26;26.70
7725546;161116;154950.15;512032.8281N;090912.3689E;334.732383;47.20;0.11;-0.26;26.70
7725557;161116;154951.35;512032.8281N;090912.3689E;334.732383;46.90;0.11;-0.26;26.70
7725601;161116;154952.35;512032.8281N;090912.3689E;334.732383;47.20;0.11;-0.27;26.70
7725651;161116;154953.15;512032.8281N;090912.3689E;334.732383;47.20;0.10;-0.27;26.70
7725701;161116;154954.35;512032.8281N;090912.3689E;334.732383;47.50;0.10;-0.27;26.70
7725751;161116;154955.15;512032.8281N;090912.3689E;334.732383;46.70;0.11;-0.27;26.70
7725801;161116;154956.35;512032.8281N;090912.3689E;334.732383;47.30;0.10;-0.28;26.80
7725851;161116;154957.15;512032.8281N;090912.3689E;334.732383;46.90;0.11;-0.27;26.70
7725901;161116;154958.35;512032.8281N;090912.3689E;334.732383;47.00;0.11;-0.27;26.80
7725951;161116;154959.15;512032.8281N;090912.3689E;334.732383;47.20;0.11;-0.27;26.80
7725965;161116;155000.35;512032.8281N;090912.3689E;334.732383;46.70;0.11;-0.27;26.70
