4556844;291116;225000.25;512145.6819N;091142.6087E;439.517261;0.00;0.16;0.16;0.00
4557040;291116;225001.25;512145.6819N;091142.6087E;439.517261;0.00;0.16;0.16;0.00
4557236;291116;225002.25;512145.6819N;091142.6087E;439.517261;0.00;0.16;0.16;0.00
4557434;291116;225003.41;512145.6819N;091142.6087E;439.517261;0.00;0.16;0.16;0.00
4557627;291116;225004.41;512145.6819N;091142.6087E;439.517261;0.00;0.16;0.16;0.00
4557819;291116;225005.25;512145.6819N;091142.6087E;439.517261;0.00;0.16;0.16;0.00
4558011;291116;225006.43;512145.6819N;091142.6087E;439.517261;0.00;0.16;0.16;0.00
4558206;291116;225007.42;512145.6819N;091142.6087E;439.517261;0.00;0.16;0.16;0.00
4558401;291116;225008.25;512145.6819N;091142.6087E;439.517261;0.00;0.16;0.16;0.00
4558601;291116;225009.41;512145.6819N;091142.6087E;439.517261;0.00;0.16;0.16;0.00
4558796;291116;225010.41;512145.6819N;091142.6087E;439.517261;0.00;0.16;0.16;0.00
4558993;291116;225011.25;512145.6819N;091142.6087E;439.517261;0.00;0.16;0.16;0.00
4559190;291116;225012.25;512145.6819N;091142.6087E;439.517261;0.00;0.16;0.16;0.00
4559387;291116;225013.42;512145.6819N;091142.6087E;439.517261;0.00;0.16;0.16;0.00
4559583;291116;225014.41;512145.6819N;091142.6087E;439.517261;0.00;0.16;0.16;0.00
4559779;291116;225015.41;512145.6819N;091142.6087E;439.517261;0.00;0.16;0.16;0.00
4559975;291116;225016.41;512145.6819N;091142.6087E;439.517261;0.00;0.16;0.16;0.00
4560171;291116;225017.40;512145.6819N;091142.6087E;439.517261;0.00;0.16;0.16;0.00
4560369;291116;225018.25;512145.6819N;091142.6087E;439.517261;0.00;0.16;0.16;0.00
4560567;291116;225019.25;512145.6819N;091142.6087E;439.517261;0.00;0.16;0.16;0.00
4560766;291116;225020.40;512145.6819N;091142.6087E;439.517261;0.00;0.16;0.16;0.00
4560963;291116;225021.25;512145.6819N;091142.6087E;439.517261;0.00;0.16;0.16;0.00
4561159;291116;225022.25;512145.6819N;091142.6087E;439.517261;0.00;0.16;0.16;0.00
4561352;291116;225023.25;512145.6819N;091142.6087E;439.517261;0.00;0.16;0.16;0.00
4561546;291116;225024.25;512145.6819N;091142.6087E;439.517261;0.00;0.16;0.16;0.00
4561738;291116;225025.25;512145.6819N;091142.6087E;439.517261;0.00;0.16;0.16;0.00
4561932;291116;225026.25;512145.6819N;091142.6087E;439.517261;0.00;0.16;0.16;0.00
4562088;291116;225027.25;512145.6819N;091142.6087E;439.517261;0.00;0.16;0.16;0.00
4562280;291116;225028.25;512145.6819N;091142.6087E;439.517261;0.00;0.16;0.16;0.00
4562477;291116;225029.25;512145.6819N;091142.6087E;439.517261;0.00;0.16;0.16;0.00
4562673;291116;225030.25;512145.6819N;091142.6087E;439.517261;0.00;0.16;0.16;0.00
4562870;291116;225031.25;512145.6819N;091142.6087E;439.517261;0.00;0.16;0.16;0.00
4563065;291116;225032.25;512145.6819N;091142.6087E;439.517261;0.00;0.16;0.16;0.00
4563259;291116;225033.25;512145.6819N;091142.6087E;439.517261;0.00;0.16;0.16;0.00
4563451;291116;225034.25;512145.6819N;091142.6087E;439.517261;0.00;0.16;0.16;0.00
4563623;291116;225035.25;512145.6819N;091142.6087E;439.517261;0.00;0.16;0.16;0.00
4563818;291116;225036.25;512145.6819N;091142.6087E;439.517261;0.00;0.16;0.16;0.00
4564013;291116;225037.25;512145.6819N;091142.6087E;439.517261;0.00;0.16;0.16;0.00
4564204;291116;225038.25;512145.6819N;091142.6087E;439.517261;0.00;0.16;0.16;0.00
4564395;291116;225039.25;512145.6819N;091142.6087E;439.517261;0.00;0.16;0.16;0.00
4564591;291116;225040.25;512145.6819N;091142.6087E;439.517261;0.00;0.16;0.16;0.00
4564785;291116;225041.25;512145.6819N;091142.6087E;439.517261;0.00;0.16;0.16;0.00
4564983;291116;225042.25;512145.6819N;091142.6087E;439.517261;0.00;0.16;0.16;0.00
4565175;291116;225043.25;512145.6819N;091142.6087E;439.517261;0.00;0.16;0.16;0.00
4565359;291116;225044.25;512145.6819N;091142.6087E;439.517261;0.00;0.16;0.16;0.00
4565549;291116;225045.25;512145.6819N;091142.6087E;439.517261;0.00;0.16;0.16;0.00
4565745;291116;225046.25;512145.6819N;091142.6087E;439.517261;0.00;0.16;0.16;0.00
4565940;291116;225047.44;512145.6819N;091142.6087E;439.517261;0.00;0.16;0.16;0.00
4566132;291116;225048.25;512145.6819N;091142.6087E;439.517261;0.00;0.16;0.16;0.00
4566332;291116;225049.25;512145.6819N;091142.6087E;439.517261;0.00;0.16;0.16;0.00
4566534;291116;225050.35;512145.6819N;091142.6087E;439.517261;0.00;0.15;0.15;0.00
4566739;291116;225051.35;512145.6819N;091142.6087E;439.517261;0.00;0.16;0.16;0.00
4566939;291116;225052.35;512145.6819N;091142.6087E;439.517261;0.00;0.16;0.16;0.00
4567131;291116;225053.35;512145.6819N;091142.6087E;439.517261;0.00;0.16;0.16;0.00
4567331;291116;225054.35;512145.6819N;091142.6087E;439.517261;0.00;92.00;92.00;0.00
4567531;291116;225055.35;512145.6819N;091142.6087E;439.517261;0.00;0.16;0.16;0.00
4567731;291116;225056.35;512145.6819N;091142.6087E;439.517261;0.00;0.16;0.16;0.00
4567889;291116;225057.35;512145.6819N;091142.6087E;439.517261;0.00;0.16;0.16;0.00
4568042;291116;225058.35;512145.6819N;091142.6087E;439.517261;0.00;0.16;0.16;0.00
4568242;291116;225059.35;512145.6819N;091142.6087E;439.517261;0.00;0.16;0.16;0.00
4568442;291116;225100.35;512145.6819N;091142.6087E;439.517261;0.00;0.16;0.16;0.00
4568642;291116;225101.35;512145.6819N;091142.6087E;439.517261;0.00;0.16;0.16;0.00
4568842;291116;225102.35;512145.6819N;091142.6087E;439.517261;0.00;0.16;0.16;0.00
4569036;291116;225103.35;512145.6819N;091142.6087E;439.517261;0.00;0.16;0.16;0.00
4569222;291116;225104.35;512145.6819N;091142.6087E;439.517261;0.00;0.16;0.16;0.00
4569422;291116;225105.35;512145.6819N;091142.6087E;439.517261;0.00;0.16;0.16;0.00
4569621;291116;225106.35;512145.6819N;091142.6087E;439.517261;0.00;0.16;0.16;0.00
4569811;291116;225107.35;512145.6819N;091142.6087E;439.517261;0.00;0.16;0.16;0.00
4570012;291116;225108.35;512145.6819N;091142.6087E;439.517261;0.00;0.16;0.16;0.00
4570212;291116;225109.35;512145.6819N;091142.6087E;439.517261;0.00;0.16;0.16;0.00
4570412;291116;225110.35;512145.6819N;091142.6087E;439.517261;0.00;0.16;0.16;0.00
4570615;291116;225111.56;512145.6819N;091142.6087E;439.517261;0.00;0.16;0.16;0.00
4570801;291116;225112.35;512145.6819N;091142.6087E;439.517261;0.00;0.16;0.16;0.00
4571001;291116;225113.55;512145.6819N;091142.6087E;439.517261;0.00;0.16;0.16;0.00
4571200;291116;225114.35;512145.6819N;091142.6087E;439.517261;0.00;0.16;0.16;0.00
4571401;291116;225115.35;512145.6819N;091142.6087E;439.517261;0.00;0.16;0.16;0.00
4571601;291116;225116.35;512145.6819N;091142.6087E;439.517261;0.00;0.16;0.16;0.00
4571801;291116;225117.54;512145.6819N;091142.6087E;439.517261;0.00;0.16;0.16;0.00
4571988;291116;225118.35;512145.6819N;091142.6087E;439.517261;0.00;0.16;0.16;0.00
4572187;291116;225119.35;512145.6819N;091142.6087E;439.517261;0.00;0.16;0.16;0.00
4572387;291116;225120.54;512145.6819N;091142.6087E;439.517261;0.00;0.16;0.16;0.00
4572588;291116;225121.55;512145.6819N;091142.6087E;439.517261;0.00;0.16;0.16;0.00
4572788;291116;225122.35;512145.6819N;091142.6087E;439.517261;0.00;0.16;0.16;0.00
4572988;291116;225123.35;512145.6819N;091142.6087E;439.517261;0.00;0.16;0.16;0.00
4573188;291116;225124.53;512145.6819N;091142.6087E;439.517261;0.00;0.16;0.16;0.00
4573376;291116;225125.35;512145.6819N;091142.6087E;439.517261;0.00;0.16;0.16;0.00
4573576;291116;225126.56;512145.6819N;091142.6087E;439.517261;0.00;0.16;0.16;0.00
4573776;291116;225127.35;512145.6819N;091142.6087E;439.517261;0.00;0.16;0.16;0.00
4573976;291116;225128.35;512145.6819N;091142.6087E;439.517261;0.00;0.16;0.16;0.00
4574176;291116;225129.35;512145.6819N;091142.6087E;439.517261;0.00;0.16;0.16;0.00
4574360;291116;225130.56;512145.6819N;091142.6087E;439.517261;0.00;0.16;0.16;0.00
4574544;291116;225131.35;512145.6819N;091142.6087E;439.517261;0.00;0.16;0.16;0.00
4574744;291116;225132.35;512145.6819N;091142.6087E;439.517261;0.00;0.16;0.16;0.00
4574944;291116;225133.35;512145.6819N;091142.6087E;439.517261;0.00;0.16;0.16;0.00
4575143;291116;225134.55;512145.6819N;091142.6087E;439.517261;0.00;0.16;0.16;0.00
4575323;291116;225135.35;512145.6819N;091142.6087E;439.517261;0.00;0.16;0.16;0.00
4575523;291116;225136.53;512145.6819N;091142.6087E;439.517261;0.00;0.16;0.16;0.00
4575723;291116;225137.35;512145.6819N;091142.6087E;439.517261;0.00;0.16;0.16;0.00
4575923;291116;225138.35;512145.6819N;091142.6087E;439.517261;0.00;0.16;0.16;0.00
4576123;291116;225139.35;512145.6819N;091142.6087E;439.517261;0.00;0.16;0.16;0.00
4576314;291116;225140.35;512145.6819N;091142.6087E;439.517261;0.00;0.16;0.16;0.00
4576513;291116;225141.35;512145.6819N;091142.6087E;439.517261;0.00;0.16;0.16;0.00
4576714;291116;225142.35;512145.6819N;091142.6087E;439.517261;0.00;0.16;0.16;0.00
4576914;291116;225143.35;512145.6819N;091142.6087E;439.517261;0.00;0.16;0.16;0.00
4577114;291116;225144.35;512145.6819N;091142.6087E;439.517261;0.00;0.16;0.16;0.00
4577314;291116;225145.35;512145.6819N;091142.6087E;439.517261;0.00;0.16;0.16;0.00
4577519;291116;225146.45;512145.6819N;091142.6087E;439.517261;0.00;0.16;0.16;0.00
4577726;291116;225147.45;512145.6819N;091142.6087E;439.517261;0.00;0.16;0.16;0.00
4577929;291116;225148.45;512145.6819N;091142.6087E;439.517261;0.00;0.16;0.16;0.00
4578117;291116;225149.61;512145.6819N;091142.6087E;439.517261;0.00;0.16;0.16;0.00
4578317;291116;225150.45;512145.6819N;091142.6087E;439.517261;0.00;92.00;92.00;0.00
4578517;291116;225151.45;512145.6819N;091142.6087E;439.517261;0.00;0.16;0.16;0.00
4578717;291116;225152.61;512145.6819N;091142.6087E;439.517261;0.00;0.16;0.16;0.00
4578917;291116;225153.62;512145.6819N;091142.6087E;439.517261;0.00;0.16;0.16;0.00
4579117;291116;225154.60;512145.6819N;091142.6087E;439.517261;0.00;0.16;0.16;0.00
4579317;291116;225155.62;512145.6819N;091142.6087E;439.517261;0.00;0.16;0.16;0.00
4579517;291116;225156.62;512145.6819N;091142.6087E;439.517261;0.00;0.16;0.16;0.00
4579717;291116;225157.60;512145.6819N;091142.6087E;439.517261;0.00;0.16;0.16;0.00
4579917;291116;225158.61;512145.6819N;091142.6087E;439.517261;0.00;0.16;0.16;0.00
4580118;291116;225159.62;512145.6819N;091142.6087E;439.517261;0.00;0.16;0.16;0.00
4580318;291116;225200.60;512145.6819N;091142.6087E;439.517261;0.00;0.16;0.16;0.00
4580518;291116;225201.45;512145.6819N;091142.6087E;439.517261;0.00;0.16;0.16;0.00
4580718;291116;225202.63;512145.6819N;091142.6087E;439.517261;0.00;0.16;0.16;0.00
4580918;291116;225203.60;512145.6819N;091142.6087E;439.517261;0.00;0.16;0.16;0.00
4581118;291116;225204.63;512145.6819N;091142.6087E;439.517261;0.00;0.16;0.16;0.00
4581318;291116;225205.63;512145.6819N;091142.6087E;439.517261;0.00;0.16;0.16;0.00
4581518;291116;225206.61;512145.6819N;091142.6087E;439.517261;0.00;0.16;0.16;0.00
4581718;291116;225207.61;512145.6819N;091142.6087E;439.517261;0.00;0.16;0.16;0.00
4581918;291116;225208.63;512145.6819N;091142.6087E;439.517261;0.00;0.16;0.16;0.00
4582117;291116;225209.63;512145.6819N;091142.6087E;439.517261;0.00;93.00;93.00;0.00
4582317;291116;225210.63;512145.6819N;091142.6087E;439.517261;0.00;0.16;0.16;0.00
4582492;291116;225211.45;512145.6819N;091142.6087E;439.517261;0.00;0.16;0.16;0.00
4582692;291116;225212.61;512145.6819N;091142.6087E;439.517261;0.00;0.16;0.16;0.00
4582892;291116;225213.63;512145.6819N;091142.6087E;439.517261;0.00;0.16;0.16;0.00
4583092;291116;225214.62;512145.6819N;091142.6087E;439.517261;0.00;0.16;0.16;0.00
4583293;291116;225215.62;512145.6819N;091142.6087E;439.517261;0.00;0.16;0.16;0.00
4583493;291116;225216.63;512145.6819N;091142.6087E;439.517261;0.00;0.16;0.16;0.00
4583693;291116;225217.61;512145.6819N;091142.6087E;439.517261;0.00;0.16;0.16;0.00
4583893;291116;225218.62;512145.6819N;091142.6087E;439.517261;0.00;0.16;0.16;0.00
4584093;291116;225219.61;512145.6819N;091142.6087E;439.517261;0.00;0.16;0.16;0.00
4584293;291116;225220.63;512145.6819N;091142.6087E;439.517261;0.00;0.16;0.16;0.00
4584494;291116;225221.60;512145.6819N;091142.6087E;439.517261;0.00;0.16;0.16;0.00
4584690;291116;225222.63;512145.6819N;091142.6087E;439.517261;0.00;0.16;0.16;0.00
4584888;291116;225223.63;512145.6819N;091142.6087E;439.517261;0.00;0.16;0.16;0.00
4585088;291116;225224.63;512145.6819N;091142.6087E;439.517261;0.00;0.16;0.16;0.00
4585288;291116;225225.63;512145.6819N;091142.6087E;439.517261;0.00;0.16;0.16;0.00
4585488;291116;225226.64;512145.6819N;091142.6087E;439.517261;0.00;0.16;0.16;0.00
4585688;291116;225227.62;512145.6819N;091142.6087E;439.517261;0.00;0.16;0.16;0.00
4585889;291116;225228.61;512145.6819N;091142.6087E;439.517261;0.00;0.16;0.16;0.00
4586089;291116;225229.62;512145.6819N;091142.6087E;439.517261;0.00;0.16;0.16;0.00
4586289;291116;225230.63;512145.6819N;091142.6087E;439.517261;0.00;0.16;0.16;0.00
4586489;291116;225231.61;512145.6819N;091142.6087E;439.517261;0.00;0.16;0.16;0.00
4586689;291116;225232.62;512145.6819N;091142.6087E;439.517261;0.00;0.16;0.16;0.00
4586889;291116;225233.63;512145.6819N;091142.6087E;439.517261;0.00;0.16;0.16;0.00
4587089;291116;225234.61;512145.6819N;091142.6087E;439.517261;0.00;0.16;0.16;0.00
4587289;291116;225235.63;512145.6819N;091142.6087E;439.517261;0.00;0.16;0.16;0.00
4587489;291116;225236.64;512145.6819N;091142.6087E;439.517261;0.00;0.16;0.16;0.00
4587689;291116;225237.61;512145.6819N;091142.6087E;439.517261;0.00;0.16;0.16;0.00
4587889;291116;225238.64;512145.6819N;091142.6087E;439.517261;0.00;0.16;0.16;0.00
4588089;291116;225239.62;512145.6819N;091142.6087E;439.517261;0.00;0.16;0.16;0.00
4588289;291116;225240.60;512145.6819N;091142.6087E;439.517261;0.00;0.16;0.16;0.00
4588489;291116;225241.62;512145.6819N;091142.6087E;439.517261;0.00;0.16;0.16;0.00
4588692;291116;225242.45;512145.6819N;091142.6087E;439.517261;0.00;0.16;0.16;0.00
4588892;291116;225243.64;512145.6819N;091142.6087E;439.517261;0.00;0.16;0.16;0.00
4589092;291116;225244.64;512145.6819N;091142.6087E;439.517261;0.00;0.16;0.16;0.00
4589292;291116;225245.65;512145.6819N;091142.6087E;439.517261;0.00;0.16;0.16;0.00
4589492;291116;225246.45;512145.6819N;091142.6087E;439.517261;0.00;0.16;0.16;0.00
4589690;291116;225247.64;512145.6819N;091142.6087E;439.517261;0.00;0.16;0.16;0.00
4589888;291116;225248.65;512145.6819N;091142.6087E;439.517261;0.00;0.16;0.16;0.00
4590088;291116;225249.66;512145.6819N;091142.6087E;439.517261;0.00;0.16;0.16;0.00
4590290;291116;225250.65;512145.6819N;091142.6087E;439.517261;0.00;0.16;0.16;0.00
4590490;291116;225251.66;512145.6819N;091142.6087E;439.517261;0.00;0.16;0.16;0.00
4590690;291116;225252.67;512145.6819N;091142.6087E;439.517261;0.00;0.16;0.16;0.00
4590890;291116;225253.45;512145.6819N;091142.6087E;439.517261;0.00;0.16;0.16;0.00
4591090;291116;225254.65;512145.6819N;091142.6087E;439.517261;0.00;0.16;0.16;0.00
4591290;291116;225255.45;512145.6819N;091142.6087E;439.517261;0.00;0.16;0.16;0.00
4591487;291116;225256.64;512145.6819N;091142.6087E;439.517261;0.00;0.16;0.16;0.00
4591687;291116;225257.67;512145.6819N;091142.6087E;439.517261;0.00;0.16;0.16;0.00
4591887;291116;225258.67;512145.6819N;091142.6087E;439.517261;0.00;0.16;0.16;0.00
4592087;291116;225259.67;512145.6819N;091142.6087E;439.517261;0.00;0.16;0.16;0.00
4592276;291116;225300.66;512145.6819N;091142.6087E;439.517261;0.00;0.16;0.16;0.00
4592476;291116;225301.65;512145.6819N;091142.6087E;439.517261;0.00;0.16;0.16;0.00
4592676;291116;225302.67;512145.6819N;091142.6087E;439.517261;0.00;0.16;0.16;0.00
4592876;291116;225303.67;512145.6819N;091142.6087E;439.517261;0.00;0.16;0.16;0.00
4593076;291116;225304.65;512145.6819N;091142.6087E;439.517261;0.00;0.16;0.16;0.00
4593274;291116;225305.67;512145.6819N;091142.6087E;439.517261;0.00;0.16;0.16;0.00
4593474;291116;225306.67;512145.6819N;091142.6087E;439.517261;0.00;0.16;0.16;0.00
4593674;291116;225307.67;512145.6819N;091142.6087E;439.517261;0.00;0.16;0.16;0.00
4593874;291116;225308.65;512145.6819N;091142.6087E;439.517261;0.00;0.16;0.16;0.00
4594074;291116;225309.65;512145.6819N;091142.6087E;439.517261;0.00;0.16;0.16;0.00
4594279;291116;225310.55;512145.6819N;091142.6087E;439.517261;0.00;0.16;0.16;0.00
4594479;291116;225311.68;512145.6819N;091142.6087E;439.517261;0.00;0.16;0.16;0.00
4594679;291116;225312.69;512145.6819N;091142.6087E;439.517261;0.00;0.16;0.16;0.00
4594881;291116;225313.55;512145.6819N;091142.6087E;439.517261;0.00;0.16;0.16;0.00
4595081;291116;225314.68;512145.6819N;091142.6087E;439.517261;0.00;0.16;0.16;0.00
4595281;291116;225315.70;512145.6819N;091142.6087E;439.517261;0.00;0.16;0.16;0.00
4595481;291116;225316.70;512145.6819N;091142.6087E;439.517261;0.00;0.16;0.16;0.00
4595681;291116;225317.55;512145.6819N;091142.6087E;439.517261;0.00;0.16;0.16;0.00
4595881;291116;225318.70;512145.6819N;091142.6087E;439.517261;0.00;0.16;0.16;0.00
4596081;291116;225319.68;512145.6819N;091142.6087E;439.517261;0.00;0.16;0.16;0.00
4596281;291116;225320.68;512145.6819N;091142.6087E;439.517261;0.00;0.16;0.16;0.00
4596481;291116;225321.68;512145.6819N;091142.6087E;439.517261;0.00;0.16;0.16;0.00
4596681;291116;225322.55;512145.6819N;091142.6087E;439.517261;0.00;0.16;0.16;0.00
4596882;291116;225323.55;512145.6819N;091142.6087E;439.517261;0.00;0.16;0.16;0.00
4597082;291116;225324.55;512145.6819N;091142.6087E;439.517261;0.00;0.16;0.16;0.00
4597282;291116;225325.70;512145.6819N;091142.6087E;439.517261;0.00;0.16;0.16;0.00
4597482;291116;225326.69;512145.6819N;091142.6087E;439.517261;0.00;0.16;0.16;0.00
4597682;291116;225327.68;512145.6819N;091142.6087E;439.517261;0.00;0.16;0.16;0.00
4597882;291116;225328.70;512145.6819N;091142.6087E;439.517261;0.00;0.16;0.16;0.00
4598082;291116;225329.69;512145.6819N;091142.6087E;439.517261;0.00;0.16;0.16;0.00
4598282;291116;225330.55;512145.6819N;091142.6087E;439.517261;0.00;0.16;0.16;0.00
4598482;291116;225331.70;512145.6819N;091142.6087E;439.517261;0.00;0.16;0.16;0.00
4598682;291116;225332.68;512145.6819N;091142.6087E;439.517261;0.00;0.16;0.16;0.00
4598882;291116;225333.68;512145.6819N;091142.6087E;439.517261;0.00;0.16;0.16;0.00
4599082;291116;225334.70;512145.6819N;091142.6087E;439.517261;0.00;0.16;0.16;0.00
4599282;291116;225335.55;512145.6819N;091142.6087E;439.517261;0.00;0.16;0.16;0.00
4599482;291116;225336.55;512145.6819N;091142.6087E;439.517261;0.00;0.16;0.16;0.00
4599682;291116;225337.55;512145.6819N;091142.6087E;439.517261;0.00;0.16;0.16;0.00
4599886;291116;225338.55;512145.6819N;091142.6087E;439.517261;0.00;0.17;0.17;0.00
4600087;291116;225339.74;512145.6819N;091142.6087E;439.517261;0.00;0.16;0.16;0.00
4600287;291116;225340.75;512145.6819N;091142.6087E;439.517261;0.00;0.16;0.16;0.00
4600487;291116;225341.74;512145.6819N;091142.6087E;439.517261;0.00;0.16;0.16;0.00
4600687;291116;225342.55;512145.6819N;091142.6087E;439.517261;0.00;0.16;0.16;0.00
4600888;291116;225343.74;512145.6819N;091142.6087E;439.517261;0.00;0.16;0.16;0.00
4601088;291116;225344.74;512145.6819N;091142.6087E;439.517261;0.00;0.16;0.16;0.00
4601288;291116;225345.74;512145.6819N;091142.6087E;439.517261;0.00;0.16;0.16;0.00
4601488;291116;225346.72;512145.6819N;091142.6087E;439.517261;0.00;0.16;0.16;0.00
4601688;291116;225347.72;512145.6819N;091142.6087E;439.517261;0.00;0.16;0.16;0.00
4601888;291116;225348.55;512145.6819N;091142.6087E;439.517261;0.00;0.16;0.16;0.00
4602088;291116;225349.74;512145.6819N;091142.6087E;439.517261;0.00;0.16;0.16;0.00
4602289;291116;225350.73;512145.6819N;091142.6087E;439.517261;0.00;91.00;91.00;0.00
4602489;291116;225351.74;512145.6819N;091142.6087E;439.517261;0.00;0.16;0.16;0.00
4602689;291116;225352.74;512145.6819N;091142.6087E;439.517261;0.00;0.16;0.16;0.00
4602889;291116;225353.73;512145.6819N;091142.6087E;439.517261;0.00;0.16;0.16;0.00
4603089;291116;225354.73;512145.6819N;091142.6087E;439.517261;0.00;0.16;0.16;0.00
4603289;291116;225355.73;512145.6819N;091142.6087E;439.517261;0.00;0.16;0.16;0.00
4603489;291116;225356.74;512145.6819N;091142.6087E;439.517261;0.00;0.16;0.16;0.00
4603689;291116;225357.74;512145.6819N;091142.6087E;439.517261;0.00;0.16;0.16;0.00
4603889;291116;225358.75;512145.6819N;091142.6087E;439.517261;0.00;0.16;0.16;0.00
4604089;291116;225359.73;512145.6819N;091142.6087E;439.517261;0.00;0.16;0.16;0.00
4604289;291116;225400.74;512145.6819N;091142.6087E;439.517261;0.00;0.16;0.16;0.00
4604489;291116;225401.55;512145.6819N;091142.6087E;439.517261;0.00;0.16;0.16;0.00
4604689;291116;225402.73;512145.6819N;091142.6087E;439.517261;0.00;0.16;0.16;0.00
4604889;291116;225403.74;512145.6819N;091142.6087E;439.517261;0.00;0.16;0.16;0.00
4605089;291116;225404.74;512145.6819N;091142.6087E;439.517261;0.00;0.16;0.16;0.00
4605289;291116;225405.74;512145.6819N;091142.6087E;439.517261;0.00;0.16;0.16;0.00
4605491;291116;225406.65;512145.6819N;091142.6087E;439.517261;0.00;0.16;0.16;0.00
4605693;291116;225407.65;512145.6819N;091142.6087E;439.517261;0.00;0.16;0.16;0.00
4605895;291116;225408.65;512145.6819N;091142.6087E;439.517261;0.00;0.16;0.16;0.00
4606095;291116;225409.78;512145.6819N;091142.6087E;439.517261;0.00;0.16;0.16;0.00
4606296;291116;225410.65;512145.6819N;091142.6087E;439.517261;0.00;0.16;0.16;0.00
4606496;291116;225411.65;512145.6819N;091142.6087E;439.517261;0.00;0.16;0.16;0.00
4606698;291116;225412.65;512145.6819N;091142.6087E;439.517261;0.00;0.16;0.16;0.00
4606899;291116;225413.81;512145.6819N;091142.6087E;439.517261;0.00;0.16;0.16;0.00
4607099;291116;225414.80;512145.6819N;091142.6087E;439.517261;0.00;0.16;0.16;0.00
4607299;291116;225415.80;512145.6819N;091142.6087E;439.517261;0.00;0.16;0.16;0.00
4607499;291116;225416.80;512145.6819N;091142.6087E;439.517261;0.00;0.16;0.16;0.00
4607699;291116;225417.65;512145.6819N;091142.6087E;439.517261;0.00;0.16;0.16;0.00
4607899;291116;225418.80;512145.6819N;091142.6087E;439.517261;0.00;0.16;0.16;0.00
4608099;291116;225419.65;512145.6819N;091142.6087E;439.517261;0.00;0.16;0.16;0.00
4608298;291116;225420.81;512145.6819N;091142.6087E;439.517261;0.00;0.16;0.16;0.00
4608498;291116;225421.80;512145.6819N;091142.6087E;439.517261;0.00;0.16;0.16;0.00
4608698;291116;225422.65;512145.6819N;091142.6087E;439.517261;0.00;0.16;0.16;0.00
4608875;291116;225423.81;512145.6819N;091142.6087E;439.517261;0.00;0.16;0.16;0.00
4609075;291116;225424.80;512145.6819N;091142.6087E;439.517261;0.00;0.16;0.16;0.00
4609275;291116;225425.81;512145.6819N;091142.6087E;439.517261;0.00;0.16;0.16;0.00
4609475;291116;225426.81;512145.6819N;091142.6087E;439.517261;0.00;0.16;0.16;0.00
4609675;291116;225427.80;512145.6819N;091142.6087E;439.517261;0.00;0.16;0.16;0.00
4609875;291116;225428.80;512145.6819N;091142.6087E;439.517261;0.00;0.16;0.16;0.00
4610076;291116;225429.81;512145.6819N;091142.6087E;439.517261;0.00;0.16;0.16;0.00
4610276;291116;225430.81;512145.6819N;091142.6087E;439.517261;0.00;0.16;0.16;0.00
4610476;291116;225431.81;512145.6819N;091142.6087E;439.517261;0.00;0.16;0.16;0.00
4610676;291116;225432.79;512145.6819N;091142.6087E;439.517261;0.00;0.16;0.16;0.00
4610876;291116;225433.80;512145.6819N;091142.6087E;439.517261;0.00;0.16;0.16;0.00
4611081;291116;225434.81;512145.6819N;091142.6087E;439.517261;0.00;0.16;0.16;0.00
4611284;291116;225435.65;512145.6819N;091142.6087E;439.517261;0.00;0.16;0.16;0.00
4611484;291116;225436.82;512145.6819N;091142.6087E;439.517261;0.00;0.16;0.16;0.00
4611684;291116;225437.85;512145.6819N;091142.6087E;439.517261;0.00;0.16;0.16;0.00
4611884;291116;225438.83;512145.6819N;091142.6087E;439.517261;0.00;0.16;0.16;0.00
4612084;291116;225439.65;512145.6819N;091142.6087E;439.517261;0.00;0.16;0.16;0.00
4612268;291116;225440.83;512145.6819N;091142.6087E;439.517261;0.00;0.16;0.16;0.00
4612468;291116;225441.82;512145.6819N;091142.6087E;439.517261;0.00;0.16;0.16;0.00
4612668;291116;225442.65;512145.6819N;091142.6087E;439.517261;0.00;0.16;0.16;0.00
4612868;291116;225443.82;512145.6819N;091142.6087E;439.517261;0.00;0.16;0.16;0.00
4613068;291116;225444.83;512145.6819N;091142.6087E;439.517261;0.00;0.16;0.16;0.00
4613268;291116;225445.83;512145.6819N;091142.6087E;439.517261;0.00;0.16;0.16;0.00
4613468;291116;225446.81;512145.6819N;091142.6087E;439.517261;0.00;0.16;0.16;0.00
4613668;291116;225447.83;512145.6819N;091142.6087E;439.517261;0.00;0.16;0.16;0.00
4613843;291116;225448.83;512145.6819N;091142.6087E;439.517261;0.00;0.16;0.16;0.00
4614043;291116;225449.83;512145.6819N;091142.6087E;439.517261;0.00;0.16;0.16;0.00
4614209;291116;225450.82;512145.6819N;091142.6087E;439.517261;0.00;0.16;0.16;0.00
4614409;291116;225451.83;512145.6819N;091142.6087E;439.517261;0.00;0.15;0.15;0.00
4614609;291116;225452.83;512145.6819N;091142.6087E;439.517261;0.00;0.16;0.16;0.00
4614809;291116;225453.83;512145.6819N;091142.6087E;439.517261;0.00;0.16;0.16;0.00
4615009;291116;225454.83;512145.6819N;091142.6087E;439.517261;0.00;0.15;0.15;0.00
4615209;291116;225455.83;512145.6819N;091142.6087E;439.517261;0.00;0.16;0.16;0.00
4615409;291116;225456.83;512145.6819N;091142.6087E;439.517261;0.00;0.16;0.16;0.00
4615609;291116;225457.83;512145.6819N;091142.6087E;439.517261;0.00;0.16;0.16;0.00
4615809;291116;225458.82;512145.6819N;091142.6087E;439.517261;0.00;0.16;0.16;0.00
4616009;291116;225459.83;512145.6819N;091142.6087E;439.517261;0.00;0.16;0.16;0.00
4616209;291116;225500.83;512145.6819N;091142.6087E;439.517261;0.00;0.16;0.16;0.00
4616408;291116;225501.84;512145.6819N;091142.6087E;439.517261;0.00;0.16;0.16;0.00
4616610;291116;225502.65;512145.6819N;091142.6087E;439.517261;0.00;0.15;0.15;0.00
4616810;291116;225503.86;512145.6819N;091142.6087E;439.517261;0.00;0.16;0.16;0.00
4617010;291116;225504.87;512145.6819N;091142.6087E;439.517261;0.00;0.16;0.16;0.00
4617210;291116;225505.87;512145.6819N;091142.6087E;439.517261;0.00;0.16;0.16;0.00
4617410;291116;225506.86;512145.6819N;091142.6087E;439.517261;0.00;0.16;0.16;0.00
4617563;291116;225507.87;512145.6819N;091142.6087E;439.517261;0.00;0.16;0.16;0.00
4617753;291116;225508.87;512145.6819N;091142.6087E;439.517261;0.00;0.16;0.16;0.00
4617953;291116;225509.86;512145.6819N;091142.6087E;439.517261;0.00;95.00;95.00;0.00
4618153;291116;225510.87;512145.6819N;091142.6087E;439.517261;0.00;0.16;0.16;0.00
4618353;291116;225511.87;512145.6819N;091142.6087E;439.517261;0.00;0.16;0.16;0.00
4618553;291116;225512.87;512145.6819N;091142.6087E;439.517261;0.00;0.16;0.16;0.00
4618753;291116;225513.85;512145.6819N;091142.6087E;439.517261;0.00;0.16;0.16;0.00
4618953;291116;225514.87;512145.6819N;091142.6087E;439.517261;0.00;0.16;0.16;0.00
4619153;291116;225515.87;512145.6819N;091142.6087E;439.517261;0.00;0.16;0.16;0.00
4619353;291116;225516.86;512145.6819N;091142.6087E;439.517261;0.00;0.16;0.16;0.00
4619553;291116;225517.65;512145.6819N;091142.6087E;439.517261;0.00;0.16;0.16;0.00
4619753;291116;225518.85;512145.6819N;091142.6087E;439.517261;0.00;0.16;0.16;0.00
4619955;291116;225519.87;512145.6819N;091142.6087E;439.517261;0.00;0.16;0.16;0.00
4620155;291116;225520.86;512145.6819N;091142.6087E;439.517261;0.00;0.16;0.16;0.00
4620355;291116;225521.86;512145.6819N;091142.6087E;439.517261;0.00;0.16;0.16;0.00
4620555;291116;225522.86;512145.6819N;091142.6087E;439.517261;0.00;0.16;0.16;0.00
4620755;291116;225523.86;512145.6819N;091142.6087E;439.517261;0.00;0.16;0.16;0.00
4620955;291116;225524.85;512145.6819N;091142.6087E;439.517261;0.00;0.16;0.16;0.00
4621155;291116;225525.87;512145.6819N;091142.6087E;439.517261;0.00;0.15;0.15;0.00
4621355;291116;225526.87;512145.6819N;091142.6087E;439.517261;0.00;0.16;0.16;0.00
4621555;291116;225527.86;512145.6819N;091142.6087E;439.517261;0.00;0.16;0.16;0.00
4621755;291116;225528.85;512145.6819N;091142.6087E;439.517261;0.00;0.16;0.16;0.00
4621955;291116;225529.86;512145.6819N;091142.6087E;439.517261;0.00;0.16;0.16;0.00
4622155;291116;225530.75;512145.6819N;091142.6087E;439.517261;0.00;0.16;0.16;0.00
4622357;291116;225531.75;512145.6819N;091142.6087E;439.517261;0.00;0.16;0.16;0.00
4622556;291116;225532.75;512145.6819N;091142.6087E;439.517261;0.00;0.16;0.16;0.00
4622757;291116;225533.75;512145.6819N;091142.6087E;439.517261;0.00;94.00;94.00;0.00
4622960;291116;225534.91;512145.6819N;091142.6087E;439.517261;0.00;0.16;0.16;0.00
4623163;291116;225535.92;512145.6819N;091142.6087E;439.517261;0.00;0.16;0.16;0.00
4623362;291116;225536.75;512145.6819N;091142.6087E;439.517261;0.00;0.16;0.16;0.00
4623560;291116;225537.91;512145.6819N;091142.6087E;439.517261;0.00;93.00;93.00;0.00
4623760;291116;225538.89;512145.6819N;091142.6087E;439.517261;0.00;0.16;0.16;0.00
4623960;291116;225539.90;512145.6819N;091142.6087E;439.517261;0.00;0.16;0.16;0.00
4624160;291116;225540.91;512145.6819N;091142.6087E;439.517261;0.00;0.16;0.16;0.00
4624360;291116;225541.75;512145.6819N;091142.6087E;439.517261;0.00;0.16;0.16;0.00
4624560;291116;225542.91;512145.6819N;091142.6087E;439.517261;0.00;0.16;0.16;0.00
4624757;291116;225543.75;512145.6819N;091142.6087E;439.517261;0.00;0.16;0.16;0.00
4624957;291116;225544.91;512145.6819N;091142.6087E;439.517261;0.00;0.16;0.16;0.00
4625157;291116;225545.90;512145.6819N;091142.6087E;439.517261;0.00;0.15;0.15;0.00
4625357;291116;225546.91;512145.6819N;091142.6087E;439.517261;0.00;0.16;0.16;0.00
4625557;291116;225547.91;512145.6819N;091142.6087E;439.517261;0.00;0.16;0.16;0.00
4625757;291116;225548.90;512145.6819N;091142.6087E;439.517261;0.00;0.16;0.16;0.00
4625957;291116;225549.91;512145.6819N;091142.6087E;439.517261;0.00;0.16;0.16;0.00
4626157;291116;225550.91;512145.6819N;091142.6087E;439.517261;0.00;0.16;0.16;0.00
4626357;291116;225551.91;512145.6819N;091142.6087E;439.517261;0.00;0.16;0.16;0.00
4626557;291116;225552.91;512145.6819N;091142.6087E;439.517261;0.00;0.16;0.16;0.00
4626758;291116;225553.91;512145.6819N;091142.6087E;439.517261;0.00;0.15;0.15;0.00
4626958;291116;225554.91;512145.6819N;091142.6087E;439.517261;0.00;0.16;0.16;0.00
4627158;291116;225555.91;512145.6819N;091142.6087E;439.517261;0.00;0.16;0.16;0.00
4627357;291116;225556.92;512145.6819N;091142.6087E;439.517261;0.00;0.16;0.16;0.00
4627558;291116;225557.91;512145.6819N;091142.6087E;439.517261;0.00;0.16;0.16;0.00
4627759;291116;225558.75;512145.6819N;091142.6087E;439.517261;0.00;0.16;0.16;0.00
4627961;291116;225559.93;512145.6819N;091142.6087E;439.517261;0.00;0.16;0.16;0.00
4628163;291116;225600.75;512145.6819N;091142.6087E;439.517261;0.00;0.16;0.16;0.00
4628365;291116;225601.93;512145.6819N;091142.6087E;439.517261;0.00;0.16;0.16;0.00
4628565;291116;225602.95;512145.6819N;091142.6087E;439.517261;0.00;0.16;0.16;0.00
4628765;291116;225603.95;512145.6819N;091142.6087E;439.517261;0.00;0.16;0.16;0.00
4628965;291116;225604.95;512145.6819N;091142.6087E;439.517261;0.00;0.16;0.16;0.00
4629165;291116;225605.75;512145.6819N;091142.6087E;439.517261;0.00;0.15;0.15;0.00
4629318;291116;225606.96;512145.6819N;091142.6087E;439.517261;0.00;0.16;0.16;0.00
4629517;291116;225607.75;512145.6819N;091142.6087E;439.517261;0.00;0.16;0.16;0.00
4629717;291116;225608.75;512145.6819N;091142.6087E;439.517261;0.00;0.16;0.16;0.00
4629917;291116;225609.95;512145.6819N;091142.6087E;439.517261;0.00;0.16;0.16;0.00
4630118;291116;225610.96;512145.6819N;091142.6087E;439.517261;0.00;0.16;0.16;0.00
4630318;291116;225611.93;512145.6819N;091142.6087E;439.517261;0.00;0.16;0.16;0.00
4630518;291116;225612.75;512145.6819N;091142.6087E;439.517261;0.00;0.16;0.16;0.00
4630718;291116;225613.96;512145.6819N;091142.6087E;439.517261;0.00;0.16;0.16;0.00
4630918;291116;225614.96;512145.6819N;091142.6087E;439.517261;0.00;0.16;0.16;0.00
4631118;291116;225615.75;512145.6819N;091142.6087E;439.517261;0.00;0.16;0.16;0.00
4631318;291116;225616.96;512145.6819N;091142.6087E;439.517261;0.00;0.16;0.16;0.00
4631508;291116;225617.75;512145.6819N;091142.6087E;439.517261;0.00;0.16;0.16;0.00
4631708;291116;225618.75;512145.6819N;091142.6087E;439.517261;0.00;0.16;0.16;0.00
4631908;291116;225619.96;512145.6819N;091142.6087E;439.517261;0.00;0.16;0.16;0.00
4632108;291116;225620.94;512145.6819N;091142.6087E;439.517261;0.00;0.16;0.16;0.00
4632308;291116;225621.96;512145.6819N;091142.6087E;439.517261;0.00;0.16;0.16;0.00
4632508;291116;225622.96;512145.6819N;091142.6087E;439.517261;0.00;0.16;0.16;0.00
4632708;291116;225623.95;512145.6819N;091142.6087E;439.517261;0.00;0.16;0.16;0.00
4632908;291116;225624.95;512145.6819N;091142.6087E;439.517261;0.00;0.16;0.16;0.00
4633108;291116;225625.96;512145.6819N;091142.6087E;439.517261;0.00;0.16;0.16;0.00
4633310;291116;225626.85;512145.6819N;091142.6087E;439.517261;0.00;0.16;0.16;0.00
4633511;291116;225627.85;512145.6819N;091142.6087E;439.517261;0.00;0.16;0.16;0.00
4633711;291116;225628.85;512145.6819N;091142.6087E;439.517261;0.00;0.16;0.16;0.00
4633912;291116;225629.85;512145.6819N;091142.6087E;439.517261;0.00;0.16;0.16;0.00
4634112;291116;225630.85;512145.6819N;091142.6087E;439.517261;0.00;0.16;0.16;0.00
4634316;291116;225632.02;512145.6819N;091142.6087E;439.517261;0.00;0.16;0.16;0.00
4634516;291116;225632.85;512145.6819N;091142.6087E;439.517261;0.00;0.16;0.16;0.00
4634716;291116;225634.01;512145.6819N;091142.6087E;439.517261;0.00;0.16;0.16;0.00
4634916;291116;225635.02;512145.6819N;091142.6087E;439.517261;0.00;0.16;0.16;0.00
4635116;291116;225635.85;512145.6819N;091142.6087E;439.517261;0.00;0.16;0.16;0.00
4635316;291116;225637.01;512145.6819N;091142.6087E;439.517261;0.00;0.16;0.16;0.00
4635518;291116;225637.85;512145.6819N;091142.6087E;439.517261;0.00;0.16;0.16;0.00
4635718;291116;225638.85;512145.6819N;091142.6087E;439.517261;0.00;0.15;0.15;0.00
4635913;291116;225639.85;512145.6819N;091142.6087E;439.517261;0.00;0.16;0.16;0.00
4636113;291116;225640.85;512145.6819N;091142.6087E;439.517261;0.00;0.16;0.16;0.00
4636313;291116;225642.00;512145.6819N;091142.6087E;439.517261;0.00;0.16;0.16;0.00
4636513;291116;225642.85;512145.6819N;091142.6087E;439.517261;0.00;0.16;0.16;0.00
4636713;291116;225643.85;512145.6819N;091142.6087E;439.517261;0.00;0.16;0.16;0.00
4636913;291116;225644.85;512145.6819N;091142.6087E;439.517261;0.00;0.16;0.16;0.00
4637113;291116;225645.85;512145.6819N;091142.6087E;439.517261;0.00;0.16;0.16;0.00
4637313;291116;225647.00;512145.6819N;091142.6087E;439.517261;0.00;0.16;0.16;0.00
4637513;291116;225647.85;512145.6819N;091142.6087E;439.517261;0.00;0.16;0.16;0.00
4637713;291116;225648.85;512145.6819N;091142.6087E;439.517261;0.00;0.16;0.16;0.00
4637891;291116;225650.01;512145.6819N;091142.6087E;439.517261;0.00;0.16;0.16;0.00
4638091;291116;225650.85;512145.6819N;091142.6087E;439.517261;0.00;0.15;0.15;0.00
4638291;291116;225651.85;512145.6819N;091142.6087E;439.517261;0.00;0.16;0.16;0.00
4638492;291116;225653.02;512145.6819N;091142.6087E;439.517261;0.00;0.16;0.16;0.00
4638692;291116;225654.02;512145.6819N;091142.6087E;439.517261;0.00;0.16;0.16;0.00
4638892;291116;225655.03;512145.6819N;091142.6087E;439.517261;0.00;0.15;0.15;0.00
4639090;291116;225656.03;512145.6819N;091142.6087E;439.517261;0.00;0.16;0.16;0.00
4639291;291116;225656.85;512145.6819N;091142.6087E;439.517261;0.00;0.16;0.16;0.00
4639491;291116;225657.85;512145.6819N;091142.6087E;439.517261;0.00;0.16;0.16;0.00
4639691;291116;225659.02;512145.6819N;091142.6087E;439.517261;0.00;0.16;0.16;0.00
4639892;291116;225659.85;512145.6819N;091142.6087E;439.517261;0.00;0.16;0.16;0.00
4640094;291116;225700.85;512145.6819N;091142.6087E;439.517261;0.00;0.16;0.16;0.00
4640294;291116;225702.02;512145.6819N;091142.6087E;439.517261;0.00;0.16;0.16;0.00
4640494;291116;225703.02;512145.6819N;091142.6087E;439.517261;0.00;0.16;0.16;0.00
4640694;291116;225703.85;512145.6819N;091142.6087E;439.517261;0.00;0.15;0.15;0.00
4640866;291116;225704.85;512145.6819N;091142.6087E;439.517261;0.00;0.16;0.16;0.00
4641066;291116;225705.85;512145.6819N;091142.6087E;439.517261;0.00;0.16;0.16;0.00
4641266;291116;225706.85;512145.6819N;091142.6087E;439.517261;0.00;0.16;0.16;0.00
4641466;291116;225707.85;512145.6819N;091142.6087E;439.517261;0.00;0.16;0.16;0.00
4641666;291116;225708.85;512145.6819N;091142.6087E;439.517261;0.00;0.16;0.16;0.00
4641866;291116;225710.05;512145.6819N;091142.6087E;439.517261;0.00;0.16;0.16;0.00
4642066;291116;225711.03;512145.6819N;091142.6087E;439.517261;0.00;0.16;0.16;0.00
4642266;291116;225712.05;512145.6819N;091142.6087E;439.517261;0.00;0.16;0.16;0.00
4642466;291116;225713.05;512145.6819N;091142.6087E;439.517261;0.00;0.16;0.16;0.00
4642666;291116;225714.03;512145.6819N;091142.6087E;439.517261;0.00;0.16;0.16;0.00
4642825;291116;225715.05;512145.6819N;091142.6087E;439.517261;0.00;0.16;0.16;0.00
4643025;291116;225716.05;512145.6819N;091142.6087E;439.517261;0.00;0.16;0.16;0.00
4643219;291116;225717.05;512145.6819N;091142.6087E;439.517261;0.00;0.16;0.16;0.00
4643419;291116;225718.05;512145.6819N;091142.6087E;439.517261;0.00;0.16;0.16;0.00
4643618;291116;225719.05;512145.6819N;091142.6087E;439.517261;0.00;0.16;0.16;0.00
4643809;291116;225720.02;512145.6819N;091142.6087E;439.517261;0.00;0.16;0.16;0.00
4644009;291116;225721.05;512145.6819N;091142.6087E;439.517261;0.00;0.16;0.16;0.00
4644209;291116;225721.85;512145.6819N;091142.6087E;439.517261;0.00;0.16;0.16;0.00
4644414;291116;225722.95;512145.6819N;091142.6087E;439.517261;0.00;0.16;0.16;0.00
4644606;291116;225723.95;512145.6819N;091142.6087E;439.517261;0.00;0.16;0.16;0.00
4644806;291116;225725.12;512145.6819N;091142.6087E;439.517261;0.00;0.16;0.16;0.00
4645004;291116;225726.12;512145.6819N;091142.6087E;439.517261;0.00;0.16;0.16;0.00
4645202;291116;225726.95;512145.6819N;091142.6087E;439.517261;0.00;0.15;0.15;0.00
4645400;291116;225728.12;512145.6819N;091142.6087E;439.517261;0.00;0.16;0.16;0.00
4645597;291116;225729.10;512145.6819N;091142.6087E;439.517261;0.00;0.16;0.16;0.00
4645797;291116;225730.12;512145.6819N;091142.6087E;439.517261;0.00;0.16;0.16;0.00
4645997;291116;225731.12;512145.6819N;091142.6087E;439.517261;0.00;0.16;0.16;0.00
4646197;291116;225732.10;512145.6819N;091142.6087E;439.517261;0.00;0.16;0.16;0.00
4646395;291116;225732.95;512145.6819N;091142.6087E;439.517261;0.00;0.16;0.16;0.00
4646589;291116;225734.12;512145.6819N;091142.6087E;439.517261;0.00;0.16;0.16;0.00
4646786;291116;225735.12;512145.6819N;091142.6087E;439.517261;0.00;0.15;0.15;0.00
4646979;291116;225736.11;512145.6819N;091142.6087E;439.517261;0.00;0.16;0.16;0.00
4647170;291116;225737.12;512145.6819N;091142.6087E;439.517261;0.00;0.16;0.16;0.00
4647370;291116;225738.11;512145.6819N;091142.6087E;439.517261;0.00;0.16;0.16;0.00
4647559;291116;225739.11;512145.6819N;091142.6087E;439.517261;0.00;0.16;0.16;0.00
4647755;291116;225739.95;512145.6819N;091142.6087E;439.517261;0.00;0.16;0.16;0.00
4647942;291116;225740.95;512145.6819N;091142.6087E;439.517261;0.00;0.16;0.16;0.00
4648141;291116;225742.10;512145.6819N;091142.6087E;439.517261;0.00;0.16;0.16;0.00
4648341;291116;225743.12;512145.6819N;091142.6087E;439.517261;0.00;0.15;0.15;0.00
4648527;291116;225743.95;512145.6819N;091142.6087E;439.517261;0.00;0.16;0.16;0.00
4648723;291116;225744.95;512145.6819N;091142.6087E;439.517261;0.00;0.16;0.16;0.00
4648923;291116;225746.12;512145.6819N;091142.6087E;439.517261;0.00;0.16;0.16;0.00
4649123;291116;225747.12;512145.6819N;091142.6087E;439.517261;0.00;0.16;0.16;0.00
4649320;291116;225748.11;512145.6819N;091142.6087E;439.517261;0.00;0.15;0.15;0.00
4649519;291116;225749.12;512145.6819N;091142.6087E;439.517261;0.00;0.16;0.16;0.00
4649715;291116;225749.95;512145.6819N;091142.6087E;439.517261;0.00;0.16;0.16;0.00
4649915;291116;225751.12;512145.6819N;091142.6087E;439.517261;0.00;0.17;0.17;0.00
4650115;291116;225752.11;512145.6819N;091142.6087E;439.517261;0.00;0.16;0.16;0.00
4650313;291116;225753.13;512145.6819N;091142.6087E;439.517261;0.00;0.16;0.16;0.00
4650504;291116;225754.14;512145.6819N;091142.6087E;439.517261;0.00;0.16;0.16;0.00
4650704;291116;225754.95;512145.6819N;091142.6087E;439.517261;0.00;0.16;0.16;0.00
4650896;291116;225756.12;512145.6819N;091142.6087E;439.517261;0.00;0.16;0.16;0.00
4651096;291116;225757.12;512145.6819N;091142.6087E;439.517261;0.00;0.16;0.16;0.00
4651296;291116;225758.11;512145.6819N;091142.6087E;439.517261;0.00;0.16;0.16;0.00
4651495;291116;225759.12;512145.6819N;091142.6087E;439.517261;0.00;0.16;0.16;0.00
4651690;291116;225800.14;512145.6819N;091142.6087E;439.517261;0.00;0.16;0.16;0.00
4651887;291116;225801.12;512145.6819N;091142.6087E;439.517261;0.00;0.16;0.16;0.00
4652080;291116;225802.12;512145.6819N;091142.6087E;439.517261;0.00;0.16;0.16;0.00
4652278;291116;225803.12;512145.6819N;091142.6087E;439.517261;0.00;0.16;0.16;0.00
4652478;291116;225804.12;512145.6819N;091142.6087E;439.517261;0.00;0.16;0.16;0.00
4652678;291116;225805.13;512145.6819N;091142.6087E;439.517261;0.00;0.16;0.16;0.00
4652860;291116;225806.11;512145.6819N;091142.6087E;439.517261;0.00;0.16;0.16;0.00
4653057;291116;225807.13;512145.6819N;091142.6087E;439.517261;0.00;0.16;0.16;0.00
4653248;291116;225808.13;512145.6819N;091142.6087E;439.517261;0.00;0.16;0.16;0.00
4653439;291116;225809.13;512145.6819N;091142.6087E;439.517261;0.00;0.16;0.16;0.00
4653629;291116;225810.13;512145.6819N;091142.6087E;439.517261;0.00;0.16;0.16;0.00
4653823;291116;225811.11;512145.6819N;091142.6087E;439.517261;0.00;0.16;0.16;0.00
4654011;291116;225812.13;512145.6819N;091142.6087E;439.517261;0.00;0.16;0.16;0.00
4654199;291116;225813.13;512145.6819N;091142.6087E;439.517261;0.00;0.16;0.16;0.00
4654398;291116;225814.11;512145.6819N;091142.6087E;439.517261;0.00;0.16;0.16;0.00
4654593;291116;225815.14;512145.6819N;091142.6087E;439.517261;0.00;0.16;0.16;0.00
4654785;291116;225816.13;512145.6819N;091142.6087E;439.517261;0.00;0.16;0.16;0.00
4654972;291116;225817.12;512145.6819N;091142.6087E;439.517261;0.00;0.16;0.16;0.00
4655172;291116;225818.13;512145.6819N;091142.6087E;439.517261;0.00;0.16;0.16;0.00
4655358;291116;225818.95;512145.6819N;091142.6087E;439.517261;0.00;0.16;0.16;0.00
4655545;291116;225819.95;512145.6819N;091142.6087E;439.517261;0.00;0.16;0.16;0.00
4655734;291116;225820.95;512145.6819N;091142.6087E;439.517261;0.00;0.16;0.16;0.00
4655925;291116;225821.95;512145.6819N;091142.6087E;439.517261;0.00;0.16;0.16;0.00
4656124;291116;225822.95;512145.6819N;091142.6087E;439.517261;0.00;0.15;0.15;0.00
4656310;291116;225823.95;512145.6819N;091142.6087E;439.517261;0.00;0.16;0.16;0.00
4656496;291116;225824.95;512145.6819N;091142.6087E;439.517261;0.00;0.16;0.16;0.00
4656680;291116;225825.95;512145.6819N;091142.6087E;439.517261;0.00;0.16;0.16;0.00
4656868;291116;225826.95;512145.6819N;091142.6087E;439.517261;0.00;0.16;0.16;0.00
4657066;291116;225827.95;512145.6819N;091142.6087E;439.517261;0.00;0.16;0.16;0.00
4657256;291116;225828.95;512145.6819N;091142.6087E;439.517261;0.00;0.16;0.16;0.00
4657441;291116;225829.95;512145.6819N;091142.6087E;439.517261;0.00;0.16;0.16;0.00
4657607;291116;225831.15;512145.6819N;091142.6087E;439.517261;0.00;0.16;0.16;0.00
4657791;291116;225832.17;512145.6819N;091142.6087E;439.517261;0.00;0.16;0.16;0.00
4657980;291116;225832.95;512145.6819N;091142.6087E;439.517261;0.00;0.16;0.16;0.00
4658169;291116;225833.95;512145.6819N;091142.6087E;439.517261;0.00;0.16;0.16;0.00
4658368;291116;225834.95;512145.6819N;091142.6087E;439.517261;0.00;0.16;0.16;0.00
4658555;291116;225836.17;512145.6819N;091142.6087E;439.517261;0.00;0.16;0.16;0.00
4658739;291116;225837.16;512145.6819N;091142.6087E;439.517261;0.00;0.16;0.16;0.00
4658928;291116;225838.17;512145.6819N;091142.6087E;439.517261;0.00;0.16;0.16;0.00
4659113;291116;225838.95;512145.6819N;091142.6087E;439.517261;0.00;0.16;0.16;0.00
4659307;291116;225840.16;512145.6819N;091142.6087E;439.517261;0.00;0.16;0.16;0.00
4659506;291116;225841.15;512145.6819N;091142.6087E;439.517261;0.00;0.16;0.16;0.00
4659693;291116;225842.17;512145.6819N;091142.6087E;439.517261;0.00;0.16;0.16;0.00
4659892;291116;225843.16;512145.6819N;091142.6087E;439.517261;0.00;0.16;0.16;0.00
4660090;291116;225844.17;512145.6819N;091142.6087E;439.517261;0.00;0.16;0.16;0.00
4660288;291116;225845.17;512145.6819N;091142.6087E;439.517261;0.00;0.16;0.16;0.00
4660488;291116;225846.15;512145.6819N;091142.6087E;439.517261;0.00;0.16;0.16;0.00
4660697;291116;225847.05;512145.6819N;091142.6087E;439.517261;0.00;0.16;0.16;0.00
4660881;291116;225848.21;512145.6819N;091142.6087E;439.517261;0.00;0.16;0.16;0.00
4661081;291116;225849.21;512145.6819N;091142.6087E;439.517261;0.00;0.16;0.16;0.00
4661268;291116;225850.21;512145.6819N;091142.6087E;439.517261;0.00;0.15;0.15;0.00
4661468;291116;225851.21;512145.6819N;091142.6087E;439.517261;0.00;0.16;0.16;0.00
4661668;291116;225852.19;512145.6819N;091142.6087E;439.517261;0.00;0.15;0.15;0.00
4661864;291116;225853.20;512145.6819N;091142.6087E;439.517261;0.00;0.15;0.15;0.00
4662064;291116;225854.20;512145.6819N;091142.6087E;439.517261;0.00;0.16;0.16;0.00
4662265;291116;225855.21;512145.6819N;091142.6087E;439.517261;0.00;0.16;0.16;0.00
4662447;291116;225856.21;512145.6819N;091142.6087E;439.517261;0.00;0.16;0.16;0.00
4662647;291116;225857.20;512145.6819N;091142.6087E;439.517261;0.00;0.15;0.15;0.00
4662847;291116;225858.21;512145.6819N;091142.6087E;439.517261;0.00;0.16;0.16;0.00
4663047;291116;225859.21;512145.6819N;091142.6087E;439.517261;0.00;0.15;0.15;0.00
4663245;291116;225900.20;512145.6819N;091142.6087E;439.517261;0.00;0.15;0.15;0.00
4663445;291116;225901.21;512145.6819N;091142.6087E;439.517261;0.00;0.16;0.16;0.00
4663631;291116;225902.21;512145.6819N;091142.6087E;439.517261;0.00;95.00;95.00;0.00
4663829;291116;225903.05;512145.6819N;091142.6087E;439.517261;0.00;0.15;0.15;0.00
4664009;291116;225904.21;512145.6819N;091142.6087E;439.517261;0.00;0.16;0.16;0.00
4664209;291116;225905.21;512145.6819N;091142.6087E;439.517261;0.00;0.16;0.16;0.00
4664409;291116;225906.19;512145.6819N;091142.6087E;439.517261;0.00;0.16;0.16;0.00
4664609;291116;225907.21;512145.6819N;091142.6087E;439.517261;0.00;0.15;0.15;0.00
4664809;291116;225908.21;512145.6819N;091142.6087E;439.517261;0.00;0.16;0.16;0.00
4665009;291116;225909.20;512145.6819N;091142.6087E;439.517261;0.00;0.16;0.16;0.00
4665209;291116;225910.05;512145.6819N;091142.6087E;439.517261;0.00;0.16;0.16;0.00
4665387;291116;225911.21;512145.6819N;091142.6087E;439.517261;0.00;0.16;0.16;0.00
4665587;291116;225912.21;512145.6819N;091142.6087E;439.517261;0.00;0.16;0.16;0.00
4665771;291116;225913.19;512145.6819N;091142.6087E;439.517261;0.00;0.16;0.16;0.00
4665971;291116;225914.21;512145.6819N;091142.6087E;439.517261;0.00;0.16;0.16;0.00
4666172;291116;225915.05;512145.6819N;091142.6087E;439.517261;0.00;0.16;0.16;0.00
4666372;291116;225916.05;512145.6819N;091142.6087E;439.517261;0.00;0.16;0.16;0.00
4666571;291116;225917.05;512145.6819N;091142.6087E;439.517261;0.00;0.16;0.16;0.00
4666776;291116;225918.05;512145.6819N;091142.6087E;439.517261;0.00;0.16;0.16;0.00
4666977;291116;225919.05;512145.6819N;091142.6087E;439.517261;0.00;0.16;0.16;0.00
4667177;291116;225920.26;512145.6819N;091142.6087E;439.517261;0.00;0.16;0.16;0.00
4667377;291116;225921.26;512145.6819N;091142.6087E;439.517261;0.00;0.16;0.16;0.00
4667577;291116;225922.25;512145.6819N;091142.6087E;439.517261;0.00;0.16;0.16;0.00
4667777;291116;225923.24;512145.6819N;091142.6087E;439.517261;0.00;0.16;0.16;0.00
4667977;291116;225924.26;512145.6819N;091142.6087E;439.517261;0.00;0.16;0.16;0.00
4668177;291116;225925.26;512145.6819N;091142.6087E;439.517261;0.00;0.15;0.15;0.00
4668377;291116;225926.26;512145.6819N;091142.6087E;439.517261;0.00;93.00;93.00;0.00
4668577;291116;225927.26;512145.6819N;091142.6087E;439.517261;0.00;0.16;0.16;0.00
4668773;291116;225928.24;512145.6819N;091142.6087E;439.517261;0.00;0.16;0.16;0.00
4668973;291116;225929.26;512145.6819N;091142.6087E;439.517261;0.00;94.00;94.00;0.00
4669173;291116;225930.24;512145.6819N;091142.6087E;439.517261;0.00;0.16;0.16;0.00
4669373;291116;225931.25;512145.6819N;091142.6087E;439.517261;0.00;0.16;0.16;0.00
4669573;291116;225932.26;512145.6819N;091142.6087E;439.517261;0.00;0.16;0.16;0.00
4669773;291116;225933.26;512145.6819N;091142.6087E;439.517261;0.00;0.16;0.16;0.00
4669973;291116;225934.25;512145.6819N;091142.6087E;439.517261;0.00;0.16;0.16;0.00
4670175;291116;225935.26;512145.6819N;091142.6087E;439.517261;0.00;0.16;0.16;0.00
4670375;291116;225936.26;512145.6819N;091142.6087E;439.517261;0.00;0.16;0.16;0.00
4670575;291116;225937.24;512145.6819N;091142.6087E;439.517261;0.00;0.16;0.16;0.00
4670775;291116;225938.25;512145.6819N;091142.6087E;439.517261;0.00;0.16;0.16;0.00
4670973;291116;225939.26;512145.6819N;091142.6087E;439.517261;0.00;0.16;0.16;0.00
4671173;291116;225940.05;512145.6819N;091142.6087E;439.517261;0.00;0.16;0.16;0.00
4671373;291116;225941.26;512145.6819N;091142.6087E;439.517261;0.00;0.16;0.16;0.00
4671573;291116;225942.26;512145.6819N;091142.6087E;439.517261;0.00;0.15;0.15;0.00
4671775;291116;225943.15;512145.6819N;091142.6087E;439.517261;0.00;0.16;0.16;0.00
4671975;291116;225944.15;512145.6819N;091142.6087E;439.517261;0.00;0.16;0.16;0.00
4672175;291116;225945.15;512145.6819N;091142.6087E;439.517261;0.00;0.15;0.15;0.00
4672375;291116;225946.15;512145.6819N;091142.6087E;439.517261;0.00;0.16;0.16;0.00
4672578;291116;225947.15;512145.6819N;091142.6087E;439.517261;0.00;0.16;0.16;0.00
4672778;291116;225948.31;512145.6819N;091142.6087E;439.517261;0.00;0.16;0.16;0.00
4672979;291116;225949.15;512145.6819N;091142.6087E;439.517261;0.00;0.16;0.16;0.00
4673179;291116;225950.31;512145.6819N;091142.6087E;439.517261;0.00;0.16;0.16;0.00
4673379;291116;225951.31;512145.6819N;091142.6087E;439.517261;0.00;0.16;0.16;0.00
4673579;291116;225952.31;512145.6819N;091142.6087E;439.517261;0.00;0.15;0.15;0.00
4673780;291116;225953.31;512145.6819N;091142.6087E;439.517261;0.00;0.16;0.16;0.00
4673980;291116;225954.31;512145.6819N;091142.6087E;439.517261;0.00;0.16;0.16;0.00
4674180;291116;225955.30;512145.6819N;091142.6087E;439.517261;0.00;0.16;0.16;0.00
4674332;291116;225956.31;512145.6819N;091142.6087E;439.517261;0.00;0.16;0.16;0.00
4674532;291116;225957.30;512145.6819N;091142.6087E;439.517261;0.00;0.16;0.16;0.00
4674732;291116;225958.29;512145.6819N;091142.6087E;439.517261;0.00;0.16;0.16;0.00
4674932;291116;225959.30;512145.6819N;091142.6087E;439.517261;0.00;0.16;0.16;0.00
4675132;291116;230000.31;512145.6819N;091142.6087E;439.517261;0.00;0.16;0.16;0.00
