4675332;291116;230001.29;512145.6819N;091142.6087E;439.517261;0.00;0.16;0.16;0.00
4675532;291116;230002.31;512145.6819N;091142.6087E;439.517261;0.00;0.16;0.16;0.00
4675732;291116;230003.31;512145.6819N;091142.6087E;439.517261;0.00;0.16;0.16;0.00
4675932;291116;230004.30;512145.6819N;091142.6087E;439.517261;0.00;0.16;0.16;0.00
4676132;291116;230005.31;512145.6819N;091142.6087E;439.517261;0.00;0.16;0.16;0.00
4676332;291116;230006.29;512145.6819N;091142.6087E;439.517261;0.00;0.16;0.16;0.00
4676532;291116;230007.30;512145.6819N;091142.6087E;439.517261;0.00;0.16;0.16;0.00
4676732;291116;230008.31;512145.6819N;091142.6087E;439.517261;0.00;0.16;0.16;0.00
4676932;291116;230009.31;512145.6819N;091142.6087E;439.517261;0.00;0.16;0.16;0.00
4677132;291116;230010.29;512145.6819N;091142.6087E;439.517261;0.00;0.16;0.16;0.00
4677334;291116;230011.15;512145.6819N;091142.6087E;439.517261;0.00;0.15;0.15;0.00
4677534;291116;230012.15;512145.6819N;091142.6087E;439.517261;0.00;0.16;0.16;0.00
4677736;291116;230013.15;512145.6819N;091142.6087E;439.517261;0.00;0.16;0.16;0.00
4677934;291116;230014.34;512145.6819N;091142.6087E;439.517261;0.00;0.16;0.16;0.00
4678134;291116;230015.34;512145.6819N;091142.6087E;439.517261;0.00;0.16;0.16;0.00
4678333;291116;230016.15;512145.6819N;091142.6087E;439.517261;0.00;0.16;0.16;0.00
4678533;291116;230017.15;512145.6819N;091142.6087E;439.517261;0.00;0.16;0.16;0.00
4678733;291116;230018.33;512145.6819N;091142.6087E;439.517261;0.00;0.16;0.16;0.00
4678934;291116;230019.34;512145.6819N;091142.6087E;439.517261;0.00;0.16;0.16;0.00
4679135;291116;230020.34;512145.6819N;091142.6087E;439.517261;0.00;0.16;0.16;0.00
4679335;291116;230021.32;512145.6819N;091142.6087E;439.517261;0.00;0.16;0.16;0.00
4679535;291116;230022.15;512145.6819N;091142.6087E;439.517261;0.00;0.16;0.16;0.00
4679735;291116;230023.33;512145.6819N;091142.6087E;439.517261;0.00;0.16;0.16;0.00
4679935;291116;230024.33;512145.6819N;091142.6087E;439.517261;0.00;0.16;0.16;0.00
4680135;291116;230025.34;512145.6819N;091142.6087E;439.517261;0.00;0.16;0.16;0.00
4680335;291116;230026.35;512145.6819N;091142.6087E;439.517261;0.00;0.16;0.16;0.00
4680535;291116;230027.15;512145.6819N;091142.6087E;439.517261;0.00;0.16;0.16;0.00
4680734;291116;230028.34;512145.6819N;091142.6087E;439.517261;0.00;0.16;0.16;0.00
4680926;291116;230029.35;512145.6819N;091142.6087E;439.517261;0.00;0.16;0.16;0.00
4681124;291116;230030.34;512145.6819N;091142.6087E;439.517261;0.00;0.16;0.16;0.00
4681324;291116;230031.34;512145.6819N;091142.6087E;439.517261;0.00;0.16;0.16;0.00
4681524;291116;230032.34;512145.6819N;091142.6087E;439.517261;0.00;0.16;0.16;0.00
4681724;291116;230033.33;512145.6819N;091142.6087E;439.517261;0.00;0.16;0.16;0.00
4681924;291116;230034.34;512145.6819N;091142.6087E;439.517261;0.00;0.15;0.15;0.00
4682124;291116;230035.35;512145.6819N;091142.6087E;439.517261;0.00;0.16;0.16;0.00
4682324;291116;230036.34;512145.6819N;091142.6087E;439.517261;0.00;0.16;0.16;0.00
4682524;291116;230037.34;512145.6819N;091142.6087E;439.517261;0.00;0.16;0.16;0.00
4682724;291116;230038.34;512145.6819N;091142.6087E;439.517261;0.00;0.16;0.16;0.00
4682928;291116;230039.25;512145.6819N;091142.6087E;439.517261;0.00;0.16;0.16;0.00
4683125;291116;230040.39;512145.6819N;091142.6087E;439.517261;0.00;0.16;0.16;0.00
4683322;291116;230041.25;512145.6819N;091142.6087E;439.517261;0.00;0.16;0.16;0.00
4683523;291116;230042.40;512145.6819N;091142.6087E;439.517261;0.00;0.16;0.16;0.00
4683723;291116;230043.40;512145.6819N;091142.6087E;439.517261;0.00;0.16;0.16;0.00
4683920;291116;230044.41;512145.6819N;091142.6087E;439.517261;0.00;0.16;0.16;0.00
4684118;291116;230045.41;512145.6819N;091142.6087E;439.517261;0.00;0.16;0.16;0.00
4684316;291116;230046.25;512145.6819N;091142.6087E;439.517261;0.00;93.00;93.00;0.00
4684514;291116;230047.41;512145.6819N;091142.6087E;439.517261;0.00;0.16;0.16;0.00
4684707;291116;230048.39;512145.6819N;091142.6087E;439.517261;0.00;0.15;0.15;0.00
4684908;291116;230049.39;512145.6819N;091142.6087E;439.517261;0.00;0.16;0.16;0.00
4685105;291116;230050.25;512145.6819N;091142.6087E;439.517261;0.00;0.16;0.16;0.00
4685297;291116;230051.41;512145.6819N;091142.6087E;439.517261;0.00;0.16;0.16;0.00
4685489;291116;230052.25;512145.6819N;091142.6087E;439.517261;0.00;0.16;0.16;0.00
4685684;291116;230053.25;512145.6819N;091142.6087E;439.517261;0.00;0.16;0.16;0.00
4685881;291116;230054.40;512145.6819N;091142.6087E;439.517261;0.00;0.16;0.16;0.00
4686081;291116;230055.41;512145.6819N;091142.6087E;439.517261;0.00;0.16;0.16;0.00
4686279;291116;230056.25;512145.6819N;091142.6087E;439.517261;0.00;0.16;0.16;0.00
4686479;291116;230057.37;512145.6819N;091142.6087E;439.517261;0.00;94.00;94.00;0.00
4686657;291116;230058.25;512145.6819N;091142.6087E;439.517261;0.00;0.16;0.16;0.00
4686858;291116;230059.40;512145.6819N;091142.6087E;439.517261;0.00;0.16;0.16;0.00
4687053;291116;230100.25;512145.6819N;091142.6087E;439.517261;0.00;0.16;0.16;0.00
4687251;291116;230101.40;512145.6819N;091142.6087E;439.517261;0.00;0.16;0.16;0.00
4687447;291116;230102.42;512145.6819N;091142.6087E;439.517261;0.00;0.16;0.16;0.00
4687644;291116;230103.41;512145.6819N;091142.6087E;439.517261;0.00;0.16;0.16;0.00
4687842;291116;230104.41;512145.6819N;091142.6087E;439.517261;0.00;0.16;0.16;0.00
4688039;291116;230105.41;512145.6819N;091142.6087E;439.517261;0.00;0.16;0.16;0.00
4688235;291116;230106.41;512145.6819N;091142.6087E;439.517261;0.00;0.16;0.16;0.00
4688433;291116;230107.25;512145.6819N;091142.6087E;439.517261;0.00;0.16;0.16;0.00
4688627;291116;230108.25;512145.6819N;091142.6087E;439.517261;0.00;0.16;0.16;0.00
4688821;291116;230109.25;512145.6819N;091142.6087E;439.517261;0.00;0.16;0.16;0.00
4689012;291116;230110.25;512145.6819N;091142.6087E;439.517261;0.00;0.16;0.16;0.00
4689213;291116;230111.25;512145.6819N;091142.6087E;439.517261;0.00;0.16;0.16;0.00
4689407;291116;230112.25;512145.6819N;091142.6087E;439.517261;0.00;0.16;0.16;0.00
4689604;291116;230113.25;512145.6819N;091142.6087E;439.517261;0.00;0.16;0.16;0.00
4689800;291116;230114.25;512145.6819N;091142.6087E;439.517261;0.00;0.16;0.16;0.00
4689996;291116;230115.25;512145.6819N;091142.6087E;439.517261;0.00;0.16;0.16;0.00
4690188;291116;230116.25;512145.6819N;091142.6087E;439.517261;0.00;0.16;0.16;0.00
4690381;291116;230117.25;512145.6819N;091142.6087E;439.517261;0.00;0.16;0.16;0.00
4690575;291116;230118.25;512145.6819N;091142.6087E;439.517261;0.00;0.16;0.16;0.00
4690775;291116;230119.25;512145.6819N;091142.6087E;439.517261;0.00;0.16;0.16;0.00
4690971;291116;230120.25;512145.6819N;091142.6087E;439.517261;0.00;0.16;0.16;0.00
4691166;291116;230121.25;512145.6819N;091142.6087E;439.517261;0.00;0.16;0.16;0.00
4691363;291116;230122.41;512145.6819N;091142.6087E;439.517261;0.00;0.16;0.16;0.00
4691561;291116;230123.25;512145.6819N;091142.6087E;439.517261;0.00;0.16;0.16;0.00
4691756;291116;230124.41;512145.6819N;091142.6087E;439.517261;0.00;0.16;0.16;0.00
4691954;291116;230125.25;512145.6819N;091142.6087E;439.517261;0.00;0.16;0.16;0.00
4692147;291116;230126.25;512145.6819N;091142.6087E;439.517261;0.00;0.16;0.16;0.00
4692346;291116;230127.25;512145.6819N;091142.6087E;439.517261;0.00;0.16;0.16;0.00
4692547;291116;230128.25;512145.6819N;091142.6087E;439.517261;0.00;0.16;0.16;0.00
4692746;291116;230129.25;512145.6819N;091142.6087E;439.517261;0.00;0.16;0.16;0.00
4692944;291116;230130.25;512145.6819N;091142.6087E;439.517261;0.00;0.16;0.16;0.00
4693141;291116;230131.25;512145.6819N;091142.6087E;439.517261;0.00;0.16;0.16;0.00
4693341;291116;230132.25;512145.6819N;091142.6087E;439.517261;0.00;0.16;0.16;0.00
4693539;291116;230133.25;512145.6819N;091142.6087E;439.517261;0.00;0.16;0.16;0.00
4693738;291116;230134.25;512145.6819N;091142.6087E;439.517261;0.00;0.16;0.16;0.00
4693935;291116;230135.25;512145.6819N;091142.6087E;439.517261;0.00;0.17;0.17;0.00
4694127;291116;230136.25;512145.6819N;091142.6087E;439.517261;0.00;0.16;0.16;0.00
4694316;291116;230137.51;512145.6819N;091142.6087E;439.517261;0.00;0.16;0.16;0.00
4694511;291116;230138.25;512145.6819N;091142.6087E;439.517261;0.00;0.16;0.16;0.00
4694694;291116;230139.37;512145.6819N;091142.6087E;439.517261;0.00;0.15;0.15;0.00
4694879;291116;230140.50;512145.6819N;091142.6087E;439.517261;0.00;0.16;0.16;0.00
4695077;291116;230141.45;512145.6819N;091142.6087E;439.517261;0.00;0.16;0.16;0.00
4695271;291116;230142.53;512145.6819N;091142.6087E;439.517261;0.00;0.16;0.16;0.00
4695464;291116;230143.25;512145.6819N;091142.6087E;439.517261;0.00;0.16;0.16;0.00
4695660;291116;230144.52;512145.6819N;091142.6087E;439.517261;0.00;0.16;0.16;0.00
4695855;291116;230145.51;512145.6819N;091142.6087E;439.517261;0.00;0.16;0.16;0.00
4696048;291116;230146.53;512145.6819N;091142.6087E;439.517261;0.00;0.16;0.16;0.00
4696239;291116;230147.25;512145.6819N;091142.6087E;439.517261;0.00;0.16;0.16;0.00
4696432;291116;230148.53;512145.6819N;091142.6087E;439.517261;0.00;0.15;0.15;0.00
4696622;291116;230149.46;512145.6819N;091142.6087E;439.517261;0.00;0.16;0.16;0.00
4696819;291116;230150.51;512145.6819N;091142.6087E;439.517261;0.00;0.16;0.16;0.00
4697006;291116;230151.47;512145.6819N;091142.6087E;439.517261;0.00;0.16;0.16;0.00
4697205;291116;230152.53;512145.6819N;091142.6087E;439.517261;0.00;0.16;0.16;0.00
4697399;291116;230153.53;512145.6819N;091142.6087E;439.517261;0.00;0.16;0.16;0.00
4697590;291116;230154.25;512145.6819N;091142.6087E;439.517261;0.00;0.16;0.16;0.00
4697783;291116;230155.46;512145.6819N;091142.6087E;439.517261;0.00;0.16;0.16;0.00
4697977;291116;230156.25;512145.6819N;091142.6087E;439.517261;0.00;0.16;0.16;0.00
4698172;291116;230157.52;512145.6819N;091142.6087E;439.517261;0.00;0.16;0.16;0.00
4698359;291116;230158.53;512145.6819N;091142.6087E;439.517261;0.00;0.16;0.16;0.00
4698549;291116;230159.25;512145.6819N;091142.6087E;439.517261;0.00;0.16;0.16;0.00
4698743;291116;230200.53;512145.6819N;091142.6087E;439.517261;0.00;0.16;0.16;0.00
4698936;291116;230201.52;512145.6819N;091142.6087E;439.517261;0.00;0.16;0.16;0.00
4699136;291116;230202.45;512145.6819N;091142.6087E;439.517261;0.00;0.16;0.16;0.00
4699318;291116;230203.35;512145.6819N;091142.6087E;439.517261;0.00;0.16;0.16;0.00
4699506;291116;230204.35;512145.6819N;091142.6087E;439.517261;0.00;0.16;0.16;0.00
4699660;291116;230205.35;512145.6819N;091142.6087E;439.517261;0.00;0.16;0.16;0.00
4699843;291116;230206.35;512145.6819N;091142.6087E;439.517261;0.00;0.16;0.16;0.00
4700025;291116;230207.35;512145.6819N;091142.6087E;439.517261;0.00;0.16;0.16;0.00
4700209;291116;230208.35;512145.6819N;091142.6087E;439.517261;0.00;0.16;0.16;0.00
4700393;291116;230209.35;512145.6819N;091142.6087E;439.517261;0.00;0.16;0.16;0.00
4700584;291116;230210.35;512145.6819N;091142.6087E;439.517261;0.00;0.16;0.16;0.00
4700762;291116;230211.35;512145.6819N;091142.6087E;439.517261;0.00;0.16;0.16;0.00
4700945;291116;230212.52;512145.6819N;091142.6087E;439.517261;0.00;0.16;0.16;0.00
4701142;291116;230213.54;512145.6819N;091142.6087E;439.517261;0.00;0.15;0.15;0.00
4701331;291116;230214.53;512145.6819N;091142.6087E;439.517261;0.00;0.16;0.16;0.00
4701514;291116;230215.35;512145.6819N;091142.6087E;439.517261;0.00;0.16;0.16;0.00
4701706;291116;230216.35;512145.6819N;091142.6087E;439.517261;0.00;0.16;0.16;0.00
4701895;291116;230217.35;512145.6819N;091142.6087E;439.517261;0.00;0.16;0.16;0.00
4702067;291116;230218.35;512145.6819N;091142.6087E;439.517261;0.00;0.16;0.16;0.00
4702253;291116;230219.35;512145.6819N;091142.6087E;439.517261;0.00;0.16;0.16;0.00
4702445;291116;230220.35;512145.6819N;091142.6087E;439.517261;0.00;0.16;0.16;0.00
4702627;291116;230221.35;512145.6819N;091142.6087E;439.517261;0.00;0.16;0.16;0.00
4702809;291116;230222.35;512145.6819N;091142.6087E;439.517261;0.00;0.16;0.16;0.00
4702998;291116;230223.35;512145.6819N;091142.6087E;439.517261;0.00;0.16;0.16;0.00
4703180;291116;230224.35;512145.6819N;091142.6087E;439.517261;0.00;0.16;0.16;0.00
4703367;291116;230225.54;512145.6819N;091142.6087E;439.517261;0.00;0.16;0.16;0.00
4703562;291116;230226.56;512145.6819N;091142.6087E;439.517261;0.00;0.16;0.16;0.00
4703741;291116;230227.35;512145.6819N;091142.6087E;439.517261;0.00;0.16;0.16;0.00
4703926;291116;230228.35;512145.6819N;091142.6087E;439.517261;0.00;0.16;0.16;0.00
4704114;291116;230229.35;512145.6819N;091142.6087E;439.517261;0.00;0.16;0.16;0.00
4704303;291116;230230.35;512145.6819N;091142.6087E;439.517261;0.00;0.16;0.16;0.00
4704504;291116;230231.46;512145.6819N;091142.6087E;439.517261;0.00;0.16;0.16;0.00
4704675;291116;230232.59;512145.6819N;091142.6087E;439.517261;0.00;0.16;0.16;0.00
4704863;291116;230233.58;512145.6819N;091142.6087E;439.517261;0.00;0.15;0.15;0.00
4705063;291116;230234.58;512145.6819N;091142.6087E;439.517261;0.00;0.15;0.15;0.00
4705263;291116;230235.58;512145.6819N;091142.6087E;439.517261;0.00;0.16;0.16;0.00
4705463;291116;230236.59;512145.6819N;091142.6087E;439.517261;0.00;0.16;0.16;0.00
4705663;291116;230237.58;512145.6819N;091142.6087E;439.517261;0.00;0.16;0.16;0.00
4705865;291116;230238.45;512145.6819N;091142.6087E;439.517261;0.00;0.16;0.16;0.00
4706065;291116;230239.58;512145.6819N;091142.6087E;439.517261;0.00;0.16;0.16;0.00
4706265;291116;230240.58;512145.6819N;091142.6087E;439.517261;0.00;0.16;0.16;0.00
4706465;291116;230241.59;512145.6819N;091142.6087E;439.517261;0.00;0.16;0.16;0.00
4706665;291116;230242.58;512145.6819N;091142.6087E;439.517261;0.00;0.16;0.16;0.00
4706865;291116;230243.58;512145.6819N;091142.6087E;439.517261;0.00;0.16;0.16;0.00
4707065;291116;230244.60;512145.6819N;091142.6087E;439.517261;0.00;0.16;0.16;0.00
4707267;291116;230245.45;512145.6819N;091142.6087E;439.517261;0.00;0.16;0.16;0.00
4707467;291116;230246.58;512145.6819N;091142.6087E;439.517261;0.00;0.15;0.15;0.00
4707667;291116;230247.59;512145.6819N;091142.6087E;439.517261;0.00;0.15;0.15;0.00
4707867;291116;230248.61;512145.6819N;091142.6087E;439.517261;0.00;0.16;0.16;0.00
4708067;291116;230249.60;512145.6819N;091142.6087E;439.517261;0.00;0.16;0.16;0.00
4708267;291116;230250.59;512145.6819N;091142.6087E;439.517261;0.00;0.16;0.16;0.00
4708467;291116;230251.58;512145.6819N;091142.6087E;439.517261;0.00;0.16;0.16;0.00
4708667;291116;230252.58;512145.6819N;091142.6087E;439.517261;0.00;0.16;0.16;0.00
4708847;291116;230253.59;512145.6819N;091142.6087E;439.517261;0.00;0.16;0.16;0.00
4709047;291116;230254.59;512145.6819N;091142.6087E;439.517261;0.00;0.16;0.16;0.00
4709248;291116;230255.45;512145.6819N;091142.6087E;439.517261;0.00;0.16;0.16;0.00
4709448;291116;230256.45;512145.6819N;091142.6087E;439.517261;0.00;0.16;0.16;0.00
4709648;291116;230257.61;512145.6819N;091142.6087E;439.517261;0.00;0.16;0.16;0.00
4709848;291116;230258.61;512145.6819N;091142.6087E;439.517261;0.00;0.15;0.15;0.00
4710048;291116;230259.61;512145.6819N;091142.6087E;439.517261;0.00;0.15;0.15;0.00
4710248;291116;230300.61;512145.6819N;091142.6087E;439.517261;0.00;0.16;0.16;0.00
4710448;291116;230301.63;512145.6819N;091142.6087E;439.517261;0.00;0.16;0.16;0.00
4710648;291116;230302.46;512145.6819N;091142.6087E;439.517261;0.00;0.16;0.16;0.00
4710848;291116;230303.61;512145.6819N;091142.6087E;439.517261;0.00;0.16;0.16;0.00
4711048;291116;230304.63;512145.6819N;091142.6087E;439.517261;0.00;0.16;0.16;0.00
4711248;291116;230305.62;512145.6819N;091142.6087E;439.517261;0.00;0.16;0.16;0.00
4711448;291116;230306.61;512145.6819N;091142.6087E;439.517261;0.00;0.16;0.16;0.00
4711648;291116;230307.63;512145.6819N;091142.6087E;439.517261;0.00;93.00;93.00;0.00
4711821;291116;230308.63;512145.6819N;091142.6087E;439.517261;0.00;0.16;0.16;0.00
4712021;291116;230309.60;512145.6819N;091142.6087E;439.517261;0.00;0.16;0.16;0.00
4712221;291116;230310.63;512145.6819N;091142.6087E;439.517261;0.00;0.16;0.16;0.00
4712421;291116;230311.64;512145.6819N;091142.6087E;439.517261;0.00;0.16;0.16;0.00
4712623;291116;230312.61;512145.6819N;091142.6087E;439.517261;0.00;0.16;0.16;0.00
4712823;291116;230313.64;512145.6819N;091142.6087E;439.517261;0.00;0.16;0.16;0.00
4713023;291116;230314.62;512145.6819N;091142.6087E;439.517261;0.00;0.16;0.16;0.00
4713219;291116;230315.60;512145.6819N;091142.6087E;439.517261;0.00;0.16;0.16;0.00
4713419;291116;230316.63;512145.6819N;091142.6087E;439.517261;0.00;0.16;0.16;0.00
4713619;291116;230317.60;512145.6819N;091142.6087E;439.517261;0.00;0.16;0.16;0.00
4713819;291116;230318.64;512145.6819N;091142.6087E;439.517261;0.00;94.00;94.00;0.00
4714019;291116;230319.61;512145.6819N;091142.6087E;439.517261;0.00;0.16;0.16;0.00
4714219;291116;230320.46;512145.6819N;091142.6087E;439.517261;0.00;0.16;0.16;0.00
4714419;291116;230321.61;512145.6819N;091142.6087E;439.517261;0.00;0.16;0.16;0.00
4714619;291116;230322.61;512145.6819N;091142.6087E;439.517261;0.00;0.16;0.16;0.00
4714819;291116;230323.46;512145.6819N;091142.6087E;439.517261;0.00;0.15;0.15;0.00
4715019;291116;230324.64;512145.6819N;091142.6087E;439.517261;0.00;0.16;0.16;0.00
4715219;291116;230325.61;512145.6819N;091142.6087E;439.517261;0.00;0.16;0.16;0.00
4715419;291116;230326.63;512145.6819N;091142.6087E;439.517261;0.00;0.16;0.16;0.00
4715621;291116;230327.62;512145.6819N;091142.6087E;439.517261;0.00;0.16;0.16;0.00
4715821;291116;230328.65;512145.6819N;091142.6087E;439.517261;0.00;0.16;0.16;0.00
4716021;291116;230329.63;512145.6819N;091142.6087E;439.517261;0.00;0.16;0.16;0.00
4716221;291116;230330.65;512145.6819N;091142.6087E;439.517261;0.00;0.16;0.16;0.00
4716421;291116;230331.64;512145.6819N;091142.6087E;439.517261;0.00;0.16;0.16;0.00
4716621;291116;230332.63;512145.6819N;091142.6087E;439.517261;0.00;0.16;0.16;0.00
4716821;291116;230333.65;512145.6819N;091142.6087E;439.517261;0.00;0.16;0.16;0.00
4717016;291116;230334.64;512145.6819N;091142.6087E;439.517261;0.00;0.16;0.16;0.00
4717216;291116;230335.63;512145.6819N;091142.6087E;439.517261;0.00;0.16;0.16;0.00
4717418;291116;230336.46;512145.6819N;091142.6087E;439.517261;0.00;0.16;0.16;0.00
4717618;291116;230337.64;512145.6819N;091142.6087E;439.517261;0.00;0.16;0.16;0.00
4717818;291116;230338.65;512145.6819N;091142.6087E;439.517261;0.00;0.16;0.16;0.00
4718018;291116;230339.46;512145.6819N;091142.6087E;439.517261;0.00;0.16;0.16;0.00
4718219;291116;230340.65;512145.6819N;091142.6087E;439.517261;0.00;0.16;0.16;0.00
4718419;291116;230341.63;512145.6819N;091142.6087E;439.517261;0.00;0.16;0.16;0.00
4718619;291116;230342.64;512145.6819N;091142.6087E;439.517261;0.00;0.16;0.16;0.00
4718819;291116;230343.64;512145.6819N;091142.6087E;439.517261;0.00;0.16;0.16;0.00
4719019;291116;230344.64;512145.6819N;091142.6087E;439.517261;0.00;0.16;0.16;0.00
4719219;291116;230345.63;512145.6819N;091142.6087E;439.517261;0.00;0.16;0.16;0.00
4719419;291116;230346.65;512145.6819N;091142.6087E;439.517261;0.00;0.16;0.16;0.00
4719619;291116;230347.63;512145.6819N;091142.6087E;439.517261;0.00;0.16;0.16;0.00
4719819;291116;230348.62;512145.6819N;091142.6087E;439.517261;0.00;0.16;0.16;0.00
4720019;291116;230349.66;512145.6819N;091142.6087E;439.517261;0.00;0.16;0.16;0.00
4720219;291116;230350.64;512145.6819N;091142.6087E;439.517261;0.00;0.16;0.16;0.00
4720413;291116;230351.64;512145.6819N;091142.6087E;439.517261;0.00;0.16;0.16;0.00
4720610;291116;230352.65;512145.6819N;091142.6087E;439.517261;0.00;0.16;0.16;0.00
4720810;291116;230353.46;512145.6819N;091142.6087E;439.517261;0.00;0.16;0.16;0.00
4721010;291116;230354.65;512145.6819N;091142.6087E;439.517261;0.00;0.16;0.16;0.00
4721211;291116;230355.55;512145.6819N;091142.6087E;439.517261;0.00;0.15;0.15;0.00
4721412;291116;230356.55;512145.6819N;091142.6087E;439.517261;0.00;0.16;0.16;0.00
4721612;291116;230357.55;512145.6819N;091142.6087E;439.517261;0.00;0.15;0.15;0.00
4721812;291116;230358.55;512145.6819N;091142.6087E;439.517261;0.00;0.16;0.16;0.00
4722014;291116;230359.55;512145.6819N;091142.6087E;439.517261;0.00;0.16;0.16;0.00
4722214;291116;230400.68;512145.6819N;091142.6087E;439.517261;0.00;0.16;0.16;0.00
4722414;291116;230401.69;512145.6819N;091142.6087E;439.517261;0.00;0.16;0.16;0.00
4722615;291116;230402.70;512145.6819N;091142.6087E;439.517261;0.00;0.16;0.16;0.00
4722807;291116;230403.55;512145.6819N;091142.6087E;439.517261;0.00;0.16;0.16;0.00
4723007;291116;230404.55;512145.6819N;091142.6087E;439.517261;0.00;0.16;0.16;0.00
4723208;291116;230405.69;512145.6819N;091142.6087E;439.517261;0.00;0.16;0.16;0.00
4723408;291116;230406.55;512145.6819N;091142.6087E;439.517261;0.00;0.16;0.16;0.00
4723608;291116;230407.68;512145.6819N;091142.6087E;439.517261;0.00;0.16;0.16;0.00
4723808;291116;230408.55;512145.6819N;091142.6087E;439.517261;0.00;0.16;0.16;0.00
4724008;291116;230409.68;512145.6819N;091142.6087E;439.517261;0.00;0.15;0.15;0.00
4724208;291116;230410.55;512145.6819N;091142.6087E;439.517261;0.00;0.16;0.16;0.00
4724408;291116;230411.69;512145.6819N;091142.6087E;439.517261;0.00;0.16;0.16;0.00
4724608;291116;230412.68;512145.6819N;091142.6087E;439.517261;0.00;0.16;0.16;0.00
4724808;291116;230413.68;512145.6819N;091142.6087E;439.517261;0.00;94.00;94.00;0.00
4725008;291116;230414.55;512145.6819N;091142.6087E;439.517261;0.00;0.16;0.16;0.00
4725208;291116;230415.70;512145.6819N;091142.6087E;439.517261;0.00;0.15;0.15;0.00
4725408;291116;230416.70;512145.6819N;091142.6087E;439.517261;0.00;0.16;0.16;0.00
4725608;291116;230417.70;512145.6819N;091142.6087E;439.517261;0.00;0.16;0.16;0.00
4725808;291116;230418.55;512145.6819N;091142.6087E;439.517261;0.00;0.16;0.16;0.00
4726008;291116;230419.70;512145.6819N;091142.6087E;439.517261;0.00;0.16;0.16;0.00
4726208;291116;230420.68;512145.6819N;091142.6087E;439.517261;0.00;0.16;0.16;0.00
4726408;291116;230421.55;512145.6819N;091142.6087E;439.517261;0.00;0.16;0.16;0.00
4726611;291116;230422.55;512145.6819N;091142.6087E;439.517261;0.00;0.16;0.16;0.00
4726811;291116;230423.55;512145.6819N;091142.6087E;439.517261;0.00;0.16;0.16;0.00
4727011;291116;230424.55;512145.6819N;091142.6087E;439.517261;0.00;0.16;0.16;0.00
4727211;291116;230425.55;512145.6819N;091142.6087E;439.517261;0.00;0.16;0.16;0.00
4727412;291116;230426.55;512145.6819N;091142.6087E;439.517261;0.00;0.15;0.15;0.00
4727612;291116;230427.55;512145.6819N;091142.6087E;439.517261;0.00;0.15;0.15;0.00
4727812;291116;230428.71;512145.6819N;091142.6087E;439.517261;0.00;0.16;0.16;0.00
4728012;291116;230429.71;512145.6819N;091142.6087E;439.517261;0.00;0.16;0.16;0.00
4728210;291116;230430.55;512145.6819N;091142.6087E;439.517261;0.00;0.16;0.16;0.00
4728410;291116;230431.71;512145.6819N;091142.6087E;439.517261;0.00;0.16;0.16;0.00
4728610;291116;230432.55;512145.6819N;091142.6087E;439.517261;0.00;0.16;0.16;0.00
4728811;291116;230433.71;512145.6819N;091142.6087E;439.517261;0.00;0.16;0.16;0.00
4729011;291116;230434.72;512145.6819N;091142.6087E;439.517261;0.00;0.16;0.16;0.00
4729211;291116;230435.71;512145.6819N;091142.6087E;439.517261;0.00;0.15;0.15;0.00
4729412;291116;230436.73;512145.6819N;091142.6087E;439.517261;0.00;0.15;0.15;0.00
4729612;291116;230437.74;512145.6819N;091142.6087E;439.517261;0.00;0.16;0.16;0.00
4729812;291116;230438.74;512145.6819N;091142.6087E;439.517261;0.00;0.16;0.16;0.00
4730012;291116;230439.73;512145.6819N;091142.6087E;439.517261;0.00;0.16;0.16;0.00
4730212;291116;230440.72;512145.6819N;091142.6087E;439.517261;0.00;0.16;0.16;0.00
4730412;291116;230441.73;512145.6819N;091142.6087E;439.517261;0.00;0.16;0.16;0.00
4730612;291116;230442.73;512145.6819N;091142.6087E;439.517261;0.00;0.16;0.16;0.00
4730812;291116;230443.73;512145.6819N;091142.6087E;439.517261;0.00;0.16;0.16;0.00
4731012;291116;230444.74;512145.6819N;091142.6087E;439.517261;0.00;0.16;0.16;0.00
4731212;291116;230445.74;512145.6819N;091142.6087E;439.517261;0.00;0.16;0.16;0.00
4731412;291116;230446.75;512145.6819N;091142.6087E;439.517261;0.00;0.16;0.16;0.00
4731612;291116;230447.73;512145.6819N;091142.6087E;439.517261;0.00;0.16;0.16;0.00
4731812;291116;230448.74;512145.6819N;091142.6087E;439.517261;0.00;0.16;0.16;0.00
4732012;291116;230449.74;512145.6819N;091142.6087E;439.517261;0.00;0.16;0.16;0.00
4732212;291116;230450.74;512145.6819N;091142.6087E;439.517261;0.00;0.16;0.16;0.00
4732413;291116;230451.55;512145.6819N;091142.6087E;439.517261;0.00;0.16;0.16;0.00
4732614;291116;230452.55;512145.6819N;091142.6087E;439.517261;0.00;0.16;0.16;0.00
4732815;291116;230453.75;512145.6819N;091142.6087E;439.517261;0.00;0.16;0.16;0.00
4733011;291116;230454.55;512145.6819N;091142.6087E;439.517261;0.00;0.16;0.16;0.00
4733211;291116;230455.75;512145.6819N;091142.6087E;439.517261;0.00;0.16;0.16;0.00
4733411;291116;230456.55;512145.6819N;091142.6087E;439.517261;0.00;0.16;0.16;0.00
4733611;291116;230457.55;512145.6819N;091142.6087E;439.517261;0.00;0.16;0.16;0.00
4733796;291116;230458.55;512145.6819N;091142.6087E;439.517261;0.00;0.16;0.16;0.00
4733996;291116;230459.55;512145.6819N;091142.6087E;439.517261;0.00;0.16;0.16;0.00
4734187;291116;230500.55;512145.6819N;091142.6087E;439.517261;0.00;0.16;0.16;0.00
4734387;291116;230501.75;512145.6819N;091142.6087E;439.517261;0.00;0.16;0.16;0.00
4734587;291116;230502.55;512145.6819N;091142.6087E;439.517261;0.00;0.16;0.16;0.00
4734789;291116;230503.77;512145.6819N;091142.6087E;439.517261;0.00;0.16;0.16;0.00
4734970;291116;230504.77;512145.6819N;091142.6087E;439.517261;0.00;0.15;0.15;0.00
4735170;291116;230505.77;512145.6819N;091142.6087E;439.517261;0.00;0.16;0.16;0.00
4735370;291116;230506.77;512145.6819N;091142.6087E;439.517261;0.00;0.16;0.16;0.00
4735570;291116;230507.77;512145.6819N;091142.6087E;439.517261;0.00;0.16;0.16;0.00
4735770;291116;230508.77;512145.6819N;091142.6087E;439.517261;0.00;0.16;0.16;0.00
4735970;291116;230509.77;512145.6819N;091142.6087E;439.517261;0.00;0.16;0.16;0.00
4736170;291116;230510.76;512145.6819N;091142.6087E;439.517261;0.00;0.16;0.16;0.00
4736370;291116;230511.77;512145.6819N;091142.6087E;439.517261;0.00;0.16;0.16;0.00
4736544;291116;230512.75;512145.6819N;091142.6087E;439.517261;0.00;92.00;92.00;0.00
4736744;291116;230513.55;512145.6819N;091142.6087E;439.517261;0.00;0.15;0.15;0.00
4736944;291116;230514.55;512145.6819N;091142.6087E;439.517261;0.00;0.16;0.16;0.00
4737144;291116;230515.55;512145.6819N;091142.6087E;439.517261;0.00;0.16;0.16;0.00
4737344;291116;230516.76;512145.6819N;091142.6087E;439.517261;0.00;0.16;0.16;0.00
4737538;291116;230517.77;512145.6819N;091142.6087E;439.517261;0.00;0.16;0.16;0.00
4737738;291116;230518.77;512145.6819N;091142.6087E;439.517261;0.00;0.16;0.16;0.00
4737941;291116;230519.65;512145.6819N;091142.6087E;439.517261;0.00;0.16;0.16;0.00
4738142;291116;230520.65;512145.6819N;091142.6087E;439.517261;0.00;0.16;0.16;0.00
4738342;291116;230521.79;512145.6819N;091142.6087E;439.517261;0.00;94.00;94.00;0.00
4738542;291116;230522.65;512145.6819N;091142.6087E;439.517261;0.00;0.16;0.16;0.00
4738742;291116;230523.81;512145.6819N;091142.6087E;439.517261;0.00;0.16;0.16;0.00
4738942;291116;230524.79;512145.6819N;091142.6087E;439.517261;0.00;0.16;0.16;0.00
4739146;291116;230525.81;512145.6819N;091142.6087E;439.517261;0.00;0.16;0.16;0.00
4739306;291116;230526.81;512145.6819N;091142.6087E;439.517261;0.00;0.16;0.16;0.00
4739506;291116;230527.81;512145.6819N;091142.6087E;439.517261;0.00;0.16;0.16;0.00
4739706;291116;230528.81;512145.6819N;091142.6087E;439.517261;0.00;0.16;0.16;0.00
4739892;291116;230529.81;512145.6819N;091142.6087E;439.517261;0.00;0.16;0.16;0.00
4740091;291116;230530.80;512145.6819N;091142.6087E;439.517261;0.00;0.16;0.16;0.00
4740291;291116;230531.79;512145.6819N;091142.6087E;439.517261;0.00;0.15;0.15;0.00
4740491;291116;230532.81;512145.6819N;091142.6087E;439.517261;0.00;0.16;0.16;0.00
4740691;291116;230533.80;512145.6819N;091142.6087E;439.517261;0.00;0.16;0.16;0.00
4740891;291116;230534.79;512145.6819N;091142.6087E;439.517261;0.00;0.16;0.16;0.00
4741092;291116;230535.65;512145.6819N;091142.6087E;439.517261;0.00;0.15;0.15;0.00
4741292;291116;230536.82;512145.6819N;091142.6087E;439.517261;0.00;0.16;0.16;0.00
4741492;291116;230537.79;512145.6819N;091142.6087E;439.517261;0.00;0.15;0.15;0.00
4741692;291116;230538.83;512145.6819N;091142.6087E;439.517261;0.00;0.16;0.16;0.00
4741892;291116;230539.65;512145.6819N;091142.6087E;439.517261;0.00;0.16;0.16;0.00
4742092;291116;230540.81;512145.6819N;091142.6087E;439.517261;0.00;0.16;0.16;0.00
4742292;291116;230541.81;512145.6819N;091142.6087E;439.517261;0.00;0.16;0.16;0.00
4742492;291116;230542.81;512145.6819N;091142.6087E;439.517261;0.00;0.16;0.16;0.00
4742692;291116;230543.81;512145.6819N;091142.6087E;439.517261;0.00;0.16;0.16;0.00
4742893;291116;230544.81;512145.6819N;091142.6087E;439.517261;0.00;0.16;0.16;0.00
4743093;291116;230545.81;512145.6819N;091142.6087E;439.517261;0.00;0.15;0.15;0.00
4743293;291116;230546.81;512145.6819N;091142.6087E;439.517261;0.00;0.16;0.16;0.00
4743495;291116;230547.65;512145.6819N;091142.6087E;439.517261;0.00;0.15;0.15;0.00
4743695;291116;230548.65;512145.6819N;091142.6087E;439.517261;0.00;0.16;0.16;0.00
4743893;291116;230549.65;512145.6819N;091142.6087E;439.517261;0.00;0.16;0.16;0.00
4744094;291116;230550.65;512145.6819N;091142.6087E;439.517261;0.00;0.16;0.16;0.00
4744294;291116;230551.85;512145.6819N;091142.6087E;439.517261;0.00;0.16;0.16;0.00
4744496;291116;230552.65;512145.6819N;091142.6087E;439.517261;0.00;0.16;0.16;0.00
4744697;291116;230553.65;512145.6819N;091142.6087E;439.517261;0.00;0.16;0.16;0.00
4744897;291116;230554.84;512145.6819N;091142.6087E;439.517261;0.00;0.16;0.16;0.00
4745077;291116;230555.86;512145.6819N;091142.6087E;439.517261;0.00;0.15;0.15;0.00
4745277;291116;230556.85;512145.6819N;091142.6087E;439.517261;0.00;0.16;0.16;0.00
4745475;291116;230557.65;512145.6819N;091142.6087E;439.517261;0.00;0.16;0.16;0.00
4745675;291116;230558.86;512145.6819N;091142.6087E;439.517261;0.00;0.16;0.16;0.00
4745875;291116;230559.65;512145.6819N;091142.6087E;439.517261;0.00;0.16;0.16;0.00
4746075;291116;230600.86;512145.6819N;091142.6087E;439.517261;0.00;0.16;0.16;0.00
4746275;291116;230601.86;512145.6819N;091142.6087E;439.517261;0.00;0.16;0.16;0.00
4746475;291116;230602.84;512145.6819N;091142.6087E;439.517261;0.00;0.16;0.16;0.00
4746675;291116;230603.85;512145.6819N;091142.6087E;439.517261;0.00;0.16;0.16;0.00
4746875;291116;230604.85;512145.6819N;091142.6087E;439.517261;0.00;0.16;0.16;0.00
4747075;291116;230605.86;512145.6819N;091142.6087E;439.517261;0.00;0.16;0.16;0.00
4747275;291116;230606.85;512145.6819N;091142.6087E;439.517261;0.00;0.16;0.16;0.00
4747475;291116;230607.85;512145.6819N;091142.6087E;439.517261;0.00;0.16;0.16;0.00
4747675;291116;230608.65;512145.6819N;091142.6087E;439.517261;0.00;0.16;0.16;0.00
4747875;291116;230609.65;512145.6819N;091142.6087E;439.517261;0.00;0.16;0.16;0.00
4748075;291116;230610.65;512145.6819N;091142.6087E;439.517261;0.00;0.16;0.16;0.00
4748267;291116;230611.65;512145.6819N;091142.6087E;439.517261;0.00;94.00;94.00;0.00
4748467;291116;230612.65;512145.6819N;091142.6087E;439.517261;0.00;0.16;0.16;0.00
4748667;291116;230613.86;512145.6819N;091142.6087E;439.517261;0.00;0.15;0.15;0.00
4748853;291116;230614.86;512145.6819N;091142.6087E;439.517261;0.00;0.16;0.16;0.00
4749053;291116;230615.75;512145.6819N;091142.6087E;439.517261;0.00;0.16;0.16;0.00
4749255;291116;230616.75;512145.6819N;091142.6087E;439.517261;0.00;0.16;0.16;0.00
4749455;291116;230617.75;512145.6819N;091142.6087E;439.517261;0.00;0.16;0.16;0.00
4749655;291116;230618.75;512145.6819N;091142.6087E;439.517261;0.00;0.16;0.16;0.00
4749855;291116;230619.75;512145.6819N;091142.6087E;439.517261;0.00;0.16;0.16;0.00
4750055;291116;230620.75;512145.6819N;091142.6087E;439.517261;0.00;0.16;0.16;0.00
4750258;291116;230621.75;512145.6819N;091142.6087E;439.517261;0.00;0.16;0.16;0.00
4750455;291116;230622.75;512145.6819N;091142.6087E;439.517261;0.00;0.16;0.16;0.00
4750657;291116;230623.75;512145.6819N;091142.6087E;439.517261;0.00;0.16;0.16;0.00
4750858;291116;230624.91;512145.6819N;091142.6087E;439.517261;0.00;0.16;0.16;0.00
4751058;291116;230625.91;512145.6819N;091142.6087E;439.517261;0.00;0.16;0.16;0.00
4751259;291116;230626.91;512145.6819N;091142.6087E;439.517261;0.00;0.16;0.16;0.00
4751461;291116;230627.91;512145.6819N;091142.6087E;439.517261;0.00;0.16;0.16;0.00
4751661;291116;230628.91;512145.6819N;091142.6087E;439.517261;0.00;0.16;0.16;0.00
4751861;291116;230629.90;512145.6819N;091142.6087E;439.517261;0.00;0.16;0.16;0.00
4752061;291116;230630.90;512145.6819N;091142.6087E;439.517261;0.00;0.16;0.16;0.00
4752260;291116;230631.91;512145.6819N;091142.6087E;439.517261;0.00;0.16;0.16;0.00
4752460;291116;230632.89;512145.6819N;091142.6087E;439.517261;0.00;0.16;0.16;0.00
4752657;291116;230633.90;512145.6819N;091142.6087E;439.517261;0.00;0.16;0.16;0.00
4752857;291116;230634.91;512145.6819N;091142.6087E;439.517261;0.00;0.16;0.16;0.00
4753057;291116;230635.89;512145.6819N;091142.6087E;439.517261;0.00;0.16;0.16;0.00
4753257;291116;230636.90;512145.6819N;091142.6087E;439.517261;0.00;0.16;0.16;0.00
4753454;291116;230637.91;512145.6819N;091142.6087E;439.517261;0.00;0.16;0.16;0.00
4753654;291116;230638.89;512145.6819N;091142.6087E;439.517261;0.00;0.16;0.16;0.00
4753854;291116;230639.91;512145.6819N;091142.6087E;439.517261;0.00;0.16;0.16;0.00
4754054;291116;230640.91;512145.6819N;091142.6087E;439.517261;0.00;0.16;0.16;0.00
4754254;291116;230641.91;512145.6819N;091142.6087E;439.517261;0.00;0.15;0.15;0.00
4754454;291116;230642.91;512145.6819N;091142.6087E;439.517261;0.00;0.16;0.16;0.00
4754655;291116;230643.75;512145.6819N;091142.6087E;439.517261;0.00;0.16;0.16;0.00
4754857;291116;230644.75;512145.6819N;091142.6087E;439.517261;0.00;0.16;0.16;0.00
4755058;291116;230645.95;512145.6819N;091142.6087E;439.517261;0.00;0.16;0.16;0.00
4755259;291116;230646.75;512145.6819N;091142.6087E;439.517261;0.00;0.16;0.16;0.00
4755459;291116;230647.94;512145.6819N;091142.6087E;439.517261;0.00;0.16;0.16;0.00
4755659;291116;230648.94;512145.6819N;091142.6087E;439.517261;0.00;0.16;0.16;0.00
4755860;291116;230649.94;512145.6819N;091142.6087E;439.517261;0.00;0.16;0.16;0.00
4756060;291116;230650.95;512145.6819N;091142.6087E;439.517261;0.00;0.16;0.16;0.00
4756260;291116;230651.94;512145.6819N;091142.6087E;439.517261;0.00;0.16;0.16;0.00
4756460;291116;230652.92;512145.6819N;091142.6087E;439.517261;0.00;0.16;0.16;0.00
4756660;291116;230653.94;512145.6819N;091142.6087E;439.517261;0.00;0.16;0.16;0.00
4756860;291116;230654.94;512145.6819N;091142.6087E;439.517261;0.00;0.16;0.16;0.00
4757060;291116;230655.92;512145.6819N;091142.6087E;439.517261;0.00;0.16;0.16;0.00
4757260;291116;230656.95;512145.6819N;091142.6087E;439.517261;0.00;0.16;0.16;0.00
4757460;291116;230657.94;512145.6819N;091142.6087E;439.517261;0.00;0.16;0.16;0.00
4757660;291116;230658.94;512145.6819N;091142.6087E;439.517261;0.00;0.15;0.15;0.00
4757860;291116;230659.94;512145.6819N;091142.6087E;439.517261;0.00;0.16;0.16;0.00
4758060;291116;230700.94;512145.6819N;091142.6087E;439.517261;0.00;0.16;0.16;0.00
4758260;291116;230701.94;512145.6819N;091142.6087E;439.517261;0.00;0.16;0.16;0.00
4758460;291116;230702.95;512145.6819N;091142.6087E;439.517261;0.00;0.16;0.16;0.00
4758660;291116;230703.94;512145.6819N;091142.6087E;439.517261;0.00;0.16;0.16;0.00
4758860;291116;230704.94;512145.6819N;091142.6087E;439.517261;0.00;0.16;0.16;0.00
4759060;291116;230705.92;512145.6819N;091142.6087E;439.517261;0.00;0.16;0.16;0.00
4759261;291116;230706.94;512145.6819N;091142.6087E;439.517261;0.00;0.16;0.16;0.00
4759461;291116;230707.94;512145.6819N;091142.6087E;439.517261;0.00;0.16;0.16;0.00
4759661;291116;230708.94;512145.6819N;091142.6087E;439.517261;0.00;0.16;0.16;0.00
4759861;291116;230709.95;512145.6819N;091142.6087E;439.517261;0.00;0.16;0.16;0.00
4760061;291116;230710.92;512145.6819N;091142.6087E;439.517261;0.00;0.16;0.16;0.00
4760262;291116;230711.85;512145.6819N;091142.6087E;439.517261;0.00;0.16;0.16;0.00
4760466;291116;230712.85;512145.6819N;091142.6087E;439.517261;0.00;0.16;0.16;0.00
4760669;291116;230713.85;512145.6819N;091142.6087E;439.517261;0.00;94.00;94.00;0.00
4760869;291116;230714.85;512145.6819N;091142.6087E;439.517261;0.00;0.16;0.16;0.00
4761070;291116;230716.02;512145.6819N;091142.6087E;439.517261;0.00;0.16;0.16;0.00
4761270;291116;230717.01;512145.6819N;091142.6087E;439.517261;0.00;0.16;0.16;0.00
4761470;291116;230718.01;512145.6819N;091142.6087E;439.517261;0.00;0.16;0.16;0.00
4761670;291116;230718.85;512145.6819N;091142.6087E;439.517261;0.00;0.16;0.16;0.00
4761870;291116;230720.01;512145.6819N;091142.6087E;439.517261;0.00;0.16;0.16;0.00
4762070;291116;230721.01;512145.6819N;091142.6087E;439.517261;0.00;0.16;0.16;0.00
4762270;291116;230722.01;512145.6819N;091142.6087E;439.517261;0.00;0.16;0.16;0.00
4762470;291116;230722.99;512145.6819N;091142.6087E;439.517261;0.00;0.16;0.16;0.00
4762636;291116;230724.01;512145.6819N;091142.6087E;439.517261;0.00;0.16;0.16;0.00
4762836;291116;230725.01;512145.6819N;091142.6087E;439.517261;0.00;0.16;0.16;0.00
4763022;291116;230726.00;512145.6819N;091142.6087E;439.517261;0.00;0.16;0.16;0.00
4763222;291116;230727.01;512145.6819N;091142.6087E;439.517261;0.00;0.16;0.16;0.00
4763422;291116;230728.01;512145.6819N;091142.6087E;439.517261;0.00;0.16;0.16;0.00
4763622;291116;230729.01;512145.6819N;091142.6087E;439.517261;0.00;0.16;0.16;0.00
4763822;291116;230730.02;512145.6819N;091142.6087E;439.517261;0.00;0.16;0.16;0.00
4764022;291116;230731.02;512145.6819N;091142.6087E;439.517261;0.00;0.16;0.16;0.00
4764222;291116;230732.01;512145.6819N;091142.6087E;439.517261;0.00;0.16;0.16;0.00
4764422;291116;230732.85;512145.6819N;091142.6087E;439.517261;0.00;0.16;0.16;0.00
4764622;291116;230734.00;512145.6819N;091142.6087E;439.517261;0.00;0.16;0.16;0.00
4764822;291116;230735.02;512145.6819N;091142.6087E;439.517261;0.00;0.16;0.16;0.00
4765022;291116;230735.99;512145.6819N;091142.6087E;439.517261;0.00;0.16;0.16;0.00
4765222;291116;230737.01;512145.6819N;091142.6087E;439.517261;0.00;0.16;0.16;0.00
4765422;291116;230737.99;512145.6819N;091142.6087E;439.517261;0.00;0.16;0.16;0.00
4765622;291116;230739.01;512145.6819N;091142.6087E;439.517261;0.00;0.16;0.16;0.00
4765822;291116;230739.85;512145.6819N;091142.6087E;439.517261;0.00;0.16;0.16;0.00
4766022;291116;230740.85;512145.6819N;091142.6087E;439.517261;0.00;0.16;0.16;0.00
4766225;291116;230741.85;512145.6819N;091142.6087E;439.517261;0.00;0.16;0.16;0.00
4766425;291116;230742.85;512145.6819N;091142.6087E;439.517261;0.00;0.16;0.16;0.00
4766625;291116;230744.01;512145.6819N;091142.6087E;439.517261;0.00;0.16;0.16;0.00
4766825;291116;230744.85;512145.6819N;091142.6087E;439.517261;0.00;0.16;0.16;0.00
4767025;291116;230745.85;512145.6819N;091142.6087E;439.517261;0.00;0.16;0.16;0.00
4767225;291116;230746.85;512145.6819N;091142.6087E;439.517261;0.00;0.16;0.16;0.00
4767425;291116;230747.85;512145.6819N;091142.6087E;439.517261;0.00;0.16;0.16;0.00
4767626;291116;230749.01;512145.6819N;091142.6087E;439.517261;0.00;0.16;0.16;0.00
4767820;291116;230749.85;512145.6819N;091142.6087E;439.517261;0.00;0.16;0.16;0.00
4768020;291116;230751.02;512145.6819N;091142.6087E;439.517261;0.00;0.16;0.16;0.00
4768222;291116;230752.03;512145.6819N;091142.6087E;439.517261;0.00;0.16;0.16;0.00
4768422;291116;230753.03;512145.6819N;091142.6087E;439.517261;0.00;0.16;0.16;0.00
4768622;291116;230754.03;512145.6819N;091142.6087E;439.517261;0.00;0.16;0.16;0.00
4768822;291116;230755.03;512145.6819N;091142.6087E;439.517261;0.00;0.16;0.16;0.00
4769022;291116;230756.01;512145.6819N;091142.6087E;439.517261;0.00;0.16;0.16;0.00
4769222;291116;230757.03;512145.6819N;091142.6087E;439.517261;0.00;0.16;0.16;0.00
4769423;291116;230758.03;512145.6819N;091142.6087E;439.517261;0.00;0.16;0.16;0.00
4769623;291116;230759.03;512145.6819N;091142.6087E;439.517261;0.00;0.16;0.16;0.00
4769823;291116;230800.03;512145.6819N;091142.6087E;439.517261;0.00;0.16;0.16;0.00
4770023;291116;230801.01;512145.6819N;091142.6087E;439.517261;0.00;0.16;0.16;0.00
4770223;291116;230802.03;512145.6819N;091142.6087E;439.517261;0.00;0.16;0.16;0.00
4770423;291116;230803.02;512145.6819N;091142.6087E;439.517261;0.00;0.16;0.16;0.00
4770623;291116;230803.85;512145.6819N;091142.6087E;439.517261;0.00;0.16;0.16;0.00
4770823;291116;230805.03;512145.6819N;091142.6087E;439.517261;0.00;0.16;0.16;0.00
4771023;291116;230806.04;512145.6819N;091142.6087E;439.517261;0.00;0.16;0.16;0.00
4771223;291116;230807.03;512145.6819N;091142.6087E;439.517261;0.00;0.16;0.16;0.00
4771424;291116;230808.06;512145.6819N;091142.6087E;439.517261;0.00;0.16;0.16;0.00
4771622;291116;230808.85;512145.6819N;091142.6087E;439.517261;0.00;0.16;0.16;0.00
4771823;291116;230809.85;512145.6819N;091142.6087E;439.517261;0.00;0.16;0.16;0.00
4772024;291116;230810.85;512145.6819N;091142.6087E;439.517261;0.00;0.16;0.16;0.00
4772218;291116;230811.85;512145.6819N;091142.6087E;439.517261;0.00;0.16;0.16;0.00
4772418;291116;230813.05;512145.6819N;091142.6087E;439.517261;0.00;0.16;0.16;0.00
4772619;291116;230813.85;512145.6819N;091142.6087E;439.517261;0.00;0.16;0.16;0.00
4772820;291116;230814.85;512145.6819N;091142.6087E;439.517261;0.00;0.15;0.15;0.00
4773014;291116;230816.06;512145.6819N;091142.6087E;439.517261;0.00;0.16;0.16;0.00
4773214;291116;230817.07;512145.6819N;091142.6087E;439.517261;0.00;0.16;0.16;0.00
4773391;291116;230818.07;512145.6819N;091142.6087E;439.517261;0.00;0.16;0.16;0.00
4773564;291116;230819.05;512145.6819N;091142.6087E;439.517261;0.00;0.16;0.16;0.00
4773764;291116;230820.06;512145.6819N;091142.6087E;439.517261;0.00;0.16;0.16;0.00
4773964;291116;230821.07;512145.6819N;091142.6087E;439.517261;0.00;0.16;0.16;0.00
4774164;291116;230822.07;512145.6819N;091142.6087E;439.517261;0.00;0.16;0.16;0.00
4774364;291116;230823.05;512145.6819N;091142.6087E;439.517261;0.00;0.16;0.16;0.00
4774564;291116;230824.07;512145.6819N;091142.6087E;439.517261;0.00;0.16;0.16;0.00
4774754;291116;230825.07;512145.6819N;091142.6087E;439.517261;0.00;0.16;0.16;0.00
4774954;291116;230826.05;512145.6819N;091142.6087E;439.517261;0.00;0.16;0.16;0.00
4775154;291116;230826.85;512145.6819N;091142.6087E;439.517261;0.00;0.16;0.16;0.00
4775354;291116;230827.85;512145.6819N;091142.6087E;439.517261;0.00;0.16;0.16;0.00
4775554;291116;230829.06;512145.6819N;091142.6087E;439.517261;0.00;0.16;0.16;0.00
4775754;291116;230830.07;512145.6819N;091142.6087E;439.517261;0.00;0.16;0.16;0.00
4775954;291116;230831.07;512145.6819N;091142.6087E;439.517261;0.00;0.16;0.16;0.00
4776155;291116;230832.07;512145.6819N;091142.6087E;439.517261;0.00;0.16;0.16;0.00
4776355;291116;230833.05;512145.6819N;091142.6087E;439.517261;0.00;0.16;0.16;0.00
4776555;291116;230834.07;512145.6819N;091142.6087E;439.517261;0.00;0.16;0.16;0.00
4776755;291116;230835.07;512145.6819N;091142.6087E;439.517261;0.00;0.16;0.16;0.00
4776960;291116;230835.95;512145.6819N;091142.6087E;439.517261;0.00;0.15;0.15;0.00
4777162;291116;230836.95;512145.6819N;091142.6087E;439.517261;0.00;0.15;0.15;0.00
4777362;291116;230838.11;512145.6819N;091142.6087E;439.517261;0.00;0.16;0.16;0.00
4777562;291116;230839.10;512145.6819N;091142.6087E;439.517261;0.00;0.16;0.16;0.00
4777762;291116;230840.11;512145.6819N;091142.6087E;439.517261;0.00;0.15;0.15;0.00
4777962;291116;230841.10;512145.6819N;091142.6087E;439.517261;0.00;0.16;0.16;0.00
4778162;291116;230842.11;512145.6819N;091142.6087E;439.517261;0.00;0.16;0.16;0.00
4778361;291116;230843.11;512145.6819N;091142.6087E;439.517261;0.00;0.16;0.16;0.00
4778558;291116;230844.11;512145.6819N;091142.6087E;439.517261;0.00;0.16;0.16;0.00
4778756;291116;230844.95;512145.6819N;091142.6087E;439.517261;0.00;0.16;0.16;0.00
4778956;291116;230845.95;512145.6819N;091142.6087E;439.517261;0.00;0.16;0.16;0.00
4779156;291116;230847.12;512145.6819N;091142.6087E;439.517261;0.00;0.16;0.16;0.00
4779355;291116;230848.12;512145.6819N;091142.6087E;439.517261;0.00;0.16;0.16;0.00
4779555;291116;230849.11;512145.6819N;091142.6087E;439.517261;0.00;0.16;0.16;0.00
4779755;291116;230850.10;512145.6819N;091142.6087E;439.517261;0.00;0.16;0.16;0.00
4779955;291116;230851.11;512145.6819N;091142.6087E;439.517261;0.00;0.16;0.16;0.00
4780155;291116;230852.12;512145.6819N;091142.6087E;439.517261;0.00;0.16;0.16;0.00
4780355;291116;230853.12;512145.6819N;091142.6087E;439.517261;0.00;0.16;0.16;0.00
4780555;291116;230854.11;512145.6819N;091142.6087E;439.517261;0.00;0.16;0.16;0.00
4780755;291116;230855.12;512145.6819N;091142.6087E;439.517261;0.00;0.16;0.16;0.00
4780952;291116;230856.11;512145.6819N;091142.6087E;439.517261;0.00;0.16;0.16;0.00
4781152;291116;230857.11;512145.6819N;091142.6087E;439.517261;0.00;0.16;0.16;0.00
4781352;291116;230858.12;512145.6819N;091142.6087E;439.517261;0.00;0.16;0.16;0.00
4781552;291116;230859.12;512145.6819N;091142.6087E;439.517261;0.00;0.15;0.15;0.00
4781752;291116;230859.95;512145.6819N;091142.6087E;439.517261;0.00;0.16;0.16;0.00
4781952;291116;230901.10;512145.6819N;091142.6087E;439.517261;0.00;0.16;0.16;0.00
4782153;291116;230902.12;512145.6819N;091142.6087E;439.517261;0.00;0.16;0.16;0.00
4782341;291116;230903.12;512145.6819N;091142.6087E;439.517261;0.00;0.16;0.16;0.00
4782541;291116;230904.14;512145.6819N;091142.6087E;439.517261;0.00;0.16;0.16;0.00
4782729;291116;230904.95;512145.6819N;091142.6087E;439.517261;0.00;0.16;0.16;0.00
4782931;291116;230905.95;512145.6819N;091142.6087E;439.517261;0.00;0.16;0.16;0.00
4783129;291116;230906.95;512145.6819N;091142.6087E;439.517261;0.00;0.16;0.16;0.00
4783323;291116;230907.95;512145.6819N;091142.6087E;439.517261;0.00;0.16;0.16;0.00
4783508;291116;230908.95;512145.6819N;091142.6087E;439.517261;0.00;0.16;0.16;0.00
4783707;291116;230910.13;512145.6819N;091142.6087E;439.517261;0.00;0.16;0.16;0.00
4783892;291116;230911.16;512145.6819N;091142.6087E;439.517261;0.00;0.16;0.16;0.00
4784083;291116;230911.95;512145.6819N;091142.6087E;439.517261;0.00;0.16;0.16;0.00
4784280;291116;230913.16;512145.6819N;091142.6087E;439.517261;0.00;0.16;0.16;0.00
4784478;291116;230914.15;512145.6819N;091142.6087E;439.517261;0.00;0.16;0.16;0.00
4784675;291116;230914.95;512145.6819N;091142.6087E;439.517261;0.00;0.16;0.16;0.00
4784867;291116;230916.15;512145.6819N;091142.6087E;439.517261;0.00;0.16;0.16;0.00
4785061;291116;230916.95;512145.6819N;091142.6087E;439.517261;0.00;0.16;0.16;0.00
4785260;291116;230917.95;512145.6819N;091142.6087E;439.517261;0.00;0.16;0.16;0.00
4785455;291116;230918.95;512145.6819N;091142.6087E;439.517261;0.00;0.15;0.15;0.00
4785655;291116;230920.15;512145.6819N;091142.6087E;439.517261;0.00;0.16;0.16;0.00
4785849;291116;230920.95;512145.6819N;091142.6087E;439.517261;0.00;0.16;0.16;0.00
4786048;291116;230922.15;512145.6819N;091142.6087E;439.517261;0.00;0.16;0.16;0.00
4786246;291116;230922.95;512145.6819N;091142.6087E;439.517261;0.00;0.16;0.16;0.00
4786444;291116;230924.15;512145.6819N;091142.6087E;439.517261;0.00;0.16;0.16;0.00
4786640;291116;230925.15;512145.6819N;091142.6087E;439.517261;0.00;0.16;0.16;0.00
4786840;291116;230926.15;512145.6819N;091142.6087E;439.517261;0.00;0.16;0.16;0.00
4787035;291116;230926.95;512145.6819N;091142.6087E;439.517261;0.00;0.16;0.16;0.00
4787209;291116;230928.16;512145.6819N;091142.6087E;439.517261;0.00;0.16;0.16;0.00
4787401;291116;230929.15;512145.6819N;091142.6087E;439.517261;0.00;0.16;0.16;0.00
4787594;291116;230930.16;512145.6819N;091142.6087E;439.517261;0.00;0.16;0.16;0.00
4787794;291116;230931.15;512145.6819N;091142.6087E;439.517261;0.00;0.16;0.16;0.00
4787992;291116;230932.05;512145.6819N;091142.6087E;439.517261;0.00;0.16;0.16;0.00
4788165;291116;230933.05;512145.6819N;091142.6087E;439.517261;0.00;0.16;0.16;0.00
4788351;291116;230934.05;512145.6819N;091142.6087E;439.517261;0.00;0.16;0.16;0.00
4788532;291116;230935.21;512145.6819N;091142.6087E;439.517261;0.00;0.16;0.16;0.00
4788721;291116;230936.22;512145.6819N;091142.6087E;439.517261;0.00;0.16;0.16;0.00
4788911;291116;230937.20;512145.6819N;091142.6087E;439.517261;0.00;0.16;0.16;0.00
4789098;291116;230938.20;512145.6819N;091142.6087E;439.517261;0.00;0.16;0.16;0.00
4789292;291116;230939.20;512145.6819N;091142.6087E;439.517261;0.00;0.16;0.16;0.00
4789484;291116;230940.20;512145.6819N;091142.6087E;439.517261;0.00;0.16;0.16;0.00
4789670;291116;230941.05;512145.6819N;091142.6087E;439.517261;0.00;0.16;0.16;0.00
4789870;291116;230942.18;512145.6819N;091142.6087E;439.517261;0.00;0.16;0.16;0.00
4790063;291116;230943.25;512145.6819N;091142.6087E;439.517261;0.00;0.16;0.16;0.00
4790257;291116;230944.25;512145.6819N;091142.6087E;439.517261;0.00;0.16;0.16;0.00
4790439;291116;230945.25;512145.6819N;091142.6087E;439.517261;0.00;0.16;0.16;0.00
4790630;291116;230946.20;512145.6819N;091142.6087E;439.517261;0.00;0.16;0.16;0.00
4790822;291116;230947.25;512145.6819N;091142.6087E;439.517261;0.00;0.16;0.16;0.00
4791012;291116;230948.22;512145.6819N;091142.6087E;439.517261;0.00;0.16;0.16;0.00
4791195;291116;230949.25;512145.6819N;091142.6087E;439.517261;0.00;0.16;0.16;0.00
4791386;291116;230950.25;512145.6819N;091142.6087E;439.517261;0.00;0.16;0.16;0.00
4791569;291116;230951.25;512145.6819N;091142.6087E;439.517261;0.00;0.16;0.16;0.00
4791755;291116;230952.25;512145.6819N;091142.6087E;439.517261;0.00;0.16;0.16;0.00
4791947;291116;230953.20;512145.6819N;091142.6087E;439.517261;0.00;0.16;0.16;0.00
4792139;291116;230954.21;512145.6819N;091142.6087E;439.517261;0.00;0.16;0.16;0.00
4792337;291116;230955.19;512145.6819N;091142.6087E;439.517261;0.00;0.16;0.16;0.00
4792534;291116;230956.20;512145.6819N;091142.6087E;439.517261;0.00;0.16;0.16;0.00
4792715;291116;230957.20;512145.6819N;091142.6087E;439.517261;0.00;0.16;0.16;0.00
4792911;291116;230958.19;512145.6819N;091142.6087E;439.517261;0.00;0.16;0.16;0.00
4793097;291116;230959.20;512145.6819N;091142.6087E;439.517261;0.00;0.16;0.16;0.00
4793282;291116;231000.05;512145.6819N;091142.6087E;439.517261;0.00;0.15;0.15;0.00
