4438069;291116;224000.25;512145.6819N;091142.6087E;439.517261;0.00;0.16;0.16;0.00
4438243;291116;224001.25;512145.6819N;091142.6087E;439.517261;0.00;0.16;0.16;0.00
4438437;291116;224002.25;512145.6819N;091142.6087E;439.517261;0.00;91.00;91.00;0.00
4438586;291116;224003.25;512145.6819N;091142.6087E;439.517261;0.00;0.16;0.16;0.00
4438785;291116;224004.25;512145.6819N;091142.6087E;439.517261;0.00;0.16;0.16;0.00
4438986;291116;224005.35;512145.6819N;091142.6087E;439.517261;0.00;0.16;0.16;0.00
4439191;291116;224006.35;512145.6819N;091142.6087E;439.517261;0.00;0.16;0.16;0.00
4439393;291116;224007.35;512145.6819N;091142.6087E;439.517261;0.00;0.16;0.16;0.00
4439593;291116;224008.35;512145.6819N;091142.6087E;439.517261;0.00;0.16;0.16;0.00
4439793;291116;224009.35;512145.6819N;091142.6087E;439.517261;0.00;0.16;0.16;0.00
4439993;291116;224010.52;512145.6819N;091142.6087E;439.517261;0.00;0.16;0.16;0.00
4440193;291116;224011.34;512145.6819N;091142.6087E;439.517261;0.00;0.16;0.16;0.00
4440393;291116;224012.34;512145.6819N;091142.6087E;439.517261;0.00;0.16;0.16;0.00
4440590;291116;224013.35;512145.6819N;091142.6087E;439.517261;0.00;0.16;0.16;0.00
4440790;291116;224014.34;512145.6819N;091142.6087E;439.517261;0.00;92.00;92.00;0.00
4440990;291116;224015.35;512145.6819N;091142.6087E;439.517261;0.00;0.16;0.16;0.00
4441189;291116;224016.35;512145.6819N;091142.6087E;439.517261;0.00;0.16;0.16;0.00
4441390;291116;224017.35;512145.6819N;091142.6087E;439.517261;0.00;0.16;0.16;0.00
4441590;291116;224018.35;512145.6819N;091142.6087E;439.517261;0.00;91.00;91.00;0.00
4441790;291116;224019.35;512145.6819N;091142.6087E;439.517261;0.00;0.16;0.16;0.00
4441983;291116;224020.35;512145.6819N;091142.6087E;439.517261;0.00;0.16;0.16;0.00
4442183;291116;224021.35;512145.6819N;091142.6087E;439.517261;0.00;0.16;0.16;0.00
4442383;291116;224022.35;512145.6819N;091142.6087E;439.517261;0.00;0.16;0.16;0.00
4442580;291116;224023.35;512145.6819N;091142.6087E;439.517261;0.00;0.16;0.16;0.00
4442780;291116;224024.35;512145.6819N;091142.6087E;439.517261;0.00;0.16;0.16;0.00
4442980;291116;224025.35;512145.6819N;091142.6087E;439.517261;0.00;0.16;0.16;0.00
4443180;291116;224026.35;512145.6819N;091142.6087E;439.517261;0.00;0.16;0.16;0.00
4443380;291116;224027.34;512145.6819N;091142.6087E;439.517261;0.00;0.16;0.16;0.00
4443580;291116;224028.34;512145.6819N;091142.6087E;439.517261;0.00;0.16;0.16;0.00
4443780;291116;224029.34;512145.6819N;091142.6087E;439.517261;0.00;0.16;0.16;0.00
4443980;291116;224030.34;512145.6819N;091142.6087E;439.517261;0.00;0.16;0.16;0.00
4444180;291116;224031.34;512145.6819N;091142.6087E;439.517261;0.00;0.16;0.16;0.00
4444380;291116;224032.35;512145.6819N;091142.6087E;439.517261;0.00;0.16;0.16;0.00
4444586;291116;224033.35;512145.6819N;091142.6087E;439.517261;0.00;0.16;0.16;0.00
4444786;291116;224034.35;512145.6819N;091142.6087E;439.517261;0.00;88.00;88.00;0.00
4444986;291116;224035.35;512145.6819N;091142.6087E;439.517261;0.00;0.16;0.16;0.00
4445190;291116;224036.35;512145.6819N;091142.6087E;439.517261;0.00;0.16;0.16;0.00
4445390;291116;224037.35;512145.6819N;091142.6087E;439.517261;0.00;0.16;0.16;0.00
4445590;291116;224038.56;512145.6819N;091142.6087E;439.517261;0.00;0.16;0.16;0.00
4445787;291116;224039.35;512145.6819N;091142.6087E;439.517261;0.00;0.16;0.16;0.00
4445987;291116;224040.35;512145.6819N;091142.6087E;439.517261;0.00;0.16;0.16;0.00
4446187;291116;224041.56;512145.6819N;091142.6087E;439.517261;0.00;0.16;0.16;0.00
4446387;291116;224042.35;512145.6819N;091142.6087E;439.517261;0.00;0.16;0.16;0.00
4446587;291116;224043.35;512145.6819N;091142.6087E;439.517261;0.00;0.16;0.16;0.00
4446787;291116;224044.35;512145.6819N;091142.6087E;439.517261;0.00;0.16;0.16;0.00
4446989;291116;224045.56;512145.6819N;091142.6087E;439.517261;0.00;0.16;0.16;0.00
4447189;291116;224046.58;512145.6819N;091142.6087E;439.517261;0.00;0.16;0.16;0.00
4447389;291116;224047.56;512145.6819N;091142.6087E;439.517261;0.00;0.16;0.16;0.00
4447576;291116;224048.35;512145.6819N;091142.6087E;439.517261;0.00;0.16;0.16;0.00
4447776;291116;224049.58;512145.6819N;091142.6087E;439.517261;0.00;0.16;0.16;0.00
4447976;291116;224050.57;512145.6819N;091142.6087E;439.517261;0.00;0.16;0.16;0.00
4448176;291116;224051.56;512145.6819N;091142.6087E;439.517261;0.00;0.16;0.16;0.00
4448376;291116;224052.35;512145.6819N;091142.6087E;439.517261;0.00;0.16;0.16;0.00
4448577;291116;224053.52;512145.6819N;091142.6087E;439.517261;0.00;0.16;0.16;0.00
4448765;291116;224054.58;512145.6819N;091142.6087E;439.517261;0.00;0.16;0.16;0.00
4448965;291116;224055.35;512145.6819N;091142.6087E;439.517261;0.00;0.16;0.16;0.00
4449165;291116;224056.56;512145.6819N;091142.6087E;439.517261;0.00;0.16;0.16;0.00
4449365;291116;224057.59;512145.6819N;091142.6087E;439.517261;0.00;0.16;0.16;0.00
4449565;291116;224058.58;512145.6819N;091142.6087E;439.517261;0.00;0.16;0.16;0.00
4449765;291116;224059.58;512145.6819N;091142.6087E;439.517261;0.00;0.16;0.16;0.00
4449963;291116;224100.57;512145.6819N;091142.6087E;439.517261;0.00;0.16;0.16;0.00
4450164;291116;224101.45;512145.6819N;091142.6087E;439.517261;0.00;0.16;0.16;0.00
4450366;291116;224102.45;512145.6819N;091142.6087E;439.517261;0.00;0.16;0.16;0.00
4450569;291116;224103.45;512145.6819N;091142.6087E;439.517261;0.00;0.16;0.16;0.00
4450770;291116;224104.45;512145.6819N;091142.6087E;439.517261;0.00;0.16;0.16;0.00
4450971;291116;224105.45;512145.6819N;091142.6087E;439.517261;0.00;0.16;0.16;0.00
4451171;291116;224106.62;512145.6819N;091142.6087E;439.517261;0.00;0.16;0.16;0.00
4451373;291116;224107.61;512145.6819N;091142.6087E;439.517261;0.00;0.16;0.16;0.00
4451573;291116;224108.62;512145.6819N;091142.6087E;439.517261;0.00;0.16;0.16;0.00
4451774;291116;224109.45;512145.6819N;091142.6087E;439.517261;0.00;0.16;0.16;0.00
4451972;291116;224110.63;512145.6819N;091142.6087E;439.517261;0.00;0.16;0.16;0.00
4452172;291116;224111.61;512145.6819N;091142.6087E;439.517261;0.00;0.16;0.16;0.00
4452372;291116;224112.62;512145.6819N;091142.6087E;439.517261;0.00;0.16;0.16;0.00
4452572;291116;224113.61;512145.6819N;091142.6087E;439.517261;0.00;0.16;0.16;0.00
4452772;291116;224114.61;512145.6819N;091142.6087E;439.517261;0.00;0.16;0.16;0.00
4452972;291116;224115.45;512145.6819N;091142.6087E;439.517261;0.00;0.16;0.16;0.00
4453172;291116;224116.61;512145.6819N;091142.6087E;439.517261;0.00;0.16;0.16;0.00
4453372;291116;224117.61;512145.6819N;091142.6087E;439.517261;0.00;0.16;0.16;0.00
4453572;291116;224118.45;512145.6819N;091142.6087E;439.517261;0.00;0.16;0.16;0.00
4453771;291116;224119.63;512145.6819N;091142.6087E;439.517261;0.00;0.16;0.16;0.00
4453971;291116;224120.45;512145.6819N;091142.6087E;439.517261;0.00;0.16;0.16;0.00
4454169;291116;224121.45;512145.6819N;091142.6087E;439.517261;0.00;0.16;0.16;0.00
4454361;291116;224122.45;512145.6819N;091142.6087E;439.517261;0.00;0.16;0.16;0.00
4454561;291116;224123.61;512145.6819N;091142.6087E;439.517261;0.00;0.16;0.16;0.00
4454761;291116;224124.45;512145.6819N;091142.6087E;439.517261;0.00;0.16;0.16;0.00
4454961;291116;224125.61;512145.6819N;091142.6087E;439.517261;0.00;0.16;0.16;0.00
4455161;291116;224126.62;512145.6819N;091142.6087E;439.517261;0.00;0.16;0.16;0.00
4455362;291116;224127.45;512145.6819N;091142.6087E;439.517261;0.00;0.16;0.16;0.00
4455562;291116;224128.61;512145.6819N;091142.6087E;439.517261;0.00;0.16;0.16;0.00
4455762;291116;224129.65;512145.6819N;091142.6087E;439.517261;0.00;0.16;0.16;0.00
4455942;291116;224130.62;512145.6819N;091142.6087E;439.517261;0.00;0.16;0.16;0.00
4456143;291116;224131.63;512145.6819N;091142.6087E;439.517261;0.00;0.16;0.16;0.00
4456343;291116;224132.64;512145.6819N;091142.6087E;439.517261;0.00;0.16;0.16;0.00
4456543;291116;224133.64;512145.6819N;091142.6087E;439.517261;0.00;0.16;0.16;0.00
4456744;291116;224134.62;512145.6819N;091142.6087E;439.517261;0.00;0.16;0.16;0.00
4456944;291116;224135.63;512145.6819N;091142.6087E;439.517261;0.00;0.16;0.16;0.00
4457144;291116;224136.61;512145.6819N;091142.6087E;439.517261;0.00;0.16;0.16;0.00
4457344;291116;224137.64;512145.6819N;091142.6087E;439.517261;0.00;0.16;0.16;0.00
4457544;291116;224138.63;512145.6819N;091142.6087E;439.517261;0.00;0.16;0.16;0.00
4457744;291116;224139.63;512145.6819N;091142.6087E;439.517261;0.00;0.16;0.16;0.00
4457944;291116;224140.62;512145.6819N;091142.6087E;439.517261;0.00;0.16;0.16;0.00
4458144;291116;224141.45;512145.6819N;091142.6087E;439.517261;0.00;0.16;0.16;0.00
4458345;291116;224142.45;512145.6819N;091142.6087E;439.517261;0.00;0.16;0.16;0.00
4458545;291116;224143.64;512145.6819N;091142.6087E;439.517261;0.00;0.16;0.16;0.00
4458727;291116;224144.65;512145.6819N;091142.6087E;439.517261;0.00;0.16;0.16;0.00
4458927;291116;224145.62;512145.6819N;091142.6087E;439.517261;0.00;90.00;90.00;0.00
4459127;291116;224146.63;512145.6819N;091142.6087E;439.517261;0.00;0.16;0.16;0.00
4459327;291116;224147.64;512145.6819N;091142.6087E;439.517261;0.00;0.16;0.16;0.00
4459527;291116;224148.45;512145.6819N;091142.6087E;439.517261;0.00;0.16;0.16;0.00
4459727;291116;224149.45;512145.6819N;091142.6087E;439.517261;0.00;0.15;0.15;0.00
4459927;291116;224150.64;512145.6819N;091142.6087E;439.517261;0.00;0.16;0.16;0.00
4460127;291116;224151.62;512145.6819N;091142.6087E;439.517261;0.00;0.16;0.16;0.00
4460324;291116;224152.62;512145.6819N;091142.6087E;439.517261;0.00;0.16;0.16;0.00
4460526;291116;224153.64;512145.6819N;091142.6087E;439.517261;0.00;0.16;0.16;0.00
4460726;291116;224154.45;512145.6819N;091142.6087E;439.517261;0.00;0.16;0.16;0.00
4460926;291116;224155.64;512145.6819N;091142.6087E;439.517261;0.00;91.00;91.00;0.00
4461126;291116;224156.63;512145.6819N;091142.6087E;439.517261;0.00;91.00;91.00;0.00
4461329;291116;224157.45;512145.6819N;091142.6087E;439.517261;0.00;0.16;0.16;0.00
4461530;291116;224158.68;512145.6819N;091142.6087E;439.517261;0.00;0.16;0.16;0.00
4461730;291116;224159.45;512145.6819N;091142.6087E;439.517261;0.00;0.16;0.16;0.00
4461915;291116;224200.67;512145.6819N;091142.6087E;439.517261;0.00;0.16;0.16;0.00
4462115;291116;224201.67;512145.6819N;091142.6087E;439.517261;0.00;0.16;0.16;0.00
4462315;291116;224202.66;512145.6819N;091142.6087E;439.517261;0.00;0.16;0.16;0.00
4462515;291116;224203.65;512145.6819N;091142.6087E;439.517261;0.00;0.16;0.16;0.00
4462715;291116;224204.65;512145.6819N;091142.6087E;439.517261;0.00;0.16;0.16;0.00
4462915;291116;224205.65;512145.6819N;091142.6087E;439.517261;0.00;0.16;0.16;0.00
4463116;291116;224206.68;512145.6819N;091142.6087E;439.517261;0.00;0.16;0.16;0.00
4463316;291116;224207.68;512145.6819N;091142.6087E;439.517261;0.00;0.16;0.16;0.00
4463516;291116;224208.65;512145.6819N;091142.6087E;439.517261;0.00;0.16;0.16;0.00
4463716;291116;224209.65;512145.6819N;091142.6087E;439.517261;0.00;0.16;0.16;0.00
4463916;291116;224210.65;512145.6819N;091142.6087E;439.517261;0.00;0.16;0.16;0.00
4464116;291116;224211.66;512145.6819N;091142.6087E;439.517261;0.00;0.16;0.16;0.00
4464316;291116;224212.45;512145.6819N;091142.6087E;439.517261;0.00;0.16;0.16;0.00
4464516;291116;224213.66;512145.6819N;091142.6087E;439.517261;0.00;0.16;0.16;0.00
4464716;291116;224214.65;512145.6819N;091142.6087E;439.517261;0.00;0.16;0.16;0.00
4464916;291116;224215.66;512145.6819N;091142.6087E;439.517261;0.00;0.16;0.16;0.00
4465116;291116;224216.45;512145.6819N;091142.6087E;439.517261;0.00;0.16;0.16;0.00
4465316;291116;224217.65;512145.6819N;091142.6087E;439.517261;0.00;0.16;0.16;0.00
4465516;291116;224218.45;512145.6819N;091142.6087E;439.517261;0.00;0.16;0.16;0.00
4465716;291116;224219.67;512145.6819N;091142.6087E;439.517261;0.00;0.16;0.16;0.00
4465916;291116;224220.65;512145.6819N;091142.6087E;439.517261;0.00;0.16;0.16;0.00
4466095;291116;224221.67;512145.6819N;091142.6087E;439.517261;0.00;0.16;0.16;0.00
4466295;291116;224222.66;512145.6819N;091142.6087E;439.517261;0.00;0.16;0.16;0.00
4466495;291116;224223.65;512145.6819N;091142.6087E;439.517261;0.00;0.16;0.16;0.00
4466695;291116;224224.68;512145.6819N;091142.6087E;439.517261;0.00;0.16;0.16;0.00
4466900;291116;224225.71;512145.6819N;091142.6087E;439.517261;0.00;0.16;0.16;0.00
4467100;291116;224226.70;512145.6819N;091142.6087E;439.517261;0.00;0.16;0.16;0.00
4467302;291116;224227.55;512145.6819N;091142.6087E;439.517261;0.00;0.16;0.16;0.00
4467502;291116;224228.55;512145.6819N;091142.6087E;439.517261;0.00;0.16;0.16;0.00
4467700;291116;224229.55;512145.6819N;091142.6087E;439.517261;0.00;0.16;0.16;0.00
4467900;291116;224230.54;512145.6819N;091142.6087E;439.517261;0.00;0.16;0.16;0.00
4468100;291116;224231.54;512145.6819N;091142.6087E;439.517261;0.00;0.16;0.16;0.00
4468300;291116;224232.54;512145.6819N;091142.6087E;439.517261;0.00;0.16;0.16;0.00
4468500;291116;224233.55;512145.6819N;091142.6087E;439.517261;0.00;0.16;0.16;0.00
4468700;291116;224234.69;512145.6819N;091142.6087E;439.517261;0.00;0.16;0.16;0.00
4468894;291116;224235.55;512145.6819N;091142.6087E;439.517261;0.00;0.16;0.16;0.00
4469094;291116;224236.55;512145.6819N;091142.6087E;439.517261;0.00;0.16;0.16;0.00
4469294;291116;224237.55;512145.6819N;091142.6087E;439.517261;0.00;0.16;0.16;0.00
4469494;291116;224238.55;512145.6819N;091142.6087E;439.517261;0.00;0.16;0.16;0.00
4469694;291116;224239.69;512145.6819N;091142.6087E;439.517261;0.00;0.16;0.16;0.00
4469894;291116;224240.55;512145.6819N;091142.6087E;439.517261;0.00;0.16;0.16;0.00
4470094;291116;224241.55;512145.6819N;091142.6087E;439.517261;0.00;0.16;0.16;0.00
4470294;291116;224242.55;512145.6819N;091142.6087E;439.517261;0.00;0.16;0.16;0.00
4470494;291116;224243.55;512145.6819N;091142.6087E;439.517261;0.00;0.16;0.16;0.00
4470694;291116;224244.70;512145.6819N;091142.6087E;439.517261;0.00;0.16;0.16;0.00
4470894;291116;224245.70;512145.6819N;091142.6087E;439.517261;0.00;0.16;0.16;0.00
4471094;291116;224246.55;512145.6819N;091142.6087E;439.517261;0.00;0.16;0.16;0.00
4471294;291116;224247.54;512145.6819N;091142.6087E;439.517261;0.00;0.16;0.16;0.00
4471494;291116;224248.73;512145.6819N;091142.6087E;439.517261;0.00;0.16;0.16;0.00
4471694;291116;224249.72;512145.6819N;091142.6087E;439.517261;0.00;0.16;0.16;0.00
4471894;291116;224250.73;512145.6819N;091142.6087E;439.517261;0.00;0.16;0.16;0.00
4472094;291116;224251.71;512145.6819N;091142.6087E;439.517261;0.00;0.16;0.16;0.00
4472294;291116;224252.73;512145.6819N;091142.6087E;439.517261;0.00;0.16;0.16;0.00
4472496;291116;224253.55;512145.6819N;091142.6087E;439.517261;0.00;0.16;0.16;0.00
4472696;291116;224254.55;512145.6819N;091142.6087E;439.517261;0.00;0.16;0.16;0.00
4472877;291116;224255.55;512145.6819N;091142.6087E;439.517261;0.00;0.16;0.16;0.00
4473080;291116;224256.55;512145.6819N;091142.6087E;439.517261;0.00;0.16;0.16;0.00
4473278;291116;224257.55;512145.6819N;091142.6087E;439.517261;0.00;0.16;0.16;0.00
4473479;291116;224258.55;512145.6819N;091142.6087E;439.517261;0.00;0.16;0.16;0.00
4473680;291116;224259.75;512145.6819N;091142.6087E;439.517261;0.00;0.16;0.16;0.00
4473880;291116;224300.75;512145.6819N;091142.6087E;439.517261;0.00;0.16;0.16;0.00
4474080;291116;224301.74;512145.6819N;091142.6087E;439.517261;0.00;0.16;0.16;0.00
4474280;291116;224302.75;512145.6819N;091142.6087E;439.517261;0.00;0.16;0.16;0.00
4474480;291116;224303.75;512145.6819N;091142.6087E;439.517261;0.00;0.16;0.16;0.00
4474680;291116;224304.73;512145.6819N;091142.6087E;439.517261;0.00;0.16;0.16;0.00
4474880;291116;224305.54;512145.6819N;091142.6087E;439.517261;0.00;0.16;0.16;0.00
4475080;291116;224306.54;512145.6819N;091142.6087E;439.517261;0.00;0.16;0.16;0.00
4475280;291116;224307.73;512145.6819N;091142.6087E;439.517261;0.00;0.16;0.16;0.00
4475480;291116;224308.75;512145.6819N;091142.6087E;439.517261;0.00;0.16;0.16;0.00
4475680;291116;224309.55;512145.6819N;091142.6087E;439.517261;0.00;0.16;0.16;0.00
4475880;291116;224310.74;512145.6819N;091142.6087E;439.517261;0.00;0.16;0.16;0.00
4476080;291116;224311.75;512145.6819N;091142.6087E;439.517261;0.00;0.16;0.16;0.00
4476280;291116;224312.55;512145.6819N;091142.6087E;439.517261;0.00;0.16;0.16;0.00
4476480;291116;224313.75;512145.6819N;091142.6087E;439.517261;0.00;0.16;0.16;0.00
4476680;291116;224314.73;512145.6819N;091142.6087E;439.517261;0.00;0.16;0.16;0.00
4476880;291116;224315.76;512145.6819N;091142.6087E;439.517261;0.00;0.16;0.16;0.00
4477080;291116;224316.74;512145.6819N;091142.6087E;439.517261;0.00;0.16;0.16;0.00
4477280;291116;224317.76;512145.6819N;091142.6087E;439.517261;0.00;0.16;0.16;0.00
4477480;291116;224318.55;512145.6819N;091142.6087E;439.517261;0.00;0.16;0.16;0.00
4477680;291116;224319.75;512145.6819N;091142.6087E;439.517261;0.00;0.16;0.16;0.00
4477864;291116;224320.74;512145.6819N;091142.6087E;439.517261;0.00;0.16;0.16;0.00
4478064;291116;224321.65;512145.6819N;091142.6087E;439.517261;0.00;0.16;0.16;0.00
4478266;291116;224322.64;512145.6819N;091142.6087E;439.517261;0.00;0.16;0.16;0.00
4478466;291116;224323.65;512145.6819N;091142.6087E;439.517261;0.00;0.16;0.16;0.00
4478668;291116;224324.65;512145.6819N;091142.6087E;439.517261;0.00;0.16;0.16;0.00
4478869;291116;224325.65;512145.6819N;091142.6087E;439.517261;0.00;0.16;0.16;0.00
4479070;291116;224326.65;512145.6819N;091142.6087E;439.517261;0.00;0.16;0.16;0.00
4479271;291116;224327.65;512145.6819N;091142.6087E;439.517261;0.00;0.16;0.16;0.00
4479470;291116;224328.65;512145.6819N;091142.6087E;439.517261;0.00;0.16;0.16;0.00
4479670;291116;224329.81;512145.6819N;091142.6087E;439.517261;0.00;0.16;0.16;0.00
4479870;291116;224330.79;512145.6819N;091142.6087E;439.517261;0.00;0.16;0.16;0.00
4480070;291116;224331.81;512145.6819N;091142.6087E;439.517261;0.00;0.16;0.16;0.00
4480270;291116;224332.79;512145.6819N;091142.6087E;439.517261;0.00;0.16;0.16;0.00
4480470;291116;224333.81;512145.6819N;091142.6087E;439.517261;0.00;0.16;0.16;0.00
4480670;291116;224334.81;512145.6819N;091142.6087E;439.517261;0.00;0.16;0.16;0.00
4480870;291116;224335.81;512145.6819N;091142.6087E;439.517261;0.00;0.16;0.16;0.00
4481071;291116;224336.65;512145.6819N;091142.6087E;439.517261;0.00;0.16;0.16;0.00
4481271;291116;224337.81;512145.6819N;091142.6087E;439.517261;0.00;0.16;0.16;0.00
4481471;291116;224338.81;512145.6819N;091142.6087E;439.517261;0.00;0.16;0.16;0.00
4481671;291116;224339.79;512145.6819N;091142.6087E;439.517261;0.00;0.16;0.16;0.00
4481871;291116;224340.81;512145.6819N;091142.6087E;439.517261;0.00;0.16;0.16;0.00
4482061;291116;224341.65;512145.6819N;091142.6087E;439.517261;0.00;0.16;0.16;0.00
4482261;291116;224342.81;512145.6819N;091142.6087E;439.517261;0.00;0.16;0.16;0.00
4482461;291116;224343.81;512145.6819N;091142.6087E;439.517261;0.00;0.16;0.16;0.00
4482661;291116;224344.81;512145.6819N;091142.6087E;439.517261;0.00;0.16;0.16;0.00
4482861;291116;224345.79;512145.6819N;091142.6087E;439.517261;0.00;0.16;0.16;0.00
4483061;291116;224346.80;512145.6819N;091142.6087E;439.517261;0.00;0.16;0.16;0.00
4483261;291116;224347.81;512145.6819N;091142.6087E;439.517261;0.00;0.16;0.16;0.00
4483440;291116;224348.79;512145.6819N;091142.6087E;439.517261;0.00;0.16;0.16;0.00
4483642;291116;224349.65;512145.6819N;091142.6087E;439.517261;0.00;0.17;0.17;0.00
4483840;291116;224350.65;512145.6819N;091142.6087E;439.517261;0.00;0.16;0.16;0.00
4484040;291116;224351.65;512145.6819N;091142.6087E;439.517261;0.00;93.00;93.00;0.00
4484240;291116;224352.65;512145.6819N;091142.6087E;439.517261;0.00;0.16;0.16;0.00
4484441;291116;224353.65;512145.6819N;091142.6087E;439.517261;0.00;0.16;0.16;0.00
4484641;291116;224354.65;512145.6819N;091142.6087E;439.517261;0.00;0.16;0.16;0.00
4484843;291116;224355.65;512145.6819N;091142.6087E;439.517261;0.00;0.16;0.16;0.00
4485043;291116;224356.65;512145.6819N;091142.6087E;439.517261;0.00;0.16;0.16;0.00
4485243;291116;224357.65;512145.6819N;091142.6087E;439.517261;0.00;0.16;0.16;0.00
4485443;291116;224358.82;512145.6819N;091142.6087E;439.517261;0.00;0.16;0.16;0.00
4485644;291116;224359.65;512145.6819N;091142.6087E;439.517261;0.00;0.16;0.16;0.00
4485844;291116;224400.83;512145.6819N;091142.6087E;439.517261;0.00;0.16;0.16;0.00
4486045;291116;224401.84;512145.6819N;091142.6087E;439.517261;0.00;0.16;0.16;0.00
4486245;291116;224402.84;512145.6819N;091142.6087E;439.517261;0.00;0.16;0.16;0.00
4486445;291116;224403.84;512145.6819N;091142.6087E;439.517261;0.00;0.16;0.16;0.00
4486645;291116;224404.83;512145.6819N;091142.6087E;439.517261;0.00;0.16;0.16;0.00
4486845;291116;224405.84;512145.6819N;091142.6087E;439.517261;0.00;0.16;0.16;0.00
4487045;291116;224406.83;512145.6819N;091142.6087E;439.517261;0.00;0.16;0.16;0.00
4487245;291116;224407.84;512145.6819N;091142.6087E;439.517261;0.00;0.16;0.16;0.00
4487445;291116;224408.84;512145.6819N;091142.6087E;439.517261;0.00;0.16;0.16;0.00
4487645;291116;224409.83;512145.6819N;091142.6087E;439.517261;0.00;0.16;0.16;0.00
4487836;291116;224410.84;512145.6819N;091142.6087E;439.517261;0.00;0.16;0.16;0.00
4488036;291116;224411.82;512145.6819N;091142.6087E;439.517261;0.00;0.16;0.16;0.00
4488236;291116;224412.84;512145.6819N;091142.6087E;439.517261;0.00;0.16;0.16;0.00
4488436;291116;224413.83;512145.6819N;091142.6087E;439.517261;0.00;0.16;0.16;0.00
4488636;291116;224414.82;512145.6819N;091142.6087E;439.517261;0.00;0.16;0.16;0.00
4488836;291116;224415.65;512145.6819N;091142.6087E;439.517261;0.00;0.16;0.16;0.00
4489036;291116;224416.84;512145.6819N;091142.6087E;439.517261;0.00;0.16;0.16;0.00
4489240;291116;224417.75;512145.6819N;091142.6087E;439.517261;0.00;0.16;0.16;0.00
4489440;291116;224418.75;512145.6819N;091142.6087E;439.517261;0.00;0.16;0.16;0.00
4489641;291116;224419.75;512145.6819N;091142.6087E;439.517261;0.00;0.16;0.16;0.00
4489841;291116;224420.75;512145.6819N;091142.6087E;439.517261;0.00;0.16;0.16;0.00
4490043;291116;224421.75;512145.6819N;091142.6087E;439.517261;0.00;0.16;0.16;0.00
4490244;291116;224422.75;512145.6819N;091142.6087E;439.517261;0.00;0.16;0.16;0.00
4490446;291116;224423.75;512145.6819N;091142.6087E;439.517261;0.00;0.16;0.16;0.00
4490647;291116;224424.75;512145.6819N;091142.6087E;439.517261;0.00;0.16;0.16;0.00
4490851;291116;224425.91;512145.6819N;091142.6087E;439.517261;0.00;0.16;0.16;0.00
4491051;291116;224426.91;512145.6819N;091142.6087E;439.517261;0.00;0.16;0.16;0.00
4491251;291116;224427.90;512145.6819N;091142.6087E;439.517261;0.00;92.00;92.00;0.00
4491451;291116;224428.91;512145.6819N;091142.6087E;439.517261;0.00;0.16;0.16;0.00
4491651;291116;224429.91;512145.6819N;091142.6087E;439.517261;0.00;0.16;0.16;0.00
4491851;291116;224430.89;512145.6819N;091142.6087E;439.517261;0.00;0.16;0.16;0.00
4492051;291116;224431.91;512145.6819N;091142.6087E;439.517261;0.00;0.16;0.16;0.00
4492249;291116;224432.91;512145.6819N;091142.6087E;439.517261;0.00;0.16;0.16;0.00
4492449;291116;224433.90;512145.6819N;091142.6087E;439.517261;0.00;0.16;0.16;0.00
4492649;291116;224434.91;512145.6819N;091142.6087E;439.517261;0.00;0.16;0.16;0.00
4492849;291116;224435.91;512145.6819N;091142.6087E;439.517261;0.00;0.16;0.16;0.00
4493049;291116;224436.91;512145.6819N;091142.6087E;439.517261;0.00;0.16;0.16;0.00
4493249;291116;224437.91;512145.6819N;091142.6087E;439.517261;0.00;0.16;0.16;0.00
4493449;291116;224438.91;512145.6819N;091142.6087E;439.517261;0.00;0.16;0.16;0.00
4493649;291116;224439.90;512145.6819N;091142.6087E;439.517261;0.00;0.16;0.16;0.00
4493849;291116;224440.91;512145.6819N;091142.6087E;439.517261;0.00;0.16;0.16;0.00
4494049;291116;224441.91;512145.6819N;091142.6087E;439.517261;0.00;0.16;0.16;0.00
4494249;291116;224442.89;512145.6819N;091142.6087E;439.517261;0.00;0.16;0.16;0.00
4494449;291116;224443.91;512145.6819N;091142.6087E;439.517261;0.00;0.16;0.16;0.00
4494649;291116;224444.91;512145.6819N;091142.6087E;439.517261;0.00;0.16;0.16;0.00
4494850;291116;224445.75;512145.6819N;091142.6087E;439.517261;0.00;0.16;0.16;0.00
4495050;291116;224446.75;512145.6819N;091142.6087E;439.517261;0.00;0.16;0.16;0.00
4495248;291116;224447.75;512145.6819N;091142.6087E;439.517261;0.00;0.16;0.16;0.00
4495448;291116;224448.75;512145.6819N;091142.6087E;439.517261;0.00;0.16;0.16;0.00
4495648;291116;224449.75;512145.6819N;091142.6087E;439.517261;0.00;0.16;0.16;0.00
4495848;291116;224450.75;512145.6819N;091142.6087E;439.517261;0.00;0.16;0.16;0.00
4496048;291116;224451.91;512145.6819N;091142.6087E;439.517261;0.00;0.16;0.16;0.00
4496248;291116;224452.75;512145.6819N;091142.6087E;439.517261;0.00;0.16;0.16;0.00
4496448;291116;224453.92;512145.6819N;091142.6087E;439.517261;0.00;0.16;0.16;0.00
4496648;291116;224454.75;512145.6819N;091142.6087E;439.517261;0.00;0.16;0.16;0.00
4496847;291116;224455.75;512145.6819N;091142.6087E;439.517261;0.00;0.16;0.16;0.00
4497048;291116;224456.75;512145.6819N;091142.6087E;439.517261;0.00;0.16;0.16;0.00
4497248;291116;224457.75;512145.6819N;091142.6087E;439.517261;0.00;0.16;0.16;0.00
4497448;291116;224458.92;512145.6819N;091142.6087E;439.517261;0.00;0.16;0.16;0.00
4497648;291116;224459.75;512145.6819N;091142.6087E;439.517261;0.00;0.16;0.16;0.00
4497848;291116;224500.75;512145.6819N;091142.6087E;439.517261;0.00;0.16;0.16;0.00
4498048;291116;224501.75;512145.6819N;091142.6087E;439.517261;0.00;0.16;0.16;0.00
4498248;291116;224502.75;512145.6819N;091142.6087E;439.517261;0.00;0.16;0.16;0.00
4498447;291116;224503.75;512145.6819N;091142.6087E;439.517261;0.00;0.16;0.16;0.00
4498647;291116;224504.92;512145.6819N;091142.6087E;439.517261;0.00;0.16;0.16;0.00
4498847;291116;224505.75;512145.6819N;091142.6087E;439.517261;0.00;0.16;0.16;0.00
4499047;291116;224506.75;512145.6819N;091142.6087E;439.517261;0.00;0.16;0.16;0.00
4499247;291116;224507.91;512145.6819N;091142.6087E;439.517261;0.00;0.16;0.16;0.00
4499447;291116;224508.75;512145.6819N;091142.6087E;439.517261;0.00;0.16;0.16;0.00
4499647;291116;224509.75;512145.6819N;091142.6087E;439.517261;0.00;0.16;0.16;0.00
4499847;291116;224510.75;512145.6819N;091142.6087E;439.517261;0.00;0.16;0.16;0.00
4500047;291116;224511.92;512145.6819N;091142.6087E;439.517261;0.00;0.16;0.16;0.00
4500247;291116;224512.92;512145.6819N;091142.6087E;439.517261;0.00;0.16;0.16;0.00
4500437;291116;224513.75;512145.6819N;091142.6087E;439.517261;0.00;0.15;0.15;0.00
4500635;291116;224514.98;512145.6819N;091142.6087E;439.517261;0.00;0.16;0.16;0.00
4500835;291116;224515.97;512145.6819N;091142.6087E;439.517261;0.00;0.16;0.16;0.00
4501035;291116;224516.95;512145.6819N;091142.6087E;439.517261;0.00;0.16;0.16;0.00
4501235;291116;224517.96;512145.6819N;091142.6087E;439.517261;0.00;0.16;0.16;0.00
4501435;291116;224518.98;512145.6819N;091142.6087E;439.517261;0.00;0.16;0.16;0.00
4501635;291116;224519.97;512145.6819N;091142.6087E;439.517261;0.00;0.16;0.16;0.00
4501835;291116;224520.75;512145.6819N;091142.6087E;439.517261;0.00;0.16;0.16;0.00
4502035;291116;224521.96;512145.6819N;091142.6087E;439.517261;0.00;0.16;0.16;0.00
4502235;291116;224522.98;512145.6819N;091142.6087E;439.517261;0.00;0.16;0.16;0.00
4502435;291116;224523.98;512145.6819N;091142.6087E;439.517261;0.00;0.16;0.16;0.00
4502635;291116;224524.98;512145.6819N;091142.6087E;439.517261;0.00;0.16;0.16;0.00
4502835;291116;224525.98;512145.6819N;091142.6087E;439.517261;0.00;0.16;0.16;0.00
4503035;291116;224526.98;512145.6819N;091142.6087E;439.517261;0.00;0.16;0.16;0.00
4503235;291116;224527.96;512145.6819N;091142.6087E;439.517261;0.00;0.16;0.16;0.00
4503435;291116;224528.98;512145.6819N;091142.6087E;439.517261;0.00;0.16;0.16;0.00
4503635;291116;224529.96;512145.6819N;091142.6087E;439.517261;0.00;91.00;91.00;0.00
4503835;291116;224530.96;512145.6819N;091142.6087E;439.517261;0.00;0.16;0.16;0.00
4504035;291116;224531.96;512145.6819N;091142.6087E;439.517261;0.00;0.16;0.16;0.00
4504235;291116;224532.98;512145.6819N;091142.6087E;439.517261;0.00;0.16;0.16;0.00
4504435;291116;224533.97;512145.6819N;091142.6087E;439.517261;0.00;0.16;0.16;0.00
4504635;291116;224534.98;512145.6819N;091142.6087E;439.517261;0.00;0.16;0.16;0.00
4504835;291116;224535.75;512145.6819N;091142.6087E;439.517261;0.00;0.16;0.16;0.00
4505035;291116;224536.96;512145.6819N;091142.6087E;439.517261;0.00;0.16;0.16;0.00
4505235;291116;224537.95;512145.6819N;091142.6087E;439.517261;0.00;0.16;0.16;0.00
4505435;291116;224538.98;512145.6819N;091142.6087E;439.517261;0.00;0.16;0.16;0.00
4505635;291116;224539.95;512145.6819N;091142.6087E;439.517261;0.00;0.16;0.16;0.00
4505836;291116;224540.75;512145.6819N;091142.6087E;439.517261;0.00;0.16;0.16;0.00
4506036;291116;224541.85;512145.6819N;091142.6087E;439.517261;0.00;0.16;0.16;0.00
4506239;291116;224542.85;512145.6819N;091142.6087E;439.517261;0.00;0.16;0.16;0.00
4506442;291116;224543.85;512145.6819N;091142.6087E;439.517261;0.00;0.16;0.16;0.00
4506642;291116;224545.00;512145.6819N;091142.6087E;439.517261;0.00;0.16;0.16;0.00
4506842;291116;224545.85;512145.6819N;091142.6087E;439.517261;0.00;0.16;0.16;0.00
4507042;291116;224546.85;512145.6819N;091142.6087E;439.517261;0.00;0.16;0.16;0.00
4507242;291116;224547.85;512145.6819N;091142.6087E;439.517261;0.00;0.16;0.16;0.00
4507442;291116;224548.85;512145.6819N;091142.6087E;439.517261;0.00;0.16;0.16;0.00
4507642;291116;224549.85;512145.6819N;091142.6087E;439.517261;0.00;0.16;0.16;0.00
4507845;291116;224550.85;512145.6819N;091142.6087E;439.517261;0.00;0.16;0.16;0.00
4508045;291116;224552.01;512145.6819N;091142.6087E;439.517261;0.00;0.16;0.16;0.00
4508245;291116;224553.01;512145.6819N;091142.6087E;439.517261;0.00;0.16;0.16;0.00
4508445;291116;224553.85;512145.6819N;091142.6087E;439.517261;0.00;0.16;0.16;0.00
4508636;291116;224554.85;512145.6819N;091142.6087E;439.517261;0.00;0.16;0.16;0.00
4508830;291116;224556.01;512145.6819N;091142.6087E;439.517261;0.00;0.16;0.16;0.00
4509030;291116;224557.01;512145.6819N;091142.6087E;439.517261;0.00;0.16;0.16;0.00
4509230;291116;224558.01;512145.6819N;091142.6087E;439.517261;0.00;0.16;0.16;0.00
4509430;291116;224558.85;512145.6819N;091142.6087E;439.517261;0.00;0.16;0.16;0.00
4509630;291116;224600.00;512145.6819N;091142.6087E;439.517261;0.00;0.16;0.16;0.00
4509830;291116;224600.85;512145.6819N;091142.6087E;439.517261;0.00;0.16;0.16;0.00
4510030;291116;224601.85;512145.6819N;091142.6087E;439.517261;0.00;0.16;0.16;0.00
4510230;291116;224603.02;512145.6819N;091142.6087E;439.517261;0.00;0.16;0.16;0.00
4510430;291116;224604.02;512145.6819N;091142.6087E;439.517261;0.00;0.16;0.16;0.00
4510630;291116;224605.01;512145.6819N;091142.6087E;439.517261;0.00;91.00;91.00;0.00
4510830;291116;224605.85;512145.6819N;091142.6087E;439.517261;0.00;0.16;0.16;0.00
4511030;291116;224607.02;512145.6819N;091142.6087E;439.517261;0.00;0.16;0.16;0.00
4511230;291116;224607.99;512145.6819N;091142.6087E;439.517261;0.00;0.16;0.16;0.00
4511430;291116;224609.00;512145.6819N;091142.6087E;439.517261;0.00;0.16;0.16;0.00
4511634;291116;224609.85;512145.6819N;091142.6087E;439.517261;0.00;0.16;0.16;0.00
4511833;291116;224610.85;512145.6819N;091142.6087E;439.517261;0.00;0.16;0.16;0.00
4512033;291116;224611.85;512145.6819N;091142.6087E;439.517261;0.00;0.16;0.16;0.00
4512233;291116;224612.85;512145.6819N;091142.6087E;439.517261;0.00;91.00;91.00;0.00
4512431;291116;224613.85;512145.6819N;091142.6087E;439.517261;0.00;0.16;0.16;0.00
4512633;291116;224615.05;512145.6819N;091142.6087E;439.517261;0.00;0.16;0.16;0.00
4512831;291116;224615.85;512145.6819N;091142.6087E;439.517261;0.00;0.16;0.16;0.00
4513032;291116;224616.85;512145.6819N;091142.6087E;439.517261;0.00;0.16;0.16;0.00
4513232;291116;224618.04;512145.6819N;091142.6087E;439.517261;0.00;0.16;0.16;0.00
4513431;291116;224619.05;512145.6819N;091142.6087E;439.517261;0.00;0.16;0.16;0.00
4513631;291116;224620.07;512145.6819N;091142.6087E;439.517261;0.00;0.16;0.16;0.00
4513832;291116;224621.05;512145.6819N;091142.6087E;439.517261;0.00;0.16;0.16;0.00
4514032;291116;224622.07;512145.6819N;091142.6087E;439.517261;0.00;0.16;0.16;0.00
4514232;291116;224623.06;512145.6819N;091142.6087E;439.517261;0.00;0.16;0.16;0.00
4514432;291116;224624.04;512145.6819N;091142.6087E;439.517261;0.00;0.16;0.16;0.00
4514632;291116;224625.07;512145.6819N;091142.6087E;439.517261;0.00;0.16;0.16;0.00
4514823;291116;224626.06;512145.6819N;091142.6087E;439.517261;0.00;0.16;0.16;0.00
4515023;291116;224627.05;512145.6819N;091142.6087E;439.517261;0.00;0.16;0.16;0.00
4515221;291116;224628.07;512145.6819N;091142.6087E;439.517261;0.00;0.16;0.16;0.00
4515421;291116;224629.07;512145.6819N;091142.6087E;439.517261;0.00;0.16;0.16;0.00
4515621;291116;224630.05;512145.6819N;091142.6087E;439.517261;0.00;0.16;0.16;0.00
4515821;291116;224631.07;512145.6819N;091142.6087E;439.517261;0.00;0.16;0.16;0.00
4516021;291116;224632.07;512145.6819N;091142.6087E;439.517261;0.00;0.16;0.16;0.00
4516221;291116;224633.05;512145.6819N;091142.6087E;439.517261;0.00;0.16;0.16;0.00
4516421;291116;224634.07;512145.6819N;091142.6087E;439.517261;0.00;0.16;0.16;0.00
4516621;291116;224635.07;512145.6819N;091142.6087E;439.517261;0.00;0.16;0.16;0.00
4516821;291116;224636.05;512145.6819N;091142.6087E;439.517261;0.00;0.16;0.16;0.00
4517021;291116;224637.07;512145.6819N;091142.6087E;439.517261;0.00;0.16;0.16;0.00
4517221;291116;224637.95;512145.6819N;091142.6087E;439.517261;0.00;0.15;0.15;0.00
4517414;291116;224638.95;512145.6819N;091142.6087E;439.517261;0.00;0.16;0.16;0.00
4517616;291116;224640.10;512145.6819N;091142.6087E;439.517261;0.00;0.16;0.16;0.00
4517814;291116;224640.95;512145.6819N;091142.6087E;439.517261;0.00;0.16;0.16;0.00
4518004;291116;224641.95;512145.6819N;091142.6087E;439.517261;0.00;89.00;89.00;0.00
4518200;291116;224643.12;512145.6819N;091142.6087E;439.517261;0.00;0.16;0.16;0.00
4518391;291116;224644.12;512145.6819N;091142.6087E;439.517261;0.00;0.16;0.16;0.00
4518589;291116;224644.95;512145.6819N;091142.6087E;439.517261;0.00;0.16;0.16;0.00
4518776;291116;224646.12;512145.6819N;091142.6087E;439.517261;0.00;0.16;0.16;0.00
4518976;291116;224646.95;512145.6819N;091142.6087E;439.517261;0.00;0.16;0.16;0.00
4519170;291116;224648.13;512145.6819N;091142.6087E;439.517261;0.00;0.16;0.16;0.00
4519360;291116;224648.95;512145.6819N;091142.6087E;439.517261;0.00;0.16;0.16;0.00
4519546;291116;224650.12;512145.6819N;091142.6087E;439.517261;0.00;0.16;0.16;0.00
4519743;291116;224651.13;512145.6819N;091142.6087E;439.517261;0.00;0.16;0.16;0.00
4519929;291116;224652.12;512145.6819N;091142.6087E;439.517261;0.00;0.16;0.16;0.00
4520129;291116;224653.12;512145.6819N;091142.6087E;439.517261;0.00;92.00;92.00;0.00
4520323;291116;224654.11;512145.6819N;091142.6087E;439.517261;0.00;0.16;0.16;0.00
4520523;291116;224655.12;512145.6819N;091142.6087E;439.517261;0.00;0.16;0.16;0.00
4520713;291116;224655.95;512145.6819N;091142.6087E;439.517261;0.00;0.16;0.16;0.00
4520912;291116;224657.11;512145.6819N;091142.6087E;439.517261;0.00;0.16;0.16;0.00
4521109;291116;224657.95;512145.6819N;091142.6087E;439.517261;0.00;0.16;0.16;0.00
4521308;291116;224659.12;512145.6819N;091142.6087E;439.517261;0.00;0.16;0.16;0.00
4521507;291116;224700.11;512145.6819N;091142.6087E;439.517261;0.00;0.16;0.16;0.00
4521705;291116;224700.95;512145.6819N;091142.6087E;439.517261;0.00;0.16;0.16;0.00
4521901;291116;224701.95;512145.6819N;091142.6087E;439.517261;0.00;0.16;0.16;0.00
4522098;291116;224703.12;512145.6819N;091142.6087E;439.517261;0.00;0.16;0.16;0.00
4522293;291116;224703.95;512145.6819N;091142.6087E;439.517261;0.00;0.16;0.16;0.00
4522474;291116;224705.12;512145.6819N;091142.6087E;439.517261;0.00;0.16;0.16;0.00
4522673;291116;224705.95;512145.6819N;091142.6087E;439.517261;0.00;0.15;0.15;0.00
4522867;291116;224707.16;512145.6819N;091142.6087E;439.517261;0.00;0.16;0.16;0.00
4523065;291116;224707.95;512145.6819N;091142.6087E;439.517261;0.00;0.16;0.16;0.00
4523264;291116;224709.14;512145.6819N;091142.6087E;439.517261;0.00;0.16;0.16;0.00
4523449;291116;224710.16;512145.6819N;091142.6087E;439.517261;0.00;0.16;0.16;0.00
4523641;291116;224711.16;512145.6819N;091142.6087E;439.517261;0.00;0.16;0.16;0.00
4523841;291116;224712.14;512145.6819N;091142.6087E;439.517261;0.00;0.16;0.16;0.00
4524041;291116;224713.15;512145.6819N;091142.6087E;439.517261;0.00;0.16;0.16;0.00
4524239;291116;224714.13;512145.6819N;091142.6087E;439.517261;0.00;0.16;0.16;0.00
4524433;291116;224714.95;512145.6819N;091142.6087E;439.517261;0.00;0.16;0.16;0.00
4524617;291116;224716.15;512145.6819N;091142.6087E;439.517261;0.00;0.16;0.16;0.00
4524814;291116;224717.16;512145.6819N;091142.6087E;439.517261;0.00;0.16;0.16;0.00
4524972;291116;224718.14;512145.6819N;091142.6087E;439.517261;0.00;0.16;0.16;0.00
4525167;291116;224719.16;512145.6819N;091142.6087E;439.517261;0.00;0.16;0.16;0.00
4525359;291116;224720.15;512145.6819N;091142.6087E;439.517261;0.00;0.16;0.16;0.00
4525555;291116;224721.15;512145.6819N;091142.6087E;439.517261;0.00;0.16;0.16;0.00
4525745;291116;224722.16;512145.6819N;091142.6087E;439.517261;0.00;0.16;0.16;0.00
4525942;291116;224723.14;512145.6819N;091142.6087E;439.517261;0.00;0.16;0.16;0.00
4526138;291116;224724.14;512145.6819N;091142.6087E;439.517261;0.00;0.16;0.16;0.00
4526338;291116;224725.14;512145.6819N;091142.6087E;439.517261;0.00;0.16;0.16;0.00
4526531;291116;224726.13;512145.6819N;091142.6087E;439.517261;0.00;0.16;0.16;0.00
4526730;291116;224727.15;512145.6819N;091142.6087E;439.517261;0.00;0.16;0.16;0.00
4526917;291116;224728.16;512145.6819N;091142.6087E;439.517261;0.00;0.16;0.16;0.00
4527117;291116;224729.13;512145.6819N;091142.6087E;439.517261;0.00;0.16;0.16;0.00
4527317;291116;224730.14;512145.6819N;091142.6087E;439.517261;0.00;0.16;0.16;0.00
4527501;291116;224731.14;512145.6819N;091142.6087E;439.517261;0.00;0.16;0.16;0.00
4527686;291116;224732.17;512145.6819N;091142.6087E;439.517261;0.00;0.16;0.16;0.00
4527886;291116;224733.14;512145.6819N;091142.6087E;439.517261;0.00;0.16;0.16;0.00
4528071;291116;224734.05;512145.6819N;091142.6087E;439.517261;0.00;0.16;0.16;0.00
4528270;291116;224735.05;512145.6819N;091142.6087E;439.517261;0.00;0.16;0.16;0.00
4528470;291116;224736.05;512145.6819N;091142.6087E;439.517261;0.00;0.16;0.16;0.00
4528666;291116;224737.05;512145.6819N;091142.6087E;439.517261;0.00;94.00;94.00;0.00
4528849;291116;224738.05;512145.6819N;091142.6087E;439.517261;0.00;0.16;0.16;0.00
4529030;291116;224739.18;512145.6819N;091142.6087E;439.517261;0.00;0.16;0.16;0.00
4529210;291116;224740.18;512145.6819N;091142.6087E;439.517261;0.00;0.16;0.16;0.00
4529387;291116;224741.05;512145.6819N;091142.6087E;439.517261;0.00;0.16;0.16;0.00
4529581;291116;224742.21;512145.6819N;091142.6087E;439.517261;0.00;0.16;0.16;0.00
4529765;291116;224743.20;512145.6819N;091142.6087E;439.517261;0.00;0.16;0.16;0.00
4529957;291116;224744.18;512145.6819N;091142.6087E;439.517261;0.00;0.16;0.16;0.00
4530137;291116;224745.20;512145.6819N;091142.6087E;439.517261;0.00;0.16;0.16;0.00
4530325;291116;224746.21;512145.6819N;091142.6087E;439.517261;0.00;0.15;0.15;0.00
4530517;291116;224747.20;512145.6819N;091142.6087E;439.517261;0.00;0.16;0.16;0.00
4530717;291116;224748.19;512145.6819N;091142.6087E;439.517261;0.00;0.16;0.16;0.00
4530917;291116;224749.20;512145.6819N;091142.6087E;439.517261;0.00;0.16;0.16;0.00
4531103;291116;224750.20;512145.6819N;091142.6087E;439.517261;0.00;0.16;0.16;0.00
4531303;291116;224751.20;512145.6819N;091142.6087E;439.517261;0.00;0.16;0.16;0.00
4531482;291116;224752.21;512145.6819N;091142.6087E;439.517261;0.00;0.16;0.16;0.00
4531682;291116;224753.20;512145.6819N;091142.6087E;439.517261;0.00;0.16;0.16;0.00
4531882;291116;224754.18;512145.6819N;091142.6087E;439.517261;0.00;0.16;0.16;0.00
4532084;291116;224755.05;512145.6819N;091142.6087E;439.517261;0.00;92.00;92.00;0.00
4532269;291116;224756.19;512145.6819N;091142.6087E;439.517261;0.00;0.16;0.16;0.00
4532468;291116;224757.20;512145.6819N;091142.6087E;439.517261;0.00;0.16;0.16;0.00
4532659;291116;224758.21;512145.6819N;091142.6087E;439.517261;0.00;0.16;0.16;0.00
4532843;291116;224759.05;512145.6819N;091142.6087E;439.517261;0.00;0.16;0.16;0.00
4533043;291116;224800.19;512145.6819N;091142.6087E;439.517261;0.00;0.16;0.16;0.00
4533243;291116;224801.20;512145.6819N;091142.6087E;439.517261;0.00;0.16;0.16;0.00
4533446;291116;224802.05;512145.6819N;091142.6087E;439.517261;0.00;0.15;0.15;0.00
4533640;291116;224803.23;512145.6819N;091142.6087E;439.517261;0.00;0.16;0.16;0.00
4533840;291116;224804.23;512145.6819N;091142.6087E;439.517261;0.00;0.16;0.16;0.00
4534041;291116;224805.23;512145.6819N;091142.6087E;439.517261;0.00;0.16;0.16;0.00
4534241;291116;224806.23;512145.6819N;091142.6087E;439.517261;0.00;0.16;0.16;0.00
4534441;291116;224807.21;512145.6819N;091142.6087E;439.517261;0.00;0.16;0.16;0.00
4534641;291116;224808.23;512145.6819N;091142.6087E;439.517261;0.00;0.16;0.16;0.00
4534841;291116;224809.22;512145.6819N;091142.6087E;439.517261;0.00;0.16;0.16;0.00
4535041;291116;224810.23;512145.6819N;091142.6087E;439.517261;0.00;0.16;0.16;0.00
4535241;291116;224811.23;512145.6819N;091142.6087E;439.517261;0.00;0.16;0.16;0.00
4535441;291116;224812.23;512145.6819N;091142.6087E;439.517261;0.00;0.16;0.16;0.00
4535641;291116;224813.23;512145.6819N;091142.6087E;439.517261;0.00;0.16;0.16;0.00
4535841;291116;224814.22;512145.6819N;091142.6087E;439.517261;0.00;0.16;0.16;0.00
4536041;291116;224815.21;512145.6819N;091142.6087E;439.517261;0.00;0.16;0.16;0.00
4536241;291116;224816.21;512145.6819N;091142.6087E;439.517261;0.00;0.16;0.16;0.00
4536441;291116;224817.23;512145.6819N;091142.6087E;439.517261;0.00;0.16;0.16;0.00
4536642;291116;224818.23;512145.6819N;091142.6087E;439.517261;0.00;0.16;0.16;0.00
4536842;291116;224819.05;512145.6819N;091142.6087E;439.517261;0.00;0.16;0.16;0.00
4537042;291116;224820.23;512145.6819N;091142.6087E;439.517261;0.00;0.16;0.16;0.00
4537230;291116;224821.23;512145.6819N;091142.6087E;439.517261;0.00;0.16;0.16;0.00
4537430;291116;224822.23;512145.6819N;091142.6087E;439.517261;0.00;0.16;0.16;0.00
4537630;291116;224823.22;512145.6819N;091142.6087E;439.517261;0.00;0.16;0.16;0.00
4537830;291116;224824.23;512145.6819N;091142.6087E;439.517261;0.00;0.16;0.16;0.00
4538030;291116;224825.25;512145.6819N;091142.6087E;439.517261;0.00;0.16;0.16;0.00
4538230;291116;224826.23;512145.6819N;091142.6087E;439.517261;0.00;0.16;0.16;0.00
4538430;291116;224827.25;512145.6819N;091142.6087E;439.517261;0.00;0.16;0.16;0.00
4538630;291116;224828.23;512145.6819N;091142.6087E;439.517261;0.00;0.16;0.16;0.00
4538830;291116;224829.23;512145.6819N;091142.6087E;439.517261;0.00;0.16;0.16;0.00
4539032;291116;224830.05;512145.6819N;091142.6087E;439.517261;0.00;0.16;0.16;0.00
4539233;291116;224831.27;512145.6819N;091142.6087E;439.517261;0.00;0.16;0.16;0.00
4539433;291116;224832.25;512145.6819N;091142.6087E;439.517261;0.00;0.16;0.16;0.00
4539633;291116;224833.27;512145.6819N;091142.6087E;439.517261;0.00;0.16;0.16;0.00
4539833;291116;224834.27;512145.6819N;091142.6087E;439.517261;0.00;0.16;0.16;0.00
4540033;291116;224835.25;512145.6819N;091142.6087E;439.517261;0.00;0.16;0.16;0.00
4540233;291116;224836.25;512145.6819N;091142.6087E;439.517261;0.00;0.16;0.16;0.00
4540433;291116;224837.25;512145.6819N;091142.6087E;439.517261;0.00;0.16;0.16;0.00
4540633;291116;224838.27;512145.6819N;091142.6087E;439.517261;0.00;0.16;0.16;0.00
4540834;291116;224839.27;512145.6819N;091142.6087E;439.517261;0.00;0.16;0.16;0.00
4541034;291116;224840.25;512145.6819N;091142.6087E;439.517261;0.00;0.16;0.16;0.00
4541234;291116;224841.26;512145.6819N;091142.6087E;439.517261;0.00;0.16;0.16;0.00
4541434;291116;224842.25;512145.6819N;091142.6087E;439.517261;0.00;0.16;0.16;0.00
4541624;291116;224843.27;512145.6819N;091142.6087E;439.517261;0.00;0.16;0.16;0.00
4541824;291116;224844.27;512145.6819N;091142.6087E;439.517261;0.00;0.16;0.16;0.00
4542024;291116;224845.25;512145.6819N;091142.6087E;439.517261;0.00;0.16;0.16;0.00
4542224;291116;224846.26;512145.6819N;091142.6087E;439.517261;0.00;0.16;0.16;0.00
4542424;291116;224847.27;512145.6819N;091142.6087E;439.517261;0.00;0.16;0.16;0.00
4542623;291116;224848.25;512145.6819N;091142.6087E;439.517261;0.00;0.16;0.16;0.00
4542823;291116;224849.27;512145.6819N;091142.6087E;439.517261;0.00;0.16;0.16;0.00
4543023;291116;224850.26;512145.6819N;091142.6087E;439.517261;0.00;91.00;91.00;0.00
4543223;291116;224851.25;512145.6819N;091142.6087E;439.517261;0.00;0.16;0.16;0.00
4543423;291116;224852.25;512145.6819N;091142.6087E;439.517261;0.00;0.16;0.16;0.00
4543623;291116;224853.27;512145.6819N;091142.6087E;439.517261;0.00;0.16;0.16;0.00
4543818;291116;224854.25;512145.6819N;091142.6087E;439.517261;0.00;0.16;0.16;0.00
4544018;291116;224855.27;512145.6819N;091142.6087E;439.517261;0.00;0.16;0.16;0.00
4544218;291116;224856.26;512145.6819N;091142.6087E;439.517261;0.00;0.16;0.16;0.00
4544418;291116;224857.25;512145.6819N;091142.6087E;439.517261;0.00;0.16;0.16;0.00
4544619;291116;224858.15;512145.6819N;091142.6087E;439.517261;0.00;0.16;0.16;0.00
4544817;291116;224859.15;512145.6819N;091142.6087E;439.517261;0.00;0.16;0.16;0.00
4545001;291116;224900.15;512145.6819N;091142.6087E;439.517261;0.00;0.16;0.16;0.00
4545206;291116;224901.15;512145.6819N;091142.6087E;439.517261;0.00;0.16;0.16;0.00
4545382;291116;224902.29;512145.6819N;091142.6087E;439.517261;0.00;0.16;0.16;0.00
4545581;291116;224903.29;512145.6819N;091142.6087E;439.517261;0.00;0.16;0.16;0.00
4545781;291116;224904.30;512145.6819N;091142.6087E;439.517261;0.00;0.16;0.16;0.00
4545982;291116;224905.15;512145.6819N;091142.6087E;439.517261;0.00;0.16;0.16;0.00
4546182;291116;224906.29;512145.6819N;091142.6087E;439.517261;0.00;0.16;0.16;0.00
4546382;291116;224907.31;512145.6819N;091142.6087E;439.517261;0.00;0.16;0.16;0.00
4546584;291116;224908.31;512145.6819N;091142.6087E;439.517261;0.00;0.16;0.16;0.00
4546784;291116;224909.29;512145.6819N;091142.6087E;439.517261;0.00;0.16;0.16;0.00
4546984;291116;224910.32;512145.6819N;091142.6087E;439.517261;0.00;0.16;0.16;0.00
4547184;291116;224911.31;512145.6819N;091142.6087E;439.517261;0.00;0.16;0.16;0.00
4547384;291116;224912.30;512145.6819N;091142.6087E;439.517261;0.00;0.16;0.16;0.00
4547584;291116;224913.31;512145.6819N;091142.6087E;439.517261;0.00;0.16;0.16;0.00
4547785;291116;224914.31;512145.6819N;091142.6087E;439.517261;0.00;0.16;0.16;0.00
4547986;291116;224915.30;512145.6819N;091142.6087E;439.517261;0.00;0.16;0.16;0.00
4548185;291116;224916.31;512145.6819N;091142.6087E;439.517261;0.00;0.16;0.16;0.00
4548385;291116;224917.31;512145.6819N;091142.6087E;439.517261;0.00;0.16;0.16;0.00
4548585;291116;224918.32;512145.6819N;091142.6087E;439.517261;0.00;0.16;0.16;0.00
4548785;291116;224919.32;512145.6819N;091142.6087E;439.517261;0.00;0.16;0.16;0.00
4548984;291116;224920.32;512145.6819N;091142.6087E;439.517261;0.00;0.16;0.16;0.00
4549184;291116;224921.32;512145.6819N;091142.6087E;439.517261;0.00;0.16;0.16;0.00
4549384;291116;224922.31;512145.6819N;091142.6087E;439.517261;0.00;0.16;0.16;0.00
4549583;291116;224923.35;512145.6819N;091142.6087E;439.517261;0.00;0.16;0.16;0.00
4549783;291116;224924.35;512145.6819N;091142.6087E;439.517261;0.00;0.16;0.16;0.00
4549983;291116;224925.35;512145.6819N;091142.6087E;439.517261;0.00;0.16;0.16;0.00
4550183;291116;224926.15;512145.6819N;091142.6087E;439.517261;0.00;0.16;0.16;0.00
4550383;291116;224927.34;512145.6819N;091142.6087E;439.517261;0.00;0.16;0.16;0.00
4550582;291116;224928.15;512145.6819N;091142.6087E;439.517261;0.00;0.16;0.16;0.00
4550782;291116;224929.34;512145.6819N;091142.6087E;439.517261;0.00;0.16;0.16;0.00
4550981;291116;224930.15;512145.6819N;091142.6087E;439.517261;0.00;0.16;0.16;0.00
4551181;291116;224931.35;512145.6819N;091142.6087E;439.517261;0.00;0.16;0.16;0.00
4551350;291116;224932.33;512145.6819N;091142.6087E;439.517261;0.00;0.16;0.16;0.00
4551550;291116;224933.36;512145.6819N;091142.6087E;439.517261;0.00;0.16;0.16;0.00
4551751;291116;224934.36;512145.6819N;091142.6087E;439.517261;0.00;0.16;0.16;0.00
4551950;291116;224935.34;512145.6819N;091142.6087E;439.517261;0.00;0.16;0.16;0.00
4552146;291116;224936.36;512145.6819N;091142.6087E;439.517261;0.00;0.16;0.16;0.00
4552346;291116;224937.36;512145.6819N;091142.6087E;439.517261;0.00;0.16;0.16;0.00
4552544;291116;224938.36;512145.6819N;091142.6087E;439.517261;0.00;0.16;0.16;0.00
4552745;291116;224939.36;512145.6819N;091142.6087E;439.517261;0.00;0.16;0.16;0.00
4552944;291116;224940.36;512145.6819N;091142.6087E;439.517261;0.00;0.16;0.16;0.00
4553144;291116;224941.34;512145.6819N;091142.6087E;439.517261;0.00;0.16;0.16;0.00
4553339;291116;224942.36;512145.6819N;091142.6087E;439.517261;0.00;0.16;0.16;0.00
4553539;291116;224943.36;512145.6819N;091142.6087E;439.517261;0.00;0.16;0.16;0.00
4553739;291116;224944.36;512145.6819N;091142.6087E;439.517261;0.00;0.16;0.16;0.00
4553939;291116;224945.36;512145.6819N;091142.6087E;439.517261;0.00;0.16;0.16;0.00
4554137;291116;224946.35;512145.6819N;091142.6087E;439.517261;0.00;0.16;0.16;0.00
4554337;291116;224947.36;512145.6819N;091142.6087E;439.517261;0.00;0.16;0.16;0.00
4554535;291116;224948.35;512145.6819N;091142.6087E;439.517261;0.00;0.16;0.16;0.00
4554719;291116;224949.35;512145.6819N;091142.6087E;439.517261;0.00;0.16;0.16;0.00
4554918;291116;224950.35;512145.6819N;091142.6087E;439.517261;0.00;0.16;0.16;0.00
4555118;291116;224951.35;512145.6819N;091142.6087E;439.517261;0.00;0.16;0.16;0.00
4555319;291116;224952.35;512145.6819N;091142.6087E;439.517261;0.00;0.16;0.16;0.00
4555519;291116;224953.35;512145.6819N;091142.6087E;439.517261;0.00;0.16;0.16;0.00
4555724;291116;224954.25;512145.6819N;091142.6087E;439.517261;0.00;0.16;0.16;0.00
4555922;291116;224955.40;512145.6819N;091142.6087E;439.517261;0.00;0.16;0.16;0.00
4556080;291116;224956.41;512145.6819N;091142.6087E;439.517261;0.00;0.16;0.16;0.00
4556279;291116;224957.40;512145.6819N;091142.6087E;439.517261;0.00;0.16;0.16;0.00
4556447;291116;224958.25;512145.6819N;091142.6087E;439.517261;0.00;0.16;0.16;0.00
4556646;291116;224959.41;512145.6819N;091142.6087E;439.517261;0.00;0.16;0.16;0.00
