2227041;281116;174001.00;512022.0706N;091001.6307E;309.506150;-260.00;0.00;179.00;-8.00
2227241;281116;174002.00;512022.0706N;091001.6307E;309.506150;-260.00;0.00;179.00;-8.00
2227441;281116;174003.00;512022.0706N;091001.6307E;309.506150;-260.00;0.00;179.00;-8.00
2227641;281116;174004.00;512022.0706N;091001.6307E;309.506150;-260.00;0.00;179.00;-8.00
2227841;281116;174005.00;512022.0706N;091001.6307E;309.506150;-260.00;0.00;179.00;-8.00
2228041;281116;174006.00;512022.0706N;091001.6307E;309.506150;-260.00;0.00;179.00;-8.00
2228241;281116;174007.00;512022.0706N;091001.6307E;309.506150;-260.00;0.00;179.00;-8.00
2228440;281116;174008.00;512022.0706N;091001.6307E;309.506150;-260.00;0.00;179.00;-8.00
2228632;281116;174009.00;512022.0706N;091001.6307E;309.506150;-260.00;0.00;179.00;-8.00
2228832;281116;174010.00;512022.0706N;091001.6307E;309.506150;-260.00;0.00;179.00;-8.00
2229032;281116;174011.00;512022.0706N;091001.6307E;309.506150;-260.00;0.00;179.00;-8.00
2229232;281116;174012.00;512022.0706N;091001.6307E;309.506150;-260.00;0.00;179.00;-8.00
2229432;281116;174013.00;512022.0706N;091001.6307E;309.506150;-260.00;0.00;179.00;-8.00
2229632;281116;174014.00;512022.0706N;091001.6307E;309.506150;-260.00;0.00;179.00;-8.00
2229832;281116;174015.00;512022.0706N;091001.6307E;309.506150;-260.00;0.00;179.00;-8.00
2230032;281116;174016.00;512022.0706N;091001.6307E;309.506150;-260.00;0.00;179.00;-8.00
2230231;281116;174017.00;512022.0706N;091001.6307E;309.506150;-260.00;0.00;179.00;-8.00
2230428;281116;174018.00;512022.0706N;091001.6307E;309.506150;-260.00;0.00;179.00;-8.00
2230629;281116;174019.00;512022.0706N;091001.6307E;309.506150;-260.00;0.00;179.00;-8.00
2230829;281116;174020.00;512022.0706N;091001.6307E;309.506150;-260.00;0.00;179.00;-8.00
2231029;281116;174021.00;512022.0706N;091001.6307E;309.506150;-260.00;0.00;179.00;-8.00
2231229;281116;174022.00;512022.0706N;091001.6307E;309.506150;-260.00;0.00;179.00;-8.00
2231429;281116;174023.00;512022.0706N;091001.6307E;309.506150;-260.00;0.00;179.00;-8.00
2231629;281116;174024.00;512022.0706N;091001.6307E;309.506150;-260.00;0.00;179.00;-8.00
2231829;281116;174025.00;512022.0706N;091001.6307E;309.506150;-260.00;0.00;179.00;-8.00
2232029;281116;174026.00;512022.0706N;091001.6307E;309.506150;-260.00;0.00;179.00;-8.00
2232229;281116;174027.00;512022.0706N;091001.6307E;309.506150;-260.00;0.00;179.00;-8.00
2232429;281116;174028.00;512022.0706N;091001.6307E;309.506150;-260.00;0.00;179.00;-8.00
2232629;281116;174029.00;512022.0706N;091001.6307E;309.506150;-260.00;0.00;179.00;-8.00
2232829;281116;174030.00;512022.0706N;091001.6307E;309.506150;-260.00;0.00;179.00;-8.00
2233029;281116;174031.00;512022.0706N;091001.6307E;309.506150;-260.00;0.00;179.00;-8.00
2233229;281116;174032.00;512022.0706N;091001.6307E;309.506150;-260.00;0.00;179.00;-8.00
2233419;281116;174033.00;512022.0706N;091001.6307E;309.506150;-260.00;0.00;179.00;-8.00
2233619;281116;174034.00;512022.0706N;091001.6307E;309.506150;-260.00;0.00;179.00;-8.00
2233819;281116;174035.00;512022.0706N;091001.6307E;309.506150;-260.00;0.00;179.00;-8.00
2234019;281116;174036.00;512022.0706N;091001.6307E;309.506150;-260.00;0.00;179.00;-8.00
2234219;281116;174037.00;512022.0706N;091001.6307E;309.506150;-260.00;0.00;179.00;-8.00
2234419;281116;174038.00;512022.0706N;091001.6307E;309.506150;-260.00;0.00;179.00;-8.00
2234619;281116;174039.00;512022.0706N;091001.6307E;309.506150;-260.00;0.00;179.00;-8.00
2234819;281116;174040.00;512022.0706N;091001.6307E;309.506150;-260.00;0.00;179.00;-8.00
2235019;281116;174041.00;512022.0706N;091001.6307E;309.506150;-260.00;0.00;179.00;-8.00
2235219;281116;174042.00;512022.0706N;091001.6307E;309.506150;-260.00;0.00;179.00;-8.00
2235419;281116;174043.00;512022.0706N;091001.6307E;309.506150;-260.00;0.00;179.00;-8.00
2235619;281116;174044.00;512022.0706N;091001.6307E;309.506150;-260.00;0.00;179.00;-8.00
2235819;281116;174045.00;512022.0706N;091001.6307E;309.506150;-260.00;0.00;179.00;-8.00
2236019;281116;174046.00;512022.0706N;091001.6307E;309.506150;-260.00;0.00;179.00;-8.00
2236219;281116;174047.00;512022.0706N;091001.6307E;309.506150;-260.00;0.00;179.00;-8.00
2236419;281116;174048.00;512022.0706N;091001.6307E;309.506150;-260.00;0.00;179.00;-8.00
2236619;281116;174049.00;512022.0706N;091001.6307E;309.506150;-260.00;0.00;179.00;-8.00
2236819;281116;174050.00;512022.0706N;091001.6307E;309.506150;-260.00;0.00;179.00;-8.00
2237019;281116;174051.00;512022.0706N;091001.6307E;309.506150;-260.00;0.00;179.00;-8.00
2237219;281116;174052.00;512022.0706N;091001.6307E;309.506150;-260.00;0.00;179.00;-8.00
2237419;281116;174053.00;512022.0706N;091001.6307E;309.506150;-260.00;0.00;179.00;-8.00
2237619;281116;174054.00;512022.0706N;091001.6307E;309.506150;-260.00;0.00;179.00;-8.00
2237819;281116;174055.00;512022.0706N;091001.6307E;309.506150;-260.00;0.00;179.00;-8.00
2238019;281116;174056.00;512022.0706N;091001.6307E;309.506150;-260.00;0.00;179.00;-8.00
2238219;281116;174057.00;512022.0706N;091001.6307E;309.506150;-260.00;0.00;179.00;-8.00
2238419;281116;174058.00;512022.0706N;091001.6307E;309.506150;-260.00;0.00;179.00;-8.00
2238600;281116;174059.00;512022.0706N;091001.6307E;309.506150;-260.00;0.00;179.00;-8.00
2238800;281116;174100.00;512022.0706N;091001.6307E;309.506150;-260.00;0.00;179.00;-8.00
2239000;281116;174101.00;512022.0706N;091001.6307E;309.506150;-260.00;0.00;179.00;-8.00
2239198;281116;174102.00;512022.0706N;091001.6307E;309.506150;-260.00;0.00;179.00;-8.00
2239398;281116;174103.00;512022.0706N;091001.6307E;309.506150;-260.00;0.00;179.00;-8.00
2239598;281116;174104.00;512022.0706N;091001.6307E;309.506150;-260.00;0.00;179.00;-8.00
2239798;281116;174105.00;512022.0706N;091001.6307E;309.506150;-260.00;0.00;179.00;-8.00
2239998;281116;174106.00;512022.0706N;091001.6307E;309.506150;-260.00;0.00;179.00;-8.00
2240198;281116;174107.00;512022.0706N;091001.6307E;309.506150;-260.00;0.00;179.00;-8.00
2240398;281116;174108.00;512022.0706N;091001.6307E;309.506150;-260.00;0.00;179.00;-8.00
2240598;281116;174109.00;512022.0706N;091001.6307E;309.506150;-260.00;0.00;179.00;-8.00
2240798;281116;174110.00;512022.0706N;091001.6307E;309.506150;-260.00;0.00;179.00;-8.00
2240998;281116;174111.00;512022.0706N;091001.6307E;309.506150;-260.00;0.00;179.00;-8.00
2241198;281116;174112.00;512022.0706N;091001.6307E;309.506150;-260.00;0.00;179.00;-8.00
2241398;281116;174113.00;512022.0706N;091001.6307E;309.506150;-260.00;0.00;179.00;-8.00
2241598;281116;174114.00;512022.0706N;091001.6307E;309.506150;-260.00;0.00;179.00;-8.00
2241798;281116;174115.00;512022.0706N;091001.6307E;309.506150;-260.00;0.00;179.00;-8.00
2241998;281116;174116.00;512022.0706N;091001.6307E;309.506150;-260.00;0.00;179.00;-8.00
2242198;281116;174117.00;512022.0706N;091001.6307E;309.506150;-260.00;0.00;179.00;-8.00
2242398;281116;174118.00;512022.0706N;091001.6307E;309.506150;-260.00;0.00;179.00;-8.00
2242598;281116;174119.00;512022.0706N;091001.6307E;309.506150;-260.00;0.00;179.00;-8.00
2242798;281116;174120.00;512022.0706N;091001.6307E;309.506150;-260.00;0.00;179.00;-8.00
2242998;281116;174121.00;512022.0706N;091001.6307E;309.506150;-260.00;0.00;179.00;-8.00
2243198;281116;174122.00;512022.0706N;091001.6307E;309.506150;-260.00;0.00;179.00;-8.00
2243398;281116;174123.00;512022.0706N;091001.6307E;309.506150;-260.00;0.00;179.00;-8.00
2243598;281116;174124.00;512022.0706N;091001.6307E;309.506150;-260.00;0.00;179.00;-8.00
2243798;281116;174125.00;512022.0706N;091001.6307E;309.506150;-260.00;0.00;179.00;-8.00
2243998;281116;174126.00;512022.0706N;091001.6307E;309.506150;-260.00;0.00;179.00;-8.00
2244198;281116;174127.00;512022.0706N;091001.6307E;309.506150;-260.00;0.00;179.00;-8.00
2244398;281116;174128.00;512022.0706N;091001.6307E;309.506150;-260.00;0.00;179.00;-8.00
2244598;281116;174129.00;512022.0706N;091001.6307E;309.506150;-260.00;0.00;179.00;-8.00
2244798;281116;174130.00;512022.0706N;091001.6307E;309.506150;-260.00;0.00;179.00;-8.00
2244998;281116;174131.00;512022.0706N;091001.6307E;309.506150;-260.00;0.00;179.00;-8.00
2245198;281116;174132.00;512022.0706N;091001.6307E;309.506150;-260.00;0.00;179.00;-8.00
2245398;281116;174133.00;512022.0706N;091001.6307E;309.506150;-260.00;0.00;179.00;-8.00
2245598;281116;174134.00;512022.0706N;091001.6307E;309.506150;-260.00;0.00;179.00;-8.00
2245798;281116;174135.00;512022.0706N;091001.6307E;309.506150;-260.00;0.00;179.00;-8.00
2245998;281116;174136.00;512022.0706N;091001.6307E;309.506150;-260.00;0.00;179.00;-8.00
2246198;281116;174137.00;512022.0706N;091001.6307E;309.506150;-260.00;0.00;179.00;-8.00
2246398;281116;174138.00;512022.0706N;091001.6307E;309.506150;-260.00;0.00;179.00;-8.00
2246598;281116;174139.00;512022.0706N;091001.6307E;309.506150;-260.00;0.00;179.00;-8.00
2246798;281116;174140.00;512022.0706N;091001.6307E;309.506150;-260.00;0.00;179.00;-8.00
2246998;281116;174141.00;512022.0706N;091001.6307E;309.506150;-260.00;0.00;179.00;-8.00
2247198;281116;174142.00;512022.0706N;091001.6307E;309.506150;-260.00;0.00;179.00;-8.00
2247398;281116;174143.00;512022.0706N;091001.6307E;309.506150;-260.00;0.00;179.00;-8.00
2247598;281116;174144.00;512022.0706N;091001.6307E;309.506150;-260.00;0.00;179.00;-8.00
2247798;281116;174145.00;512022.0706N;091001.6307E;309.506150;-260.00;0.00;179.00;-8.00
2247998;281116;174146.00;512022.0706N;091001.6307E;309.506150;-260.00;0.00;179.00;-8.00
2248198;281116;174147.00;512022.0706N;091001.6307E;309.506150;-260.00;0.00;179.00;-8.00
2248398;281116;174148.00;512022.0706N;091001.6307E;309.506150;-260.00;0.00;179.00;-8.00
2248598;281116;174149.00;512022.0706N;091001.6307E;309.506150;-260.00;0.00;179.00;-8.00
2248798;281116;174150.00;512022.0706N;091001.6307E;309.506150;-260.00;0.00;179.00;-8.00
2248998;281116;174151.00;512022.0706N;091001.6307E;309.506150;-260.00;0.00;179.00;-8.00
2249198;281116;174152.00;512022.0706N;091001.6307E;309.506150;-260.00;0.00;179.00;-8.00
2249398;281116;174153.00;512022.0706N;091001.6307E;309.506150;-260.00;0.00;179.00;-8.00
2249598;281116;174154.00;512022.0706N;091001.6307E;309.506150;-260.00;0.00;179.00;-8.00
2249798;281116;174155.00;512022.0706N;091001.6307E;309.506150;-260.00;0.00;179.00;-8.00
2249998;281116;174156.00;512022.0706N;091001.6307E;309.506150;-260.00;0.00;179.00;-8.00
2250198;281116;174157.00;512022.0706N;091001.6307E;309.506150;-260.00;0.00;179.00;-8.00
2250398;281116;174158.00;512022.0706N;091001.6307E;309.506150;-260.00;0.00;179.00;-8.00
2250598;281116;174159.00;512022.0706N;091001.6307E;309.506150;-260.00;0.00;179.00;-8.00
2250798;281116;174200.00;512022.0706N;091001.6307E;309.506150;-260.00;0.00;179.00;-8.00
2250998;281116;174201.00;512022.0706N;091001.6307E;309.506150;-260.00;0.00;179.00;-8.00
2251196;281116;174202.00;512022.0706N;091001.6307E;309.506150;-260.00;0.00;179.00;-8.00
2251396;281116;174203.00;512022.0706N;091001.6307E;309.506150;-260.00;0.00;179.00;-8.00
2251596;281116;174204.00;512022.0706N;091001.6307E;309.506150;-260.00;0.00;179.00;-8.00
2251796;281116;174205.00;512022.0706N;091001.6307E;309.506150;-260.00;0.00;179.00;-8.00
2251974;281116;174206.00;512022.0706N;091001.6307E;309.506150;-260.00;0.00;179.00;-8.00
2252174;281116;174207.00;512022.0706N;091001.6307E;309.506150;-260.00;0.00;179.00;-8.00
2252374;281116;174208.00;512022.0706N;091001.6307E;309.506150;-260.00;0.00;179.00;-8.00
2252574;281116;174209.00;512022.0706N;091001.6307E;309.506150;-260.00;0.00;179.00;-8.00
2252774;281116;174210.00;512022.0706N;091001.6307E;309.506150;-260.00;0.00;179.00;-8.00
2252974;281116;174211.00;512022.0706N;091001.6307E;309.506150;-260.00;0.00;179.00;-8.00
2253174;281116;174212.00;512022.0706N;091001.6307E;309.506150;-260.00;0.00;179.00;-8.00
2253374;281116;174213.00;512022.0706N;091001.6307E;309.506150;-260.00;0.00;179.00;-8.00
2253574;281116;174214.00;512022.0706N;091001.6307E;309.506150;-260.00;0.00;179.00;-8.00
2253772;281116;174215.00;512022.0706N;091001.6307E;309.506150;-260.00;0.00;179.00;-8.00
2253972;281116;174216.00;512022.0706N;091001.6307E;309.506150;-260.00;0.00;179.00;-8.00
2254172;281116;174217.00;512022.0706N;091001.6307E;309.506150;-260.00;0.00;179.00;-8.00
2254372;281116;174218.00;512022.0706N;091001.6307E;309.506150;-260.00;0.00;179.00;-8.00
2254572;281116;174219.00;512022.0706N;091001.6307E;309.506150;-260.00;0.00;179.00;-8.00
2254769;281116;174220.00;512022.0706N;091001.6307E;309.506150;-260.00;0.00;179.00;-8.00
2254969;281116;174221.00;512022.0706N;091001.6307E;309.506150;-260.00;0.00;179.00;-8.00
2255169;281116;174222.00;512022.0706N;091001.6307E;309.506150;-260.00;0.00;179.00;-8.00
2255369;281116;174223.00;512022.0706N;091001.6307E;309.506150;-260.00;0.00;179.00;-8.00
2255569;281116;174224.00;512022.0706N;091001.6307E;309.506150;-260.00;0.00;179.00;-8.00
2255769;281116;174225.00;512022.0706N;091001.6307E;309.506150;-260.00;0.00;179.00;-8.00
2255969;281116;174226.00;512022.0706N;091001.6307E;309.506150;-260.00;0.00;179.00;-8.00
2256168;281116;174227.00;512022.0706N;091001.6307E;309.506150;-260.00;0.00;179.00;-8.00
2256369;281116;174228.00;512022.0706N;091001.6307E;309.506150;-260.00;0.00;179.00;-8.00
2256569;281116;174229.00;512022.0706N;091001.6307E;309.506150;-260.00;0.00;179.00;-8.00
2256769;281116;174230.00;512022.0706N;091001.6307E;309.506150;-260.00;0.00;179.00;-8.00
2256969;281116;174231.00;512022.0706N;091001.6307E;309.506150;-260.00;0.00;179.00;-8.00
2257169;281116;174232.00;512022.0706N;091001.6307E;309.506150;-260.00;0.00;179.00;-8.00
2257369;281116;174233.00;512022.0706N;091001.6307E;309.506150;-260.00;0.00;179.00;-8.00
2257569;281116;174234.00;512022.0706N;091001.6307E;309.506150;-260.00;0.00;179.00;-8.00
2257758;281116;174235.00;512022.0706N;091001.6307E;309.506150;-260.00;0.00;179.00;-8.00
2257958;281116;174236.00;512022.0706N;091001.6307E;309.506150;-260.00;0.00;179.00;-8.00
2258158;281116;174237.00;512022.0706N;091001.6307E;309.506150;-260.00;0.00;179.00;-8.00
2258358;281116;174238.00;512022.0706N;091001.6307E;309.506150;-260.00;0.00;179.00;-8.00
2258558;281116;174239.00;512022.0706N;091001.6307E;309.506150;-260.00;0.00;179.00;-8.00
2258758;281116;174240.00;512022.0706N;091001.6307E;309.506150;-260.00;0.00;179.00;-8.00
2258958;281116;174241.00;512022.0706N;091001.6307E;309.506150;-260.00;0.00;179.00;-8.00
2259148;281116;174242.00;512022.0706N;091001.6307E;309.506150;-260.00;0.00;179.00;-8.00
2259348;281116;174243.00;512022.0706N;091001.6307E;309.506150;-260.00;0.00;179.00;-8.00
2259548;281116;174244.00;512022.0706N;091001.6307E;309.506150;-260.00;0.00;179.00;-8.00
2259748;281116;174245.00;512022.0706N;091001.6307E;309.506150;-260.00;0.00;179.00;-8.00
2259948;281116;174246.00;512022.0706N;091001.6307E;309.506150;-260.00;0.00;179.00;-8.00
2260148;281116;174247.00;512022.0706N;091001.6307E;309.506150;-260.00;0.00;179.00;-8.00
2260348;281116;174248.00;512022.0706N;091001.6307E;309.506150;-260.00;0.00;179.00;-8.00
2260548;281116;174249.00;512022.0706N;091001.6307E;309.506150;-260.00;0.00;179.00;-8.00
2260748;281116;174250.00;512022.0706N;091001.6307E;309.506150;-260.00;0.00;179.00;-8.00
2260948;281116;174251.00;512022.0706N;091001.6307E;309.506150;-260.00;0.00;179.00;-8.00
2261148;281116;174252.00;512022.0706N;091001.6307E;309.506150;-260.00;0.00;179.00;-8.00
2261348;281116;174253.00;512022.0706N;091001.6307E;309.506150;-260.00;0.00;179.00;-8.00
2261548;281116;174254.00;512022.0706N;091001.6307E;309.506150;-260.00;0.00;179.00;-8.00
2261748;281116;174255.00;512022.0706N;091001.6307E;309.506150;-260.00;0.00;179.00;-8.00
2261948;281116;174256.00;512022.0706N;091001.6307E;309.506150;-260.00;0.00;179.00;-8.00
2262148;281116;174257.00;512022.0706N;091001.6307E;309.506150;-260.00;0.00;179.00;-8.00
2262348;281116;174258.00;512022.0706N;091001.6307E;309.506150;-260.00;0.00;179.00;-8.00
2262548;281116;174259.00;512022.0706N;091001.6307E;309.506150;-260.00;0.00;179.00;-8.00
2262748;281116;174300.00;512022.0706N;091001.6307E;309.506150;-260.00;0.00;179.00;-8.00
2262948;281116;174301.00;512022.0706N;091001.6307E;309.506150;-260.00;0.00;179.00;-8.00
2263148;281116;174302.00;512022.0706N;091001.6307E;309.506150;-260.00;0.00;179.00;-8.00
2263348;281116;174303.00;512022.0706N;091001.6307E;309.506150;-260.00;0.00;179.00;-8.00
2263548;281116;174304.00;512022.0706N;091001.6307E;309.506150;-260.00;0.00;179.00;-8.00
2263748;281116;174305.00;512022.0706N;091001.6307E;309.506150;-260.00;0.00;179.00;-8.00
2263948;281116;174306.00;512022.0706N;091001.6307E;309.506150;-260.00;0.00;179.00;-8.00
2264148;281116;174307.00;512022.0706N;091001.6307E;309.506150;-260.00;0.00;179.00;-8.00
2264348;281116;174308.00;512022.0706N;091001.6307E;309.506150;-260.00;0.00;179.00;-8.00
2264548;281116;174309.00;512022.0706N;091001.6307E;309.506150;-260.00;0.00;179.00;-8.00
2264748;281116;174310.00;512022.0706N;091001.6307E;309.506150;-260.00;0.00;179.00;-8.00
2264948;281116;174311.00;512022.0706N;091001.6307E;309.506150;-260.00;0.00;179.00;-8.00
2265147;281116;174312.00;512022.0706N;091001.6307E;309.506150;-260.00;0.00;179.00;-8.00
2265347;281116;174313.00;512022.0706N;091001.6307E;309.506150;-260.00;0.00;179.00;-8.00
2265547;281116;174314.00;512022.0706N;091001.6307E;309.506150;-260.00;0.00;179.00;-8.00
2265747;281116;174315.00;512022.0706N;091001.6307E;309.506150;-260.00;0.00;179.00;-8.00
2265947;281116;174316.00;512022.0706N;091001.6307E;309.506150;-260.00;0.00;179.00;-8.00
2266147;281116;174317.00;512022.0706N;091001.6307E;309.506150;-260.00;0.00;179.00;-8.00
2266347;281116;174318.00;512022.0706N;091001.6307E;309.506150;-260.00;0.00;179.00;-8.00
2266547;281116;174319.00;512022.0706N;091001.6307E;309.506150;-260.00;0.00;179.00;-8.00
2266747;281116;174320.00;512022.0706N;091001.6307E;309.506150;-260.00;0.00;179.00;-8.00
2266947;281116;174321.00;512022.0706N;091001.6307E;309.506150;-260.00;0.00;179.00;-8.00
2267147;281116;174322.00;512022.0706N;091001.6307E;309.506150;-260.00;0.00;179.00;-8.00
2267347;281116;174323.00;512022.0706N;091001.6307E;309.506150;-260.00;0.00;179.00;-8.00
2267547;281116;174324.00;512022.0706N;091001.6307E;309.506150;-260.00;0.00;179.00;-8.00
2267747;281116;174325.00;512022.0706N;091001.6307E;309.506150;-260.00;0.00;179.00;-8.00
2267947;281116;174326.00;512022.0706N;091001.6307E;309.506150;-260.00;0.00;179.00;-8.00
2268147;281116;174327.00;512022.0706N;091001.6307E;309.506150;-260.00;0.00;179.00;-8.00
2268347;281116;174328.00;512022.0706N;091001.6307E;309.506150;-260.00;0.00;179.00;-8.00
2268547;281116;174329.00;512022.0706N;091001.6307E;309.506150;-260.00;0.00;179.00;-8.00
2268747;281116;174330.00;512022.0706N;091001.6307E;309.506150;-260.00;0.00;179.00;-8.00
2268947;281116;174331.00;512022.0706N;091001.6307E;309.506150;-260.00;0.00;179.00;-8.00
2269147;281116;174332.00;512022.0706N;091001.6307E;309.506150;-260.00;0.00;179.00;-8.00
2269347;281116;174333.00;512022.0706N;091001.6307E;309.506150;-260.00;0.00;179.00;-8.00
2269547;281116;174334.00;512022.0706N;091001.6307E;309.506150;-260.00;0.00;179.00;-8.00
2269747;281116;174335.00;512022.0706N;091001.6307E;309.506150;-260.00;0.00;179.00;-8.00
2269947;281116;174336.00;512022.0706N;091001.6307E;309.506150;-260.00;0.00;179.00;-8.00
2270147;281116;174337.00;512022.0706N;091001.6307E;309.506150;-260.00;0.00;179.00;-8.00
2270347;281116;174338.00;512022.0706N;091001.6307E;309.506150;-260.00;0.00;179.00;-8.00
2270531;281116;174339.00;512022.0706N;091001.6307E;309.506150;-260.00;0.00;179.00;-8.00
2270731;281116;174340.00;512022.0706N;091001.6307E;309.506150;-260.00;0.00;179.00;-8.00
2270931;281116;174341.00;512022.0706N;091001.6307E;309.506150;-260.00;0.00;179.00;-8.00
2271131;281116;174342.00;512022.0706N;091001.6307E;309.506150;-260.00;0.00;179.00;-8.00
2271331;281116;174343.00;512022.0706N;091001.6307E;309.506150;-260.00;0.00;179.00;-8.00
2271531;281116;174344.00;512022.0706N;091001.6307E;309.506150;-260.00;0.00;179.00;-8.00
2271731;281116;174345.00;512022.0706N;091001.6307E;309.506150;-260.00;0.00;179.00;-8.00
2271931;281116;174346.00;512022.0706N;091001.6307E;309.506150;-260.00;0.00;179.00;-8.00
2272131;281116;174347.00;512022.0706N;091001.6307E;309.506150;-260.00;0.00;179.00;-8.00
2272331;281116;174348.00;512022.0706N;091001.6307E;309.506150;-260.00;0.00;179.00;-8.00
2272531;281116;174349.00;512022.0706N;091001.6307E;309.506150;-260.00;0.00;179.00;-8.00
2272731;281116;174350.00;512022.0706N;091001.6307E;309.506150;-260.00;0.00;179.00;-8.00
2272931;281116;174351.00;512022.0706N;091001.6307E;309.506150;-260.00;0.00;179.00;-8.00
2273131;281116;174352.00;512022.0706N;091001.6307E;309.506150;-260.00;0.00;179.00;-8.00
2273331;281116;174353.00;512022.0706N;091001.6307E;309.506150;-260.00;0.00;179.00;-8.00
2273531;281116;174354.00;512022.0706N;091001.6307E;309.506150;-260.00;0.00;179.00;-8.00
2273731;281116;174355.00;512022.0706N;091001.6307E;309.506150;-260.00;0.00;179.00;-8.00
2273931;281116;174356.00;512022.0706N;091001.6307E;309.506150;-260.00;0.00;179.00;-8.00
2274131;281116;174357.00;512022.0706N;091001.6307E;309.506150;-260.00;0.00;179.00;-8.00
2274331;281116;174358.00;512022.0706N;091001.6307E;309.506150;-260.00;0.00;179.00;-8.00
2274529;281116;174359.00;512022.0706N;091001.6307E;309.506150;-260.00;0.00;179.00;-8.00
2274729;281116;174400.00;512022.0706N;091001.6307E;309.506150;-260.00;0.00;179.00;-8.00
2274929;281116;174401.00;512022.0706N;091001.6307E;309.506150;-260.00;0.00;179.00;-8.00
2275129;281116;174402.00;512022.0706N;091001.6307E;309.506150;-260.00;0.00;179.00;-8.00
2275329;281116;174403.00;512022.0706N;091001.6307E;309.506150;-260.00;0.00;179.00;-8.00
2275529;281116;174404.00;512022.0706N;091001.6307E;309.506150;-260.00;0.00;179.00;-8.00
2275729;281116;174405.00;512022.0706N;091001.6307E;309.506150;-260.00;0.00;179.00;-8.00
2275929;281116;174406.00;512022.0706N;091001.6307E;309.506150;-260.00;0.00;179.00;-8.00
2276129;281116;174407.00;512022.0706N;091001.6307E;309.506150;-260.00;0.00;179.00;-8.00
2276329;281116;174408.00;512022.0706N;091001.6307E;309.506150;-260.00;0.00;179.00;-8.00
2276529;281116;174409.00;512022.0706N;091001.6307E;309.506150;-260.00;0.00;179.00;-8.00
2276729;281116;174410.00;512022.0706N;091001.6307E;309.506150;-260.00;0.00;179.00;-8.00
2276929;281116;174411.00;512022.0706N;091001.6307E;309.506150;-260.00;0.00;179.00;-8.00
2277129;281116;174412.00;512022.0706N;091001.6307E;309.506150;-260.00;0.00;179.00;-8.00
2277329;281116;174413.00;512022.0706N;091001.6307E;309.506150;-260.00;0.00;179.00;-8.00
2277529;281116;174414.00;512022.0706N;091001.6307E;309.506150;-260.00;0.00;179.00;-8.00
2277725;281116;174415.00;512022.0706N;091001.6307E;309.506150;-260.00;0.00;179.00;-8.00
2277925;281116;174416.00;512022.0706N;091001.6307E;309.506150;-260.00;0.00;179.00;-8.00
2278125;281116;174417.00;512022.0706N;091001.6307E;309.506150;-260.00;0.00;179.00;-8.00
2278325;281116;174418.00;512022.0706N;091001.6307E;309.506150;-260.00;0.00;179.00;-8.00
2278525;281116;174419.00;512022.0706N;091001.6307E;309.506150;-260.00;0.00;179.00;-8.00
2278725;281116;174420.00;512022.0706N;091001.6307E;309.506150;-260.00;0.00;179.00;-8.00
2278925;281116;174421.00;512022.0706N;091001.6307E;309.506150;-260.00;0.00;179.00;-8.00
2279125;281116;174422.00;512022.0706N;091001.6307E;309.506150;-260.00;0.00;179.00;-8.00
2279325;281116;174423.00;512022.0706N;091001.6307E;309.506150;-260.00;0.00;179.00;-8.00
2279525;281116;174424.00;512022.0706N;091001.6307E;309.506150;-260.00;0.00;179.00;-8.00
2279725;281116;174425.00;512022.0706N;091001.6307E;309.506150;-260.00;0.00;179.00;-8.00
2279925;281116;174426.00;512022.0706N;091001.6307E;309.506150;-260.00;0.00;179.00;-8.00
2280125;281116;174427.00;512022.0706N;091001.6307E;309.506150;-260.00;0.00;179.00;-8.00
2280325;281116;174428.00;512022.0706N;091001.6307E;309.506150;-260.00;0.00;179.00;-8.00
2280525;281116;174429.00;512022.0706N;091001.6307E;309.506150;-260.00;0.00;179.00;-8.00
2280725;281116;174430.00;512022.0706N;091001.6307E;309.506150;-260.00;0.00;179.00;-8.00
2280925;281116;174431.00;512022.0706N;091001.6307E;309.506150;-260.00;0.00;179.00;-8.00
2281125;281116;174432.00;512022.0706N;091001.6307E;309.506150;-260.00;0.00;179.00;-8.00
2281320;281116;174433.00;512022.0706N;091001.6307E;309.506150;-260.00;0.00;179.00;-8.00
2281520;281116;174434.00;512022.0706N;091001.6307E;309.506150;-260.00;0.00;179.00;-8.00
2281720;281116;174435.00;512022.0706N;091001.6307E;309.506150;-260.00;0.00;179.00;-8.00
2281920;281116;174436.00;512022.0706N;091001.6307E;309.506150;-260.00;0.00;179.00;-8.00
2282120;281116;174437.00;512022.0706N;091001.6307E;309.506150;-260.00;0.00;179.00;-8.00
2282319;281116;174438.00;512022.0706N;091001.6307E;309.506150;-260.00;0.00;179.00;-8.00
2282519;281116;174439.00;512022.0706N;091001.6307E;309.506150;-260.00;0.00;179.00;-8.00
2282719;281116;174440.00;512022.0706N;091001.6307E;309.506150;-260.00;0.00;179.00;-8.00
2282919;281116;174441.00;512022.0706N;091001.6307E;309.506150;-260.00;0.00;179.00;-8.00
2283119;281116;174442.00;512022.0706N;091001.6307E;309.506150;-260.00;0.00;179.00;-8.00
2283319;281116;174443.00;512022.0706N;091001.6307E;309.506150;-260.00;0.00;179.00;-8.00
2283519;281116;174444.00;512022.0706N;091001.6307E;309.506150;-260.00;0.00;179.00;-8.00
2283719;281116;174445.00;512022.0706N;091001.6307E;309.506150;-260.00;0.00;179.00;-8.00
2283919;281116;174446.00;512022.0706N;091001.6307E;309.506150;-260.00;0.00;179.00;-8.00
2284119;281116;174447.00;512022.0706N;091001.6307E;309.506150;-260.00;0.00;179.00;-8.00
2284319;281116;174448.00;512022.0706N;091001.6307E;309.506150;-260.00;0.00;179.00;-8.00
2284519;281116;174449.00;512022.0706N;091001.6307E;309.506150;-260.00;0.00;179.00;-8.00
2284719;281116;174450.00;512022.0706N;091001.6307E;309.506150;-260.00;0.00;179.00;-8.00
2284919;281116;174451.00;512022.0706N;091001.6307E;309.506150;-260.00;0.00;179.00;-8.00
2285119;281116;174452.00;512022.0706N;091001.6307E;309.506150;-260.00;0.00;179.00;-8.00
2285319;281116;174453.00;512022.0706N;091001.6307E;309.506150;-260.00;0.00;179.00;-8.00
2285519;281116;174454.00;512022.0706N;091001.6307E;309.506150;-260.00;0.00;179.00;-8.00
2285719;281116;174455.00;512022.0706N;091001.6307E;309.506150;-260.00;0.00;179.00;-8.00
2285919;281116;174456.00;512022.0706N;091001.6307E;309.506150;-260.00;0.00;179.00;-8.00
2286118;281116;174457.00;512022.0706N;091001.6307E;309.506150;-260.00;0.00;179.00;-8.00
2286319;281116;174458.00;512022.0706N;091001.6307E;309.506150;-260.00;0.00;179.00;-8.00
2286519;281116;174459.00;512022.0706N;091001.6307E;309.506150;-260.00;0.00;179.00;-8.00
2286719;281116;174500.00;512022.0706N;091001.6307E;309.506150;-260.00;0.00;179.00;-8.00
2286919;281116;174501.00;512022.0706N;091001.6307E;309.506150;-260.00;0.00;179.00;-8.00
2287119;281116;174502.00;512022.0706N;091001.6307E;309.506150;-260.00;0.00;179.00;-8.00
2287319;281116;174503.00;512022.0706N;091001.6307E;309.506150;-260.00;0.00;179.00;-8.00
2287519;281116;174504.00;512022.0706N;091001.6307E;309.506150;-260.00;0.00;179.00;-8.00
2287719;281116;174505.00;512022.0706N;091001.6307E;309.506150;-260.00;0.00;179.00;-8.00
2287919;281116;174506.00;512022.0706N;091001.6307E;309.506150;-260.00;0.00;179.00;-8.00
2288119;281116;174507.00;512022.0706N;091001.6307E;309.506150;-260.00;0.00;179.00;-8.00
2288319;281116;174508.00;512022.0706N;091001.6307E;309.506150;-260.00;0.00;179.00;-8.00
2288519;281116;174509.00;512022.0706N;091001.6307E;309.506150;-260.00;0.00;179.00;-8.00
2288718;281116;174510.00;512022.0706N;091001.6307E;309.506150;-260.00;0.00;179.00;-8.00
2288919;281116;174511.00;512022.0706N;091001.6307E;309.506150;-260.00;0.00;179.00;-8.00
2289119;281116;174512.00;512022.0706N;091001.6307E;309.506150;-260.00;0.00;179.00;-8.00
2289319;281116;174513.00;512022.0706N;091001.6307E;309.506150;-260.00;0.00;179.00;-8.00
2289519;281116;174514.00;512022.0706N;091001.6307E;309.506150;-260.00;0.00;179.00;-8.00
2289719;281116;174515.00;512022.0706N;091001.6307E;309.506150;-260.00;0.00;179.00;-8.00
2289919;281116;174516.00;512022.0706N;091001.6307E;309.506150;-260.00;0.00;179.00;-8.00
2290119;281116;174517.00;512022.0706N;091001.6307E;309.506150;-260.00;0.00;179.00;-8.00
2290319;281116;174518.00;512022.0706N;091001.6307E;309.506150;-260.00;0.00;179.00;-8.00
2290519;281116;174519.00;512022.0706N;091001.6307E;309.506150;-260.00;0.00;179.00;-8.00
2290719;281116;174520.00;512022.0706N;091001.6307E;309.506150;-260.00;0.00;179.00;-8.00
2290919;281116;174521.00;512022.0706N;091001.6307E;309.506150;-260.00;0.00;179.00;-8.00
2291119;281116;174522.00;512022.0706N;091001.6307E;309.506150;-260.00;0.00;179.00;-8.00
2291319;281116;174523.00;512022.0706N;091001.6307E;309.506150;-260.00;0.00;179.00;-8.00
2291519;281116;174524.00;512022.0706N;091001.6307E;309.506150;-260.00;0.00;179.00;-8.00
2291719;281116;174525.00;512022.0706N;091001.6307E;309.506150;-260.00;0.00;179.00;-8.00
2291919;281116;174526.00;512022.0706N;091001.6307E;309.506150;-260.00;0.00;179.00;-8.00
2292119;281116;174527.00;512022.0706N;091001.6307E;309.506150;-260.00;0.00;179.00;-8.00
2292319;281116;174528.00;512022.0706N;091001.6307E;309.506150;-260.00;0.00;179.00;-8.00
2292519;281116;174529.00;512022.0706N;091001.6307E;309.506150;-260.00;0.00;179.00;-8.00
2292719;281116;174530.00;512022.0706N;091001.6307E;309.506150;-260.00;0.00;179.00;-8.00
2292918;281116;174531.00;512022.0706N;091001.6307E;309.506150;-260.00;0.00;179.00;-8.00
2293119;281116;174532.00;512022.0706N;091001.6307E;309.506150;-260.00;0.00;179.00;-8.00
2293319;281116;174533.00;512022.0706N;091001.6307E;309.506150;-260.00;0.00;179.00;-8.00
2293519;281116;174534.00;512022.0706N;091001.6307E;309.506150;-260.00;0.00;179.00;-8.00
2293712;281116;174535.00;512022.0706N;091001.6307E;309.506150;-260.00;0.00;179.00;-8.00
2293912;281116;174536.00;512022.0706N;091001.6307E;309.506150;-260.00;0.00;179.00;-8.00
2294112;281116;174537.00;512022.0706N;091001.6307E;309.506150;-260.00;0.00;179.00;-8.00
2294300;281116;174538.00;512022.0706N;091001.6307E;309.506150;-260.00;0.00;179.00;-8.00
2294500;281116;174539.00;512022.0706N;091001.6307E;309.506150;-260.00;0.00;179.00;-8.00
2294700;281116;174540.00;512022.0706N;091001.6307E;309.506150;-260.00;0.00;179.00;-8.00
2294900;281116;174541.00;512022.0706N;091001.6307E;309.506150;-260.00;0.00;179.00;-8.00
2295100;281116;174542.00;512022.0706N;091001.6307E;309.506150;-260.00;0.00;179.00;-8.00
2295300;281116;174543.00;512022.0706N;091001.6307E;309.506150;-260.00;0.00;179.00;-8.00
2295500;281116;174544.00;512022.0706N;091001.6307E;309.506150;-260.00;0.00;179.00;-8.00
2295700;281116;174545.00;512022.0706N;091001.6307E;309.506150;-260.00;0.00;179.00;-8.00
2295900;281116;174546.00;512022.0706N;091001.6307E;309.506150;-260.00;0.00;179.00;-8.00
2296100;281116;174547.00;512022.0706N;091001.6307E;309.506150;-260.00;0.00;179.00;-8.00
2296300;281116;174548.00;512022.0706N;091001.6307E;309.506150;-260.00;0.00;179.00;-8.00
2296500;281116;174549.00;512022.0706N;091001.6307E;309.506150;-260.00;0.00;179.00;-8.00
2296700;281116;174550.00;512022.0706N;091001.6307E;309.506150;-260.00;0.00;179.00;-8.00
2296900;281116;174551.02;512022.0706N;091001.6307E;309.506150;-260.00;0.00;179.00;-8.00
2297100;281116;174552.00;512022.0706N;091001.6307E;309.506150;-260.00;0.00;179.00;-8.00
2297300;281116;174553.00;512022.0706N;091001.6307E;309.506150;-260.00;0.00;179.00;-8.00
2297500;281116;174554.00;512022.0706N;091001.6307E;309.506150;-260.00;0.00;179.00;-8.00
2297700;281116;174555.00;512022.0706N;091001.6307E;309.506150;-260.00;0.00;179.00;-8.00
2297900;281116;174556.00;512022.0706N;091001.6307E;309.506150;-260.00;0.00;179.00;-8.00
2298100;281116;174557.00;512022.0706N;091001.6307E;309.506150;-260.00;0.00;179.00;-8.00
2298300;281116;174558.00;512022.0706N;091001.6307E;309.506150;-260.00;0.00;179.00;-8.00
2298500;281116;174559.00;512022.0706N;091001.6307E;309.506150;-260.00;0.00;179.00;-8.00
2298700;281116;174600.00;512022.0706N;091001.6307E;309.506150;-260.00;0.00;179.00;-8.00
2298900;281116;174601.00;512022.0706N;091001.6307E;309.506150;-260.00;0.00;179.00;-8.00
2299100;281116;174602.00;512022.0706N;091001.6307E;309.506150;-260.00;0.00;179.00;-8.00
2299300;281116;174603.00;512022.0706N;091001.6307E;309.506150;-260.00;0.00;179.00;-8.00
2299500;281116;174604.00;512022.0706N;091001.6307E;309.506150;-260.00;0.00;179.00;-8.00
2299700;281116;174605.00;512022.0706N;091001.6307E;309.506150;-260.00;0.00;179.00;-8.00
2299900;281116;174606.00;512022.0706N;091001.6307E;309.506150;-260.00;0.00;179.00;-8.00
2300100;281116;174607.00;512022.0706N;091001.6307E;309.506150;-260.00;0.00;179.00;-8.00
2300300;281116;174608.00;512022.0706N;091001.6307E;309.506150;-260.00;0.00;179.00;-8.00
2300500;281116;174609.00;512022.0706N;091001.6307E;309.506150;-260.00;0.00;179.00;-8.00
2300700;281116;174610.00;512022.0706N;091001.6307E;309.506150;-260.00;0.00;179.00;-8.00
2300900;281116;174611.00;512022.0706N;091001.6307E;309.506150;-260.00;0.00;179.00;-8.00
2301100;281116;174612.00;512022.0706N;091001.6307E;309.506150;-260.00;0.00;179.00;-8.00
2301300;281116;174613.00;512022.0706N;091001.6307E;309.506150;-260.00;0.00;179.00;-8.00
2301500;281116;174614.00;512022.0706N;091001.6307E;309.506150;-260.00;0.00;179.00;-8.00
2301700;281116;174615.00;512022.0706N;091001.6307E;309.506150;-260.00;0.00;179.00;-8.00
2301900;281116;174616.00;512022.0706N;091001.6307E;309.506150;-260.00;0.00;179.00;-8.00
2302100;281116;174617.00;512022.0706N;091001.6307E;309.506150;-260.00;0.00;179.00;-8.00
2302300;281116;174618.00;512022.0706N;091001.6307E;309.506150;-260.00;0.00;179.00;-8.00
2302500;281116;174619.00;512022.0706N;091001.6307E;309.506150;-260.00;0.00;179.00;-8.00
2302700;281116;174620.00;512022.0706N;091001.6307E;309.506150;-260.00;0.00;179.00;-8.00
2302900;281116;174621.00;512022.0706N;091001.6307E;309.506150;-260.00;0.00;179.00;-8.00
2303100;281116;174622.00;512022.0706N;091001.6307E;309.506150;-260.00;0.00;179.00;-8.00
2303300;281116;174623.00;512022.0706N;091001.6307E;309.506150;-260.00;0.00;179.00;-8.00
2303500;281116;174624.00;512022.0706N;091001.6307E;309.506150;-260.00;0.00;179.00;-8.00
2303700;281116;174625.00;512022.0706N;091001.6307E;309.506150;-260.00;0.00;179.00;-8.00
2303900;281116;174626.00;512022.0706N;091001.6307E;309.506150;-260.00;0.00;179.00;-8.00
2304100;281116;174627.00;512022.0706N;091001.6307E;309.506150;-260.00;0.00;179.00;-8.00
2304300;281116;174628.00;512022.0706N;091001.6307E;309.506150;-260.00;0.00;179.00;-8.00
2304500;281116;174629.00;512022.0706N;091001.6307E;309.506150;-260.00;0.00;179.00;-8.00
2304700;281116;174630.00;512022.0706N;091001.6307E;309.506150;-260.00;0.00;179.00;-8.00
2304900;281116;174631.00;512022.0706N;091001.6307E;309.506150;-260.00;0.00;179.00;-8.00
2305097;281116;174632.00;512022.0706N;091001.6307E;309.506150;-260.00;0.00;179.00;-8.00
2305297;281116;174633.00;512022.0706N;091001.6307E;309.506150;-260.00;0.00;179.00;-8.00
2305497;281116;174634.00;512022.0706N;091001.6307E;309.506150;-260.00;0.00;179.00;-8.00
2305697;281116;174635.00;512022.0706N;091001.6307E;309.506150;-260.00;0.00;179.00;-8.00
2305897;281116;174636.00;512022.0706N;091001.6307E;309.506150;-260.00;0.00;179.00;-8.00
2306097;281116;174637.00;512022.0706N;091001.6307E;309.506150;-260.00;0.00;179.00;-8.00
2306297;281116;174638.00;512022.0706N;091001.6307E;309.506150;-260.00;0.00;179.00;-8.00
2306497;281116;174639.00;512022.0706N;091001.6307E;309.506150;-260.00;0.00;179.00;-8.00
2306697;281116;174640.00;512022.0706N;091001.6307E;309.506150;-260.00;0.00;179.00;-8.00
2306890;281116;174641.00;512022.0706N;091001.6307E;309.506150;-260.00;0.00;179.00;-8.00
2307090;281116;174642.00;512022.0706N;091001.6307E;309.506150;-260.00;0.00;179.00;-8.00
2307290;281116;174643.00;512022.0706N;091001.6307E;309.506150;-260.00;0.00;179.00;-8.00
2307490;281116;174644.00;512022.0706N;091001.6307E;309.506150;-260.00;0.00;179.00;-8.00
2307690;281116;174645.00;512022.0706N;091001.6307E;309.506150;-260.00;0.00;179.00;-8.00
2307890;281116;174646.00;512022.0706N;091001.6307E;309.506150;-260.00;0.00;179.00;-8.00
2308088;281116;174647.00;512022.0706N;091001.6307E;309.506150;-260.00;0.00;179.00;-8.00
2308288;281116;174648.00;512022.0706N;091001.6307E;309.506150;-260.00;0.00;179.00;-8.00
2308488;281116;174649.00;512022.0706N;091001.6307E;309.506150;-260.00;0.00;179.00;-8.00
2308688;281116;174650.00;512022.0706N;091001.6307E;309.506150;-260.00;0.00;179.00;-8.00
2308888;281116;174651.00;512022.0706N;091001.6307E;309.506150;-260.00;0.00;179.00;-8.00
2309088;281116;174652.00;512022.0706N;091001.6307E;309.506150;-260.00;0.00;179.00;-8.00
2309288;281116;174653.00;512022.0706N;091001.6307E;309.506150;-260.00;0.00;179.00;-8.00
2309488;281116;174654.00;512022.0706N;091001.6307E;309.506150;-260.00;0.00;179.00;-8.00
2309688;281116;174655.00;512022.0706N;091001.6307E;309.506150;-260.00;0.00;179.00;-8.00
2309888;281116;174656.00;512022.0706N;091001.6307E;309.506150;-260.00;0.00;179.00;-8.00
2310088;281116;174657.00;512022.0706N;091001.6307E;309.506150;-260.00;0.00;179.00;-8.00
2310280;281116;174658.00;512022.0706N;091001.6307E;309.506150;-260.00;0.00;179.00;-8.00
2310480;281116;174659.00;512022.0706N;091001.6307E;309.506150;-260.00;0.00;179.00;-8.00
2310680;281116;174700.00;512022.0706N;091001.6307E;309.506150;-260.00;0.00;179.00;-8.00
2310880;281116;174701.00;512022.0706N;091001.6307E;309.506150;-260.00;0.00;179.00;-8.00
2311080;281116;174702.00;512022.0706N;091001.6307E;309.506150;-260.00;0.00;179.00;-8.00
2311280;281116;174703.00;512022.0706N;091001.6307E;309.506150;-260.00;0.00;179.00;-8.00
2311480;281116;174704.00;512022.0706N;091001.6307E;309.506150;-260.00;0.00;179.00;-8.00
2311680;281116;174705.00;512022.0706N;091001.6307E;309.506150;-260.00;0.00;179.00;-8.00
2311880;281116;174706.00;512022.0706N;091001.6307E;309.506150;-260.00;0.00;179.00;-8.00
2312080;281116;174707.00;512022.0706N;091001.6307E;309.506150;-260.00;0.00;179.00;-8.00
2312280;281116;174708.00;512022.0706N;091001.6307E;309.506150;-260.00;0.00;179.00;-8.00
2312480;281116;174709.00;512022.0706N;091001.6307E;309.506150;-260.00;0.00;179.00;-8.00
2312680;281116;174710.00;512022.0706N;091001.6307E;309.506150;-260.00;0.00;179.00;-8.00
2312880;281116;174711.00;512022.0706N;091001.6307E;309.506150;-260.00;0.00;179.00;-8.00
2313080;281116;174712.00;512022.0706N;091001.6307E;309.506150;-260.00;0.00;179.00;-8.00
2313280;281116;174713.00;512022.0706N;091001.6307E;309.506150;-260.00;0.00;179.00;-8.00
2313480;281116;174714.00;512022.0706N;091001.6307E;309.506150;-260.00;0.00;179.00;-8.00
2313680;281116;174715.00;512022.0706N;091001.6307E;309.506150;-260.00;0.00;179.00;-8.00
2313880;281116;174716.00;512022.0706N;091001.6307E;309.506150;-260.00;0.00;179.00;-8.00
2314080;281116;174717.00;512022.0706N;091001.6307E;309.506150;-260.00;0.00;179.00;-8.00
2314280;281116;174718.00;512022.0706N;091001.6307E;309.506150;-260.00;0.00;179.00;-8.00
2314480;281116;174719.00;512022.0706N;091001.6307E;309.506150;-260.00;0.00;179.00;-8.00
2314680;281116;174720.00;512022.0706N;091001.6307E;309.506150;-260.00;0.00;179.00;-8.00
2314880;281116;174721.00;512022.0706N;091001.6307E;309.506150;-260.00;0.00;179.00;-8.00
2315080;281116;174722.00;512022.0706N;091001.6307E;309.506150;-260.00;0.00;179.00;-8.00
2315280;281116;174723.00;512022.0706N;091001.6307E;309.506150;-260.00;0.00;179.00;-8.00
2315480;281116;174724.00;512022.0706N;091001.6307E;309.506150;-260.00;0.00;179.00;-8.00
2315680;281116;174725.00;512022.0706N;091001.6307E;309.506150;-260.00;0.00;179.00;-8.00
2315880;281116;174726.00;512022.0706N;091001.6307E;309.506150;-260.00;0.00;179.00;-8.00
2316080;281116;174727.00;512022.0706N;091001.6307E;309.506150;-260.00;0.00;179.00;-8.00
2316280;281116;174728.00;512022.0706N;091001.6307E;309.506150;-260.00;0.00;179.00;-8.00
2316480;281116;174729.00;512022.0706N;091001.6307E;309.506150;-260.00;0.00;179.00;-8.00
2316680;281116;174730.00;512022.0706N;091001.6307E;309.506150;-260.00;0.00;179.00;-8.00
2316880;281116;174731.00;512022.0706N;091001.6307E;309.506150;-260.00;0.00;179.00;-8.00
2317080;281116;174732.00;512022.0706N;091001.6307E;309.506150;-260.00;0.00;179.00;-8.00
2317280;281116;174733.00;512022.0706N;091001.6307E;309.506150;-260.00;0.00;179.00;-8.00
2317480;281116;174734.00;512022.0706N;091001.6307E;309.506150;-260.00;0.00;179.00;-8.00
2317680;281116;174735.00;512022.0706N;091001.6307E;309.506150;-260.00;0.00;179.00;-8.00
2317876;281116;174736.00;512022.0706N;091001.6307E;309.506150;-260.00;0.00;179.00;-8.00
2318076;281116;174737.00;512022.0706N;091001.6307E;309.506150;-260.00;0.00;179.00;-8.00
2318276;281116;174738.00;512022.0706N;091001.6307E;309.506150;-260.00;0.00;179.00;-8.00
2318476;281116;174739.00;512022.0706N;091001.6307E;309.506150;-260.00;0.00;179.00;-8.00
2318676;281116;174740.00;512022.0706N;091001.6307E;309.506150;-260.00;0.00;179.00;-8.00
2318876;281116;174741.00;512022.0706N;091001.6307E;309.506150;-260.00;0.00;179.00;-8.00
2319076;281116;174742.00;512022.0706N;091001.6307E;309.506150;-260.00;0.00;179.00;-8.00
2319276;281116;174743.00;512022.0706N;091001.6307E;309.506150;-260.00;0.00;179.00;-8.00
2319476;281116;174744.00;512022.0706N;091001.6307E;309.506150;-260.00;0.00;179.00;-8.00
2319676;281116;174745.00;512022.0706N;091001.6307E;309.506150;-260.00;0.00;179.00;-8.00
2319876;281116;174746.00;512022.0706N;091001.6307E;309.506150;-260.00;0.00;179.00;-8.00
2320076;281116;174747.00;512022.0706N;091001.6307E;309.506150;-260.00;0.00;179.00;-8.00
2320276;281116;174748.00;512022.0706N;091001.6307E;309.506150;-260.00;0.00;179.00;-8.00
2320476;281116;174749.00;512022.0706N;091001.6307E;309.506150;-260.00;0.00;179.00;-8.00
2320676;281116;174750.00;512022.0706N;091001.6307E;309.506150;-260.00;0.00;179.00;-8.00
2320876;281116;174751.00;512022.0706N;091001.6307E;309.506150;-260.00;0.00;179.00;-8.00
2321076;281116;174752.00;512022.0706N;091001.6307E;309.506150;-260.00;0.00;179.00;-8.00
2321276;281116;174753.00;512022.0706N;091001.6307E;309.506150;-260.00;0.00;179.00;-8.00
2321476;281116;174754.00;512022.0706N;091001.6307E;309.506150;-260.00;0.00;179.00;-8.00
2321676;281116;174755.00;512022.0706N;091001.6307E;309.506150;-260.00;0.00;179.00;-8.00
2321876;281116;174756.00;512022.0706N;091001.6307E;309.506150;-260.00;0.00;179.00;-8.00
2322068;281116;174757.00;512022.0706N;091001.6307E;309.506150;-260.00;0.00;179.00;-8.00
2322268;281116;174758.00;512022.0706N;091001.6307E;309.506150;-260.00;0.00;179.00;-8.00
2322468;281116;174759.00;512022.0706N;091001.6307E;309.506150;-260.00;0.00;179.00;-8.00
2322668;281116;174800.00;512022.0706N;091001.6307E;309.506150;-260.00;0.00;179.00;-8.00
2322868;281116;174801.00;512022.0706N;091001.6307E;309.506150;-260.00;0.00;179.00;-8.00
2323068;281116;174802.00;512022.0706N;091001.6307E;309.506150;-260.00;0.00;179.00;-8.00
2323268;281116;174803.00;512022.0706N;091001.6307E;309.506150;-260.00;0.00;179.00;-8.00
2323468;281116;174804.00;512022.0706N;091001.6307E;309.506150;-260.00;0.00;179.00;-8.00
2323668;281116;174805.00;512022.0706N;091001.6307E;309.506150;-260.00;0.00;179.00;-8.00
2323868;281116;174806.00;512022.0706N;091001.6307E;309.506150;-260.00;0.00;179.00;-8.00
2324068;281116;174807.00;512022.0706N;091001.6307E;309.506150;-260.00;0.00;179.00;-8.00
2324268;281116;174808.00;512022.0706N;091001.6307E;309.506150;-260.00;0.00;179.00;-8.00
2324468;281116;174809.00;512022.0706N;091001.6307E;309.506150;-260.00;0.00;179.00;-8.00
2324668;281116;174810.00;512022.0706N;091001.6307E;309.506150;-260.00;0.00;179.00;-8.00
2324868;281116;174811.00;512022.0706N;091001.6307E;309.506150;-260.00;0.00;179.00;-8.00
2325067;281116;174812.00;512022.0706N;091001.6307E;309.506150;-260.00;0.00;179.00;-8.00
2325267;281116;174813.00;512022.0706N;091001.6307E;309.506150;-260.00;0.00;179.00;-8.00
2325467;281116;174814.00;512022.0706N;091001.6307E;309.506150;-260.00;0.00;179.00;-8.00
2325667;281116;174815.00;512022.0706N;091001.6307E;309.506150;-260.00;0.00;179.00;-8.00
2325867;281116;174816.00;512022.0706N;091001.6307E;309.506150;-260.00;0.00;179.00;-8.00
2326067;281116;174817.00;512022.0706N;091001.6307E;309.506150;-260.00;0.00;179.00;-8.00
2326267;281116;174818.00;512022.0706N;091001.6307E;309.506150;-260.00;0.00;179.00;-8.00
2326467;281116;174819.00;512022.0706N;091001.6307E;309.506150;-260.00;0.00;179.00;-8.00
2326667;281116;174820.00;512022.0706N;091001.6307E;309.506150;-260.00;0.00;179.00;-8.00
2326867;281116;174821.00;512022.0706N;091001.6307E;309.506150;-260.00;0.00;179.00;-8.00
2327067;281116;174822.00;512022.0706N;091001.6307E;309.506150;-260.00;0.00;179.00;-8.00
2327267;281116;174823.00;512022.0706N;091001.6307E;309.506150;-260.00;0.00;179.00;-8.00
2327467;281116;174824.00;512022.0706N;091001.6307E;309.506150;-260.00;0.00;179.00;-8.00
2327667;281116;174825.00;512022.0706N;091001.6307E;309.506150;-260.00;0.00;179.00;-8.00
2327867;281116;174826.00;512022.0706N;091001.6307E;309.506150;-260.00;0.00;179.00;-8.00
2328067;281116;174827.00;512022.0706N;091001.6307E;309.506150;-260.00;0.00;179.00;-8.00
2328267;281116;174828.00;512022.0706N;091001.6307E;309.506150;-260.00;0.00;179.00;-8.00
2328467;281116;174829.00;512022.0706N;091001.6307E;309.506150;-260.00;0.00;179.00;-8.00
2328667;281116;174830.00;512022.0706N;091001.6307E;309.506150;-260.00;0.00;179.00;-8.00
2328867;281116;174831.00;512022.0706N;091001.6307E;309.506150;-260.00;0.00;179.00;-8.00
2329067;281116;174832.00;512022.0706N;091001.6307E;309.506150;-260.00;0.00;179.00;-8.00
2329267;281116;174833.00;512022.0706N;091001.6307E;309.506150;-260.00;0.00;179.00;-8.00
2329467;281116;174834.00;512022.0706N;091001.6307E;309.506150;-260.00;0.00;179.00;-8.00
2329667;281116;174835.00;512022.0706N;091001.6307E;309.506150;-260.00;0.00;179.00;-8.00
2329867;281116;174836.00;512022.0706N;091001.6307E;309.506150;-260.00;0.00;179.00;-8.00
2330067;281116;174837.00;512022.0706N;091001.6307E;309.506150;-260.00;0.00;179.00;-8.00
2330267;281116;174838.00;512022.0706N;091001.6307E;309.506150;-260.00;0.00;179.00;-8.00
2330467;281116;174839.00;512022.0706N;091001.6307E;309.506150;-260.00;0.00;179.00;-8.00
2330667;281116;174840.00;512022.0706N;091001.6307E;309.506150;-260.00;0.00;179.00;-8.00
2330867;281116;174841.00;512022.0706N;091001.6307E;309.506150;-260.00;0.00;179.00;-8.00
2331067;281116;174842.00;512022.0706N;091001.6307E;309.506150;-260.00;0.00;179.00;-8.00
2331267;281116;174843.00;512022.0706N;091001.6307E;309.506150;-260.00;0.00;179.00;-8.00
2331467;281116;174844.00;512022.0706N;091001.6307E;309.506150;-260.00;0.00;179.00;-8.00
2331667;281116;174845.00;512022.0706N;091001.6307E;309.506150;-260.00;0.00;179.00;-8.00
2331867;281116;174846.00;512022.0706N;091001.6307E;309.506150;-260.00;0.00;179.00;-8.00
2332067;281116;174847.00;512022.0706N;091001.6307E;309.506150;-260.00;0.00;179.00;-8.00
2332267;281116;174848.00;512022.0706N;091001.6307E;309.506150;-260.00;0.00;179.00;-8.00
2332467;281116;174849.00;512022.0706N;091001.6307E;309.506150;-260.00;0.00;179.00;-8.00
2332667;281116;174850.00;512022.0706N;091001.6307E;309.506150;-260.00;0.00;179.00;-8.00
2332867;281116;174851.00;512022.0706N;091001.6307E;309.506150;-260.00;0.00;179.00;-8.00
2333067;281116;174852.00;512022.0706N;091001.6307E;309.506150;-260.00;0.00;179.00;-8.00
2333267;281116;174853.00;512022.0706N;091001.6307E;309.506150;-260.00;0.00;179.00;-8.00
2333467;281116;174854.00;512022.0706N;091001.6307E;309.506150;-260.00;0.00;179.00;-8.00
2333667;281116;174855.00;512022.0706N;091001.6307E;309.506150;-260.00;0.00;179.00;-8.00
2333867;281116;174856.00;512022.0706N;091001.6307E;309.506150;-260.00;0.00;179.00;-8.00
2334067;281116;174857.00;512022.0706N;091001.6307E;309.506150;-260.00;0.00;179.00;-8.00
2334267;281116;174858.00;512022.0706N;091001.6307E;309.506150;-260.00;0.00;179.00;-8.00
2334467;281116;174859.00;512022.0706N;091001.6307E;309.506150;-260.00;0.00;179.00;-8.00
2334667;281116;174900.00;512022.0706N;091001.6307E;309.506150;-260.00;0.00;179.00;-8.00
2334867;281116;174901.00;512022.0706N;091001.6307E;309.506150;-260.00;0.00;179.00;-8.00
2335067;281116;174902.00;512022.0706N;091001.6307E;309.506150;-260.00;0.00;179.00;-8.00
2335264;281116;174903.00;512022.0706N;091001.6307E;309.506150;-260.00;0.00;179.00;-8.00
2335464;281116;174904.00;512022.0706N;091001.6307E;309.506150;-260.00;0.00;179.00;-8.00
2335664;281116;174905.00;512022.0706N;091001.6307E;309.506150;-260.00;0.00;179.00;-8.00
2335864;281116;174906.00;512022.0706N;091001.6307E;309.506150;-260.00;0.00;179.00;-8.00
2336064;281116;174907.00;512022.0706N;091001.6307E;309.506150;-260.00;0.00;179.00;-8.00
2336264;281116;174908.00;512022.0706N;091001.6307E;309.506150;-260.00;0.00;179.00;-8.00
2336464;281116;174909.00;512022.0706N;091001.6307E;309.506150;-260.00;0.00;179.00;-8.00
2336664;281116;174910.00;512022.0706N;091001.6307E;309.506150;-260.00;0.00;179.00;-8.00
2336864;281116;174911.00;512022.0706N;091001.6307E;309.506150;-260.00;0.00;179.00;-8.00
2337064;281116;174912.00;512022.0706N;091001.6307E;309.506150;-260.00;0.00;179.00;-8.00
2337264;281116;174913.00;512022.0706N;091001.6307E;309.506150;-260.00;0.00;179.00;-8.00
2337464;281116;174914.00;512022.0706N;091001.6307E;309.506150;-260.00;0.00;179.00;-8.00
2337664;281116;174915.00;512022.0706N;091001.6307E;309.506150;-260.00;0.00;179.00;-8.00
2337864;281116;174916.00;512022.0706N;091001.6307E;309.506150;-260.00;0.00;179.00;-8.00
2338064;281116;174917.00;512022.0706N;091001.6307E;309.506150;-260.00;0.00;179.00;-8.00
2338242;281116;174918.00;512022.0706N;091001.6307E;309.506150;-260.00;0.00;179.00;-8.00
2338443;281116;174919.00;512022.0706N;091001.6307E;309.506150;-260.00;0.00;179.00;-8.00
2338643;281116;174920.00;512022.0706N;091001.6307E;309.506150;-260.00;0.00;179.00;-8.00
2338843;281116;174921.00;512022.0706N;091001.6307E;309.506150;-260.00;0.00;179.00;-8.00
2339043;281116;174922.00;512022.0706N;091001.6307E;309.506150;-260.00;0.00;179.00;-8.00
2339243;281116;174923.00;512022.0706N;091001.6307E;309.506150;-260.00;0.00;179.00;-8.00
2339443;281116;174924.00;512022.0706N;091001.6307E;309.506150;-260.00;0.00;179.00;-8.00
2339643;281116;174925.00;512022.0706N;091001.6307E;309.506150;-260.00;0.00;179.00;-8.00
2339842;281116;174926.00;512022.0706N;091001.6307E;309.506150;-260.00;0.00;179.00;-8.00
2340043;281116;174927.00;512022.0706N;091001.6307E;309.506150;-260.00;0.00;179.00;-8.00
2340243;281116;174928.00;512022.0706N;091001.6307E;309.506150;-260.00;0.00;179.00;-8.00
2340443;281116;174929.00;512022.0706N;091001.6307E;309.506150;-260.00;0.00;179.00;-8.00
2340643;281116;174930.00;512022.0706N;091001.6307E;309.506150;-260.00;0.00;179.00;-8.00
2340843;281116;174931.00;512022.0706N;091001.6307E;309.506150;-260.00;0.00;179.00;-8.00
2341042;281116;174932.00;512022.0706N;091001.6307E;309.506150;-260.00;0.00;179.00;-8.00
2341243;281116;174933.00;512022.0706N;091001.6307E;309.506150;-260.00;0.00;179.00;-8.00
2341443;281116;174934.00;512022.0706N;091001.6307E;309.506150;-260.00;0.00;179.00;-8.00
2341643;281116;174935.00;512022.0706N;091001.6307E;309.506150;-260.00;0.00;179.00;-8.00
2341842;281116;174936.00;512022.0706N;091001.6307E;309.506150;-260.00;0.00;179.00;-8.00
2342043;281116;174937.00;512022.0706N;091001.6307E;309.506150;-260.00;0.00;179.00;-8.00
2342243;281116;174938.00;512022.0706N;091001.6307E;309.506150;-260.00;0.00;179.00;-8.00
2342443;281116;174939.00;512022.0706N;091001.6307E;309.506150;-260.00;0.00;179.00;-8.00
2342643;281116;174940.00;512022.0706N;091001.6307E;309.506150;-260.00;0.00;179.00;-8.00
2342843;281116;174941.00;512022.0706N;091001.6307E;309.506150;-260.00;0.00;179.00;-8.00
2343043;281116;174942.00;512022.0706N;091001.6307E;309.506150;-260.00;0.00;179.00;-8.00
2343243;281116;174943.00;512022.0706N;091001.6307E;309.506150;-260.00;0.00;179.00;-8.00
2343443;281116;174944.00;512022.0706N;091001.6307E;309.506150;-260.00;0.00;179.00;-8.00
2343643;281116;174945.00;512022.0706N;091001.6307E;309.506150;-260.00;0.00;179.00;-8.00
2343843;281116;174946.00;512022.0706N;091001.6307E;309.506150;-260.00;0.00;179.00;-8.00
2344043;281116;174947.00;512022.0706N;091001.6307E;309.506150;-260.00;0.00;179.00;-8.00
2344243;281116;174948.00;512022.0706N;091001.6307E;309.506150;-260.00;0.00;179.00;-8.00
2344443;281116;174949.00;512022.0706N;091001.6307E;309.506150;-260.00;0.00;179.00;-8.00
2344643;281116;174950.00;512022.0706N;091001.6307E;309.506150;-260.00;0.00;179.00;-8.00
2344843;281116;174951.00;512022.0706N;091001.6307E;309.506150;-260.00;0.00;179.00;-8.00
2345043;281116;174952.00;512022.0706N;091001.6307E;309.506150;-260.00;0.00;179.00;-8.00
2345243;281116;174953.00;512022.0706N;091001.6307E;309.506150;-260.00;0.00;179.00;-8.00
2345443;281116;174954.00;512022.0706N;091001.6307E;309.506150;-260.00;0.00;179.00;-8.00
2345643;281116;174955.00;512022.0706N;091001.6307E;309.506150;-260.00;0.00;179.00;-8.00
2345842;281116;174956.00;512022.0706N;091001.6307E;309.506150;-260.00;0.00;179.00;-8.00
2346043;281116;174957.00;512022.0706N;091001.6307E;309.506150;-260.00;0.00;179.00;-8.00
2346243;281116;174958.00;512022.0706N;091001.6307E;309.506150;-260.00;0.00;179.00;-8.00
2346443;281116;174959.00;512022.0706N;091001.6307E;309.506150;-260.00;0.00;179.00;-8.00
2346643;281116;175000.00;512022.0706N;091001.6307E;309.506150;-260.00;0.00;179.00;-8.00
