2107378;281116;173001.00;512022.0706N;091001.6307E;309.506150;-260.00;0.00;179.00;-8.00
2107577;281116;173002.00;512022.0706N;091001.6307E;309.506150;-260.00;0.00;179.00;-8.00
2107777;281116;173003.00;512022.0706N;091001.6307E;309.506150;-260.00;0.00;179.00;-8.00
2107977;281116;173004.00;512022.0706N;091001.6307E;309.506150;-260.00;0.00;179.00;-8.00
2108177;281116;173005.00;512022.0706N;091001.6307E;309.506150;-260.00;0.00;179.00;-8.00
2108377;281116;173006.00;512022.0706N;091001.6307E;309.506150;-260.00;0.00;179.00;-8.00
2108567;281116;173007.00;512022.0706N;091001.6307E;309.506150;-260.00;0.00;179.00;-8.00
2108767;281116;173008.00;512022.0706N;091001.6307E;309.506150;-260.00;0.00;179.00;-8.00
2108967;281116;173009.00;512022.0706N;091001.6307E;309.506150;-260.00;0.00;179.00;-8.00
2109167;281116;173010.00;512022.0706N;091001.6307E;309.506150;-260.00;0.00;179.00;-8.00
2109367;281116;173011.00;512022.0706N;091001.6307E;309.506150;-260.00;0.00;179.00;-8.00
2109567;281116;173012.00;512022.0706N;091001.6307E;309.506150;-260.00;0.00;179.00;-8.00
2109767;281116;173013.00;512022.0706N;091001.6307E;309.506150;-260.00;0.00;179.00;-8.00
2109967;281116;173014.00;512022.0706N;091001.6307E;309.506150;-260.00;0.00;179.00;-8.00
2110166;281116;173015.00;512022.0706N;091001.6307E;309.506150;-260.00;0.00;179.00;-8.00
2110367;281116;173016.00;512022.0706N;091001.6307E;309.506150;-260.00;0.00;179.00;-8.00
2110567;281116;173017.00;512022.0706N;091001.6307E;309.506150;-260.00;0.00;179.00;-8.00
2110767;281116;173018.00;512022.0706N;091001.6307E;309.506150;-260.00;0.00;179.00;-8.00
2110965;281116;173019.00;512022.0706N;091001.6307E;309.506150;-260.00;0.00;179.00;-8.00
2111165;281116;173020.00;512022.0706N;091001.6307E;309.506150;-260.00;0.00;179.00;-8.00
2111346;281116;173021.00;512022.0706N;091001.6307E;309.506150;-260.00;0.00;179.00;-8.00
2111546;281116;173022.00;512022.0706N;091001.6307E;309.506150;-260.00;0.00;179.00;-8.00
2111746;281116;173023.00;512022.0706N;091001.6307E;309.506150;-260.00;0.00;179.00;-8.00
2111946;281116;173024.00;512022.0706N;091001.6307E;309.506150;-260.00;0.00;179.00;-8.00
2112145;281116;173025.00;512022.0706N;091001.6307E;309.506150;-260.00;0.00;179.00;-8.00
2112345;281116;173026.00;512022.0706N;091001.6307E;309.506150;-260.00;0.00;179.00;-8.00
2112545;281116;173027.00;512022.0706N;091001.6307E;309.506150;-260.00;0.00;179.00;-8.00
2112745;281116;173028.00;512022.0706N;091001.6307E;309.506150;-260.00;0.00;179.00;-8.00
2112945;281116;173029.00;512022.0706N;091001.6307E;309.506150;-260.00;0.00;179.00;-8.00
2113145;281116;173030.00;512022.0706N;091001.6307E;309.506150;-260.00;0.00;179.00;-8.00
2113345;281116;173031.00;512022.0706N;091001.6307E;309.506150;-260.00;0.00;179.00;-8.00
2113545;281116;173032.00;512022.0706N;091001.6307E;309.506150;-260.00;0.00;179.00;-8.00
2113745;281116;173033.00;512022.0706N;091001.6307E;309.506150;-260.00;0.00;179.00;-8.00
2113945;281116;173034.00;512022.0706N;091001.6307E;309.506150;-260.00;0.00;179.00;-8.00
2114145;281116;173035.00;512022.0706N;091001.6307E;309.506150;-260.00;0.00;179.00;-8.00
2114345;281116;173036.00;512022.0706N;091001.6307E;309.506150;-260.00;0.00;179.00;-8.00
2114545;281116;173037.00;512022.0706N;091001.6307E;309.506150;-260.00;0.00;179.00;-8.00
2114745;281116;173038.00;512022.0706N;091001.6307E;309.506150;-260.00;0.00;179.00;-8.00
2114945;281116;173039.00;512022.0706N;091001.6307E;309.506150;-260.00;0.00;179.00;-8.00
2115145;281116;173040.00;512022.0706N;091001.6307E;309.506150;-260.00;0.00;179.00;-8.00
2115345;281116;173041.00;512022.0706N;091001.6307E;309.506150;-260.00;0.00;179.00;-8.00
2115545;281116;173042.00;512022.0706N;091001.6307E;309.506150;-260.00;0.00;179.00;-8.00
2115745;281116;173043.00;512022.0706N;091001.6307E;309.506150;-260.00;0.00;179.00;-8.00
2115945;281116;173044.00;512022.0706N;091001.6307E;309.506150;-260.00;0.00;179.00;-8.00
2116145;281116;173045.00;512022.0706N;091001.6307E;309.506150;-260.00;0.00;179.00;-8.00
2116345;281116;173046.00;512022.0706N;091001.6307E;309.506150;-260.00;0.00;179.00;-8.00
2116545;281116;173047.00;512022.0706N;091001.6307E;309.506150;-260.00;0.00;179.00;-8.00
2116745;281116;173048.00;512022.0706N;091001.6307E;309.506150;-260.00;0.00;179.00;-8.00
2116945;281116;173049.00;512022.0706N;091001.6307E;309.506150;-260.00;0.00;179.00;-8.00
2117145;281116;173050.00;512022.0706N;091001.6307E;309.506150;-260.00;0.00;179.00;-8.00
2117345;281116;173051.00;512022.0706N;091001.6307E;309.506150;-260.00;0.00;179.00;-8.00
2117545;281116;173052.00;512022.0706N;091001.6307E;309.506150;-260.00;0.00;179.00;-8.00
2117745;281116;173053.00;512022.0706N;091001.6307E;309.506150;-260.00;0.00;179.00;-8.00
2117945;281116;173054.00;512022.0706N;091001.6307E;309.506150;-260.00;0.00;179.00;-8.00
2118145;281116;173055.00;512022.0706N;091001.6307E;309.506150;-260.00;0.00;179.00;-8.00
2118345;281116;173056.00;512022.0706N;091001.6307E;309.506150;-260.00;0.00;179.00;-8.00
2118543;281116;173057.00;512022.0706N;091001.6307E;309.506150;-260.00;0.00;179.00;-8.00
2118743;281116;173058.00;512022.0706N;091001.6307E;309.506150;-260.00;0.00;179.00;-8.00
2118943;281116;173059.00;512022.0706N;091001.6307E;309.506150;-260.00;0.00;179.00;-8.00
2119143;281116;173100.00;512022.0706N;091001.6307E;309.506150;-260.00;0.00;179.00;-8.00
2119343;281116;173101.00;512022.0706N;091001.6307E;309.506150;-260.00;0.00;179.00;-8.00
2119543;281116;173102.00;512022.0706N;091001.6307E;309.506150;-260.00;0.00;179.00;-8.00
2119743;281116;173103.00;512022.0706N;091001.6307E;309.506150;-260.00;0.00;179.00;-8.00
2119943;281116;173104.00;512022.0706N;091001.6307E;309.506150;-260.00;0.00;179.00;-8.00
2120143;281116;173105.00;512022.0706N;091001.6307E;309.506150;-260.00;0.00;179.00;-8.00
2120343;281116;173106.00;512022.0706N;091001.6307E;309.506150;-260.00;0.00;179.00;-8.00
2120543;281116;173107.00;512022.0706N;091001.6307E;309.506150;-260.00;0.00;179.00;-8.00
2120743;281116;173108.00;512022.0706N;091001.6307E;309.506150;-260.00;0.00;179.00;-8.00
2120943;281116;173109.00;512022.0706N;091001.6307E;309.506150;-260.00;0.00;179.00;-8.00
2121143;281116;173110.00;512022.0706N;091001.6307E;309.506150;-260.00;0.00;179.00;-8.00
2121343;281116;173111.00;512022.0706N;091001.6307E;309.506150;-260.00;0.00;179.00;-8.00
2121543;281116;173112.00;512022.0706N;091001.6307E;309.506150;-260.00;0.00;179.00;-8.00
2121743;281116;173113.00;512022.0706N;091001.6307E;309.506150;-260.00;0.00;179.00;-8.00
2121943;281116;173114.00;512022.0706N;091001.6307E;309.506150;-260.00;0.00;179.00;-8.00
2122143;281116;173115.00;512022.0706N;091001.6307E;309.506150;-260.00;0.00;179.00;-8.00
2122343;281116;173116.00;512022.0706N;091001.6307E;309.506150;-260.00;0.00;179.00;-8.00
2122541;281116;173117.00;512022.0706N;091001.6307E;309.506150;-260.00;0.00;179.00;-8.00
2122740;281116;173118.00;512022.0706N;091001.6307E;309.506150;-260.00;0.00;179.00;-8.00
2122941;281116;173119.00;512022.0706N;091001.6307E;309.506150;-260.00;0.00;179.00;-8.00
2123141;281116;173120.00;512022.0706N;091001.6307E;309.506150;-260.00;0.00;179.00;-8.00
2123341;281116;173121.00;512022.0706N;091001.6307E;309.506150;-260.00;0.00;179.00;-8.00
2123541;281116;173122.00;512022.0706N;091001.6307E;309.506150;-260.00;0.00;179.00;-8.00
2123729;281116;173123.00;512022.0706N;091001.6307E;309.506150;-260.00;0.00;179.00;-8.00
2123929;281116;173124.00;512022.0706N;091001.6307E;309.506150;-260.00;0.00;179.00;-8.00
2124129;281116;173125.00;512022.0706N;091001.6307E;309.506150;-260.00;0.00;179.00;-8.00
2124329;281116;173126.00;512022.0706N;091001.6307E;309.506150;-260.00;0.00;179.00;-8.00
2124529;281116;173127.00;512022.0706N;091001.6307E;309.506150;-260.00;0.00;179.00;-8.00
2124729;281116;173128.00;512022.0706N;091001.6307E;309.506150;-260.00;0.00;179.00;-8.00
2124929;281116;173129.00;512022.0706N;091001.6307E;309.506150;-260.00;0.00;179.00;-8.00
2125129;281116;173130.00;512022.0706N;091001.6307E;309.506150;-260.00;0.00;179.00;-8.00
2125329;281116;173131.00;512022.0706N;091001.6307E;309.506150;-260.00;0.00;179.00;-8.00
2125529;281116;173132.00;512022.0706N;091001.6307E;309.506150;-260.00;0.00;179.00;-8.00
2125729;281116;173133.00;512022.0706N;091001.6307E;309.506150;-260.00;0.00;179.00;-8.00
2125929;281116;173134.00;512022.0706N;091001.6307E;309.506150;-260.00;0.00;179.00;-8.00
2126129;281116;173135.00;512022.0706N;091001.6307E;309.506150;-260.00;0.00;179.00;-8.00
2126329;281116;173136.00;512022.0706N;091001.6307E;309.506150;-260.00;0.00;179.00;-8.00
2126528;281116;173137.00;512022.0706N;091001.6307E;309.506150;-260.00;0.00;179.00;-8.00
2126729;281116;173138.00;512022.0706N;091001.6307E;309.506150;-260.00;0.00;179.00;-8.00
2126929;281116;173139.00;512022.0706N;091001.6307E;309.506150;-260.00;0.00;179.00;-8.00
2127129;281116;173140.00;512022.0706N;091001.6307E;309.506150;-260.00;0.00;179.00;-8.00
2127328;281116;173141.00;512022.0706N;091001.6307E;309.506150;-260.00;0.00;179.00;-8.00
2127529;281116;173142.00;512022.0706N;091001.6307E;309.506150;-260.00;0.00;179.00;-8.00
2127729;281116;173143.00;512022.0706N;091001.6307E;309.506150;-260.00;0.00;179.00;-8.00
2127929;281116;173144.00;512022.0706N;091001.6307E;309.506150;-260.00;0.00;179.00;-8.00
2128117;281116;173145.00;512022.0706N;091001.6307E;309.506150;-260.00;0.00;179.00;-8.00
2128317;281116;173146.00;512022.0706N;091001.6307E;309.506150;-260.00;0.00;179.00;-8.00
2128517;281116;173147.00;512022.0706N;091001.6307E;309.506150;-260.00;0.00;179.00;-8.00
2128717;281116;173148.00;512022.0706N;091001.6307E;309.506150;-260.00;0.00;179.00;-8.00
2128917;281116;173149.00;512022.0706N;091001.6307E;309.506150;-260.00;0.00;179.00;-8.00
2129114;281116;173150.00;512022.0706N;091001.6307E;309.506150;-260.00;0.00;179.00;-8.00
2129314;281116;173151.00;512022.0706N;091001.6307E;309.506150;-260.00;0.00;179.00;-8.00
2129514;281116;173152.00;512022.0706N;091001.6307E;309.506150;-260.00;0.00;179.00;-8.00
2129714;281116;173153.00;512022.0706N;091001.6307E;309.506150;-260.00;0.00;179.00;-8.00
2129914;281116;173154.00;512022.0706N;091001.6307E;309.506150;-260.00;0.00;179.00;-8.00
2130114;281116;173155.00;512022.0706N;091001.6307E;309.506150;-260.00;0.00;179.00;-8.00
2130314;281116;173156.00;512022.0706N;091001.6307E;309.506150;-260.00;0.00;179.00;-8.00
2130514;281116;173157.00;512022.0706N;091001.6307E;309.506150;-260.00;0.00;179.00;-8.00
2130714;281116;173158.00;512022.0706N;091001.6307E;309.506150;-260.00;0.00;179.00;-8.00
2130914;281116;173159.00;512022.0706N;091001.6307E;309.506150;-260.00;0.00;179.00;-8.00
2131114;281116;173200.00;512022.0706N;091001.6307E;309.506150;-260.00;0.00;179.00;-8.00
2131308;281116;173201.00;512022.0706N;091001.6307E;309.506150;-260.00;0.00;179.00;-8.00
2131508;281116;173202.00;512022.0706N;091001.6307E;309.506150;-260.00;0.00;179.00;-8.00
2131708;281116;173203.00;512022.0706N;091001.6307E;309.506150;-260.00;0.00;179.00;-8.00
2131906;281116;173204.00;512022.0706N;091001.6307E;309.506150;-260.00;0.00;179.00;-8.00
2132106;281116;173205.00;512022.0706N;091001.6307E;309.506150;-260.00;0.00;179.00;-8.00
2132306;281116;173206.00;512022.0706N;091001.6307E;309.506150;-260.00;0.00;179.00;-8.00
2132506;281116;173207.00;512022.0706N;091001.6307E;309.506150;-260.00;0.00;179.00;-8.00
2132706;281116;173208.00;512022.0706N;091001.6307E;309.506150;-260.00;0.00;179.00;-8.00
2132906;281116;173209.00;512022.0706N;091001.6307E;309.506150;-260.00;0.00;179.00;-8.00
2133106;281116;173210.00;512022.0706N;091001.6307E;309.506150;-260.00;0.00;179.00;-8.00
2133306;281116;173211.00;512022.0706N;091001.6307E;309.506150;-260.00;0.00;179.00;-8.00
2133506;281116;173212.00;512022.0706N;091001.6307E;309.506150;-260.00;0.00;179.00;-8.00
2133706;281116;173213.00;512022.0706N;091001.6307E;309.506150;-260.00;0.00;179.00;-8.00
2133906;281116;173214.00;512022.0706N;091001.6307E;309.506150;-260.00;0.00;179.00;-8.00
2134106;281116;173215.00;512022.0706N;091001.6307E;309.506150;-260.00;0.00;179.00;-8.00
2134306;281116;173216.00;512022.0706N;091001.6307E;309.506150;-260.00;0.00;179.00;-8.00
2134506;281116;173217.00;512022.0706N;091001.6307E;309.506150;-260.00;0.00;179.00;-8.00
2134706;281116;173218.00;512022.0706N;091001.6307E;309.506150;-260.00;0.00;179.00;-8.00
2134906;281116;173219.00;512022.0706N;091001.6307E;309.506150;-260.00;0.00;179.00;-8.00
2135106;281116;173220.00;512022.0706N;091001.6307E;309.506150;-260.00;0.00;179.00;-8.00
2135306;281116;173221.00;512022.0706N;091001.6307E;309.506150;-260.00;0.00;179.00;-8.00
2135506;281116;173222.00;512022.0706N;091001.6307E;309.506150;-260.00;0.00;179.00;-8.00
2135706;281116;173223.00;512022.0706N;091001.6307E;309.506150;-260.00;0.00;179.00;-8.00
2135906;281116;173224.00;512022.0706N;091001.6307E;309.506150;-260.00;0.00;179.00;-8.00
2136106;281116;173225.00;512022.0706N;091001.6307E;309.506150;-260.00;0.00;179.00;-8.00
2136306;281116;173226.00;512022.0706N;091001.6307E;309.506150;-260.00;0.00;179.00;-8.00
2136506;281116;173227.00;512022.0706N;091001.6307E;309.506150;-260.00;0.00;179.00;-8.00
2136706;281116;173228.00;512022.0706N;091001.6307E;309.506150;-260.00;0.00;179.00;-8.00
2136906;281116;173229.00;512022.0706N;091001.6307E;309.506150;-260.00;0.00;179.00;-8.00
2137106;281116;173230.00;512022.0706N;091001.6307E;309.506150;-260.00;0.00;179.00;-8.00
2137306;281116;173231.00;512022.0706N;091001.6307E;309.506150;-260.00;0.00;179.00;-8.00
2137506;281116;173232.00;512022.0706N;091001.6307E;309.506150;-260.00;0.00;179.00;-8.00
2137706;281116;173233.00;512022.0706N;091001.6307E;309.506150;-260.00;0.00;179.00;-8.00
2137906;281116;173234.00;512022.0706N;091001.6307E;309.506150;-260.00;0.00;179.00;-8.00
2138106;281116;173235.00;512022.0706N;091001.6307E;309.506150;-260.00;0.00;179.00;-8.00
2138306;281116;173236.00;512022.0706N;091001.6307E;309.506150;-260.00;0.00;179.00;-8.00
2138479;281116;173237.00;512022.0706N;091001.6307E;309.506150;-260.00;0.00;179.00;-8.00
2138679;281116;173238.00;512022.0706N;091001.6307E;309.506150;-260.00;0.00;179.00;-8.00
2138879;281116;173239.00;512022.0706N;091001.6307E;309.506150;-260.00;0.00;179.00;-8.00
2139078;281116;173240.00;512022.0706N;091001.6307E;309.506150;-260.00;0.00;179.00;-8.00
2139279;281116;173241.00;512022.0706N;091001.6307E;309.506150;-260.00;0.00;179.00;-8.00
2139479;281116;173242.00;512022.0706N;091001.6307E;309.506150;-260.00;0.00;179.00;-8.00
2139679;281116;173243.00;512022.0706N;091001.6307E;309.506150;-260.00;0.00;179.00;-8.00
2139879;281116;173244.00;512022.0706N;091001.6307E;309.506150;-260.00;0.00;179.00;-8.00
2140079;281116;173245.00;512022.0706N;091001.6307E;309.506150;-260.00;0.00;179.00;-8.00
2140279;281116;173246.00;512022.0706N;091001.6307E;309.506150;-260.00;0.00;179.00;-8.00
2140479;281116;173247.00;512022.0706N;091001.6307E;309.506150;-260.00;0.00;179.00;-8.00
2140679;281116;173248.00;512022.0706N;091001.6307E;309.506150;-260.00;0.00;179.00;-8.00
2140879;281116;173249.00;512022.0706N;091001.6307E;309.506150;-260.00;0.00;179.00;-8.00
2141079;281116;173250.00;512022.0706N;091001.6307E;309.506150;-260.00;0.00;179.00;-8.00
2141279;281116;173251.00;512022.0706N;091001.6307E;309.506150;-260.00;0.00;179.00;-8.00
2141479;281116;173252.00;512022.0706N;091001.6307E;309.506150;-260.00;0.00;179.00;-8.00
2141679;281116;173253.00;512022.0706N;091001.6307E;309.506150;-260.00;0.00;179.00;-8.00
2141879;281116;173254.00;512022.0706N;091001.6307E;309.506150;-260.00;0.00;179.00;-8.00
2142078;281116;173255.00;512022.0706N;091001.6307E;309.506150;-260.00;0.00;179.00;-8.00
2142278;281116;173256.00;512022.0706N;091001.6307E;309.506150;-260.00;0.00;179.00;-8.00
2142465;281116;173257.00;512022.0706N;091001.6307E;309.506150;-260.00;0.00;179.00;-8.00
2142665;281116;173258.00;512022.0706N;091001.6307E;309.506150;-260.00;0.00;179.00;-8.00
2142865;281116;173259.00;512022.0706N;091001.6307E;309.506150;-260.00;0.00;179.00;-8.00
2143063;281116;173300.00;512022.0706N;091001.6307E;309.506150;-260.00;0.00;179.00;-8.00
2143263;281116;173301.00;512022.0706N;091001.6307E;309.506150;-260.00;0.00;179.00;-8.00
2143463;281116;173302.00;512022.0706N;091001.6307E;309.506150;-260.00;0.00;179.00;-8.00
2143663;281116;173303.00;512022.0706N;091001.6307E;309.506150;-260.00;0.00;179.00;-8.00
2143863;281116;173304.00;512022.0706N;091001.6307E;309.506150;-260.00;0.00;179.00;-8.00
2144063;281116;173305.00;512022.0706N;091001.6307E;309.506150;-260.00;0.00;179.00;-8.00
2144263;281116;173306.00;512022.0706N;091001.6307E;309.506150;-260.00;0.00;179.00;-8.00
2144463;281116;173307.00;512022.0706N;091001.6307E;309.506150;-260.00;0.00;179.00;-8.00
2144663;281116;173308.00;512022.0706N;091001.6307E;309.506150;-260.00;0.00;179.00;-8.00
2144863;281116;173309.00;512022.0706N;091001.6307E;309.506150;-260.00;0.00;179.00;-8.00
2145063;281116;173310.00;512022.0706N;091001.6307E;309.506150;-260.00;0.00;179.00;-8.00
2145263;281116;173311.00;512022.0706N;091001.6307E;309.506150;-260.00;0.00;179.00;-8.00
2145463;281116;173312.00;512022.0706N;091001.6307E;309.506150;-260.00;0.00;179.00;-8.00
2145663;281116;173313.00;512022.0706N;091001.6307E;309.506150;-260.00;0.00;179.00;-8.00
2145863;281116;173314.00;512022.0706N;091001.6307E;309.506150;-260.00;0.00;179.00;-8.00
2146056;281116;173315.00;512022.0706N;091001.6307E;309.506150;-260.00;0.00;179.00;-8.00
2146256;281116;173316.00;512022.0706N;091001.6307E;309.506150;-260.00;0.00;179.00;-8.00
2146456;281116;173317.00;512022.0706N;091001.6307E;309.506150;-260.00;0.00;179.00;-8.00
2146656;281116;173318.00;512022.0706N;091001.6307E;309.506150;-260.00;0.00;179.00;-8.00
2146856;281116;173319.00;512022.0706N;091001.6307E;309.506150;-260.00;0.00;179.00;-8.00
2147056;281116;173320.00;512022.0706N;091001.6307E;309.506150;-260.00;0.00;179.00;-8.00
2147256;281116;173321.00;512022.0706N;091001.6307E;309.506150;-260.00;0.00;179.00;-8.00
2147456;281116;173322.00;512022.0706N;091001.6307E;309.506150;-260.00;0.00;179.00;-8.00
2147656;281116;173323.00;512022.0706N;091001.6307E;309.506150;-260.00;0.00;179.00;-8.00
2147856;281116;173324.00;512022.0706N;091001.6307E;309.506150;-260.00;0.00;179.00;-8.00
2148056;281116;173325.00;512022.0706N;091001.6307E;309.506150;-260.00;0.00;179.00;-8.00
2148256;281116;173326.00;512022.0706N;091001.6307E;309.506150;-260.00;0.00;179.00;-8.00
2148456;281116;173327.00;512022.0706N;091001.6307E;309.506150;-260.00;0.00;179.00;-8.00
2148656;281116;173328.00;512022.0706N;091001.6307E;309.506150;-260.00;0.00;179.00;-8.00
2148856;281116;173329.00;512022.0706N;091001.6307E;309.506150;-260.00;0.00;179.00;-8.00
2149056;281116;173330.00;512022.0706N;091001.6307E;309.506150;-260.00;0.00;179.00;-8.00
2149256;281116;173331.00;512022.0706N;091001.6307E;309.506150;-260.00;0.00;179.00;-8.00
2149456;281116;173332.00;512022.0706N;091001.6307E;309.506150;-260.00;0.00;179.00;-8.00
2149654;281116;173333.00;512022.0706N;091001.6307E;309.506150;-260.00;0.00;179.00;-8.00
2149854;281116;173334.00;512022.0706N;091001.6307E;309.506150;-260.00;0.00;179.00;-8.00
2150054;281116;173335.00;512022.0706N;091001.6307E;309.506150;-260.00;0.00;179.00;-8.00
2150246;281116;173336.00;512022.0706N;091001.6307E;309.506150;-260.00;0.00;179.00;-8.00
2150446;281116;173337.00;512022.0706N;091001.6307E;309.506150;-260.00;0.00;179.00;-8.00
2150646;281116;173338.00;512022.0706N;091001.6307E;309.506150;-260.00;0.00;179.00;-8.00
2150839;281116;173339.00;512022.0706N;091001.6307E;309.506150;-260.00;0.00;179.00;-8.00
2151039;281116;173340.00;512022.0706N;091001.6307E;309.506150;-260.00;0.00;179.00;-8.00
2151239;281116;173341.00;512022.0706N;091001.6307E;309.506150;-260.00;0.00;179.00;-8.00
2151439;281116;173342.00;512022.0706N;091001.6307E;309.506150;-260.00;0.00;179.00;-8.00
2151639;281116;173343.00;512022.0706N;091001.6307E;309.506150;-260.00;0.00;179.00;-8.00
2151839;281116;173344.00;512022.0706N;091001.6307E;309.506150;-260.00;0.00;179.00;-8.00
2152031;281116;173345.00;512022.0706N;091001.6307E;309.506150;-260.00;0.00;179.00;-8.00
2152231;281116;173346.00;512022.0706N;091001.6307E;309.506150;-260.00;0.00;179.00;-8.00
2152431;281116;173347.00;512022.0706N;091001.6307E;309.506150;-260.00;0.00;179.00;-8.00
2152631;281116;173348.00;512022.0706N;091001.6307E;309.506150;-260.00;0.00;179.00;-8.00
2152829;281116;173349.00;512022.0706N;091001.6307E;309.506150;-260.00;0.00;179.00;-8.00
2153029;281116;173350.00;512022.0706N;091001.6307E;309.506150;-260.00;0.00;179.00;-8.00
2153229;281116;173351.00;512022.0706N;091001.6307E;309.506150;-260.00;0.00;179.00;-8.00
2153429;281116;173352.00;512022.0706N;091001.6307E;309.506150;-260.00;0.00;179.00;-8.00
2153629;281116;173353.00;512022.0706N;091001.6307E;309.506150;-260.00;0.00;179.00;-8.00
2153829;281116;173354.00;512022.0706N;091001.6307E;309.506150;-260.00;0.00;179.00;-8.00
2154029;281116;173355.00;512022.0706N;091001.6307E;309.506150;-260.00;0.00;179.00;-8.00
2154229;281116;173356.00;512022.0706N;091001.6307E;309.506150;-260.00;0.00;179.00;-8.00
2154429;281116;173357.00;512022.0706N;091001.6307E;309.506150;-260.00;0.00;179.00;-8.00
2154629;281116;173358.00;512022.0706N;091001.6307E;309.506150;-260.00;0.00;179.00;-8.00
2154829;281116;173359.00;512022.0706N;091001.6307E;309.506150;-260.00;0.00;179.00;-8.00
2155029;281116;173400.00;512022.0706N;091001.6307E;309.506150;-260.00;0.00;179.00;-8.00
2155229;281116;173401.00;512022.0706N;091001.6307E;309.506150;-260.00;0.00;179.00;-8.00
2155428;281116;173402.00;512022.0706N;091001.6307E;309.506150;-260.00;0.00;179.00;-8.00
2155629;281116;173403.00;512022.0706N;091001.6307E;309.506150;-260.00;0.00;179.00;-8.00
2155829;281116;173404.00;512022.0706N;091001.6307E;309.506150;-260.00;0.00;179.00;-8.00
2156029;281116;173405.00;512022.0706N;091001.6307E;309.506150;-260.00;0.00;179.00;-8.00
2156229;281116;173406.00;512022.0706N;091001.6307E;309.506150;-260.00;0.00;179.00;-8.00
2156429;281116;173407.00;512022.0706N;091001.6307E;309.506150;-260.00;0.00;179.00;-8.00
2156608;281116;173408.00;512022.0706N;091001.6307E;309.506150;-260.00;0.00;179.00;-8.00
2156808;281116;173409.00;512022.0706N;091001.6307E;309.506150;-260.00;0.00;179.00;-8.00
2157008;281116;173410.00;512022.0706N;091001.6307E;309.506150;-260.00;0.00;179.00;-8.00
2157208;281116;173411.00;512022.0706N;091001.6307E;309.506150;-260.00;0.00;179.00;-8.00
2157408;281116;173412.00;512022.0706N;091001.6307E;309.506150;-260.00;0.00;179.00;-8.00
2157608;281116;173413.00;512022.0706N;091001.6307E;309.506150;-260.00;0.00;179.00;-8.00
2157808;281116;173414.00;512022.0706N;091001.6307E;309.506150;-260.00;0.00;179.00;-8.00
2158008;281116;173415.00;512022.0706N;091001.6307E;309.506150;-260.00;0.00;179.00;-8.00
2158208;281116;173416.00;512022.0706N;091001.6307E;309.506150;-260.00;0.00;179.00;-8.00
2158408;281116;173417.00;512022.0706N;091001.6307E;309.506150;-260.00;0.00;179.00;-8.00
2158608;281116;173418.00;512022.0706N;091001.6307E;309.506150;-260.00;0.00;179.00;-8.00
2158808;281116;173419.00;512022.0706N;091001.6307E;309.506150;-260.00;0.00;179.00;-8.00
2159008;281116;173420.00;512022.0706N;091001.6307E;309.506150;-260.00;0.00;179.00;-8.00
2159208;281116;173421.00;512022.0706N;091001.6307E;309.506150;-260.00;0.00;179.00;-8.00
2159408;281116;173422.00;512022.0706N;091001.6307E;309.506150;-260.00;0.00;179.00;-8.00
2159608;281116;173423.00;512022.0706N;091001.6307E;309.506150;-260.00;0.00;179.00;-8.00
2159807;281116;173424.00;512022.0706N;091001.6307E;309.506150;-260.00;0.00;179.00;-8.00
2160008;281116;173425.00;512022.0706N;091001.6307E;309.506150;-260.00;0.00;179.00;-8.00
2160208;281116;173426.00;512022.0706N;091001.6307E;309.506150;-260.00;0.00;179.00;-8.00
2160408;281116;173427.00;512022.0706N;091001.6307E;309.506150;-260.00;0.00;179.00;-8.00
2160608;281116;173428.00;512022.0706N;091001.6307E;309.506150;-260.00;0.00;179.00;-8.00
2160808;281116;173429.00;512022.0706N;091001.6307E;309.506150;-260.00;0.00;179.00;-8.00
2161007;281116;173430.00;512022.0706N;091001.6307E;309.506150;-260.00;0.00;179.00;-8.00
2161208;281116;173431.00;512022.0706N;091001.6307E;309.506150;-260.00;0.00;179.00;-8.00
2161407;281116;173432.00;512022.0706N;091001.6307E;309.506150;-260.00;0.00;179.00;-8.00
2161608;281116;173433.00;512022.0706N;091001.6307E;309.506150;-260.00;0.00;179.00;-8.00
2161808;281116;173434.00;512022.0706N;091001.6307E;309.506150;-260.00;0.00;179.00;-8.00
2162008;281116;173435.00;512022.0706N;091001.6307E;309.506150;-260.00;0.00;179.00;-8.00
2162208;281116;173436.00;512022.0706N;091001.6307E;309.506150;-260.00;0.00;179.00;-8.00
2162408;281116;173437.00;512022.0706N;091001.6307E;309.506150;-260.00;0.00;179.00;-8.00
2162602;281116;173438.00;512022.0706N;091001.6307E;309.506150;-260.00;0.00;179.00;-8.00
2162802;281116;173439.00;512022.0706N;091001.6307E;309.506150;-260.00;0.00;179.00;-8.00
2163002;281116;173440.00;512022.0706N;091001.6307E;309.506150;-260.00;0.00;179.00;-8.00
2163202;281116;173441.00;512022.0706N;091001.6307E;309.506150;-260.00;0.00;179.00;-8.00
2163402;281116;173442.00;512022.0706N;091001.6307E;309.506150;-260.00;0.00;179.00;-8.00
2163602;281116;173443.00;512022.0706N;091001.6307E;309.506150;-260.00;0.00;179.00;-8.00
2163802;281116;173444.00;512022.0706N;091001.6307E;309.506150;-260.00;0.00;179.00;-8.00
2164002;281116;173445.00;512022.0706N;091001.6307E;309.506150;-260.00;0.00;179.00;-8.00
2164202;281116;173446.00;512022.0706N;091001.6307E;309.506150;-260.00;0.00;179.00;-8.00
2164402;281116;173447.00;512022.0706N;091001.6307E;309.506150;-260.00;0.00;179.00;-8.00
2164602;281116;173448.00;512022.0706N;091001.6307E;309.506150;-260.00;0.00;179.00;-8.00
2164802;281116;173449.00;512022.0706N;091001.6307E;309.506150;-260.00;0.00;179.00;-8.00
2165002;281116;173450.00;512022.0706N;091001.6307E;309.506150;-260.00;0.00;179.00;-8.00
2165182;281116;173451.00;512022.0706N;091001.6307E;309.506150;-260.00;0.00;179.00;-8.00
2165381;281116;173452.00;512022.0706N;091001.6307E;309.506150;-260.00;0.00;179.00;-8.00
2165582;281116;173453.00;512022.0706N;091001.6307E;309.506150;-260.00;0.00;179.00;-8.00
2165782;281116;173454.00;512022.0706N;091001.6307E;309.506150;-260.00;0.00;179.00;-8.00
2165982;281116;173455.00;512022.0706N;091001.6307E;309.506150;-260.00;0.00;179.00;-8.00
2166182;281116;173456.00;512022.0706N;091001.6307E;309.506150;-260.00;0.00;179.00;-8.00
2166382;281116;173457.00;512022.0706N;091001.6307E;309.506150;-260.00;0.00;179.00;-8.00
2166582;281116;173458.00;512022.0706N;091001.6307E;309.506150;-260.00;0.00;179.00;-8.00
2166782;281116;173459.00;512022.0706N;091001.6307E;309.506150;-260.00;0.00;179.00;-8.00
2166976;281116;173500.00;512022.0706N;091001.6307E;309.506150;-260.00;0.00;179.00;-8.00
2167176;281116;173501.00;512022.0706N;091001.6307E;309.506150;-260.00;0.00;179.00;-8.00
2167370;281116;173502.00;512022.0706N;091001.6307E;309.506150;-260.00;0.00;179.00;-8.00
2167570;281116;173503.00;512022.0706N;091001.6307E;309.506150;-260.00;0.00;179.00;-8.00
2167770;281116;173504.00;512022.0706N;091001.6307E;309.506150;-260.00;0.00;179.00;-8.00
2167970;281116;173505.00;512022.0706N;091001.6307E;309.506150;-260.00;0.00;179.00;-8.00
2168170;281116;173506.00;512022.0706N;091001.6307E;309.506150;-260.00;0.00;179.00;-8.00
2168370;281116;173507.00;512022.0706N;091001.6307E;309.506150;-260.00;0.00;179.00;-8.00
2168570;281116;173508.00;512022.0706N;091001.6307E;309.506150;-260.00;0.00;179.00;-8.00
2168770;281116;173509.00;512022.0706N;091001.6307E;309.506150;-260.00;0.00;179.00;-8.00
2168970;281116;173510.00;512022.0706N;091001.6307E;309.506150;-260.00;0.00;179.00;-8.00
2169170;281116;173511.00;512022.0706N;091001.6307E;309.506150;-260.00;0.00;179.00;-8.00
2169367;281116;173512.00;512022.0706N;091001.6307E;309.506150;-260.00;0.00;179.00;-8.00
2169567;281116;173513.00;512022.0706N;091001.6307E;309.506150;-260.00;0.00;179.00;-8.00
2169767;281116;173514.00;512022.0706N;091001.6307E;309.506150;-260.00;0.00;179.00;-8.00
2169967;281116;173515.00;512022.0706N;091001.6307E;309.506150;-260.00;0.00;179.00;-8.00
2170166;281116;173516.00;512022.0706N;091001.6307E;309.506150;-260.00;0.00;179.00;-8.00
2170366;281116;173517.00;512022.0706N;091001.6307E;309.506150;-260.00;0.00;179.00;-8.00
2170566;281116;173518.00;512022.0706N;091001.6307E;309.506150;-260.00;0.00;179.00;-8.00
2170766;281116;173519.00;512022.0706N;091001.6307E;309.506150;-260.00;0.00;179.00;-8.00
2170966;281116;173520.00;512022.0706N;091001.6307E;309.506150;-260.00;0.00;179.00;-8.00
2171166;281116;173521.00;512022.0706N;091001.6307E;309.506150;-260.00;0.00;179.00;-8.00
2171366;281116;173522.00;512022.0706N;091001.6307E;309.506150;-260.00;0.00;179.00;-8.00
2171566;281116;173523.00;512022.0706N;091001.6307E;309.506150;-260.00;0.00;179.00;-8.00
2171766;281116;173524.00;512022.0706N;091001.6307E;309.506150;-260.00;0.00;179.00;-8.00
2171966;281116;173525.00;512022.0706N;091001.6307E;309.506150;-260.00;0.00;179.00;-8.00
2172166;281116;173526.00;512022.0706N;091001.6307E;309.506150;-260.00;0.00;179.00;-8.00
2172366;281116;173527.00;512022.0706N;091001.6307E;309.506150;-260.00;0.00;179.00;-8.00
2172566;281116;173528.00;512022.0706N;091001.6307E;309.506150;-260.00;0.00;179.00;-8.00
2172766;281116;173529.00;512022.0706N;091001.6307E;309.506150;-260.00;0.00;179.00;-8.00
2172966;281116;173530.00;512022.0706N;091001.6307E;309.506150;-260.00;0.00;179.00;-8.00
2173166;281116;173531.00;512022.0706N;091001.6307E;309.506150;-260.00;0.00;179.00;-8.00
2173339;281116;173532.00;512022.0706N;091001.6307E;309.506150;-260.00;0.00;179.00;-8.00
2173539;281116;173533.00;512022.0706N;091001.6307E;309.506150;-260.00;0.00;179.00;-8.00
2173739;281116;173534.00;512022.0706N;091001.6307E;309.506150;-260.00;0.00;179.00;-8.00
2173939;281116;173535.00;512022.0706N;091001.6307E;309.506150;-260.00;0.00;179.00;-8.00
2174139;281116;173536.00;512022.0706N;091001.6307E;309.506150;-260.00;0.00;179.00;-8.00
2174339;281116;173537.00;512022.0706N;091001.6307E;309.506150;-260.00;0.00;179.00;-8.00
2174539;281116;173538.00;512022.0706N;091001.6307E;309.506150;-260.00;0.00;179.00;-8.00
2174739;281116;173539.00;512022.0706N;091001.6307E;309.506150;-260.00;0.00;179.00;-8.00
2174939;281116;173540.00;512022.0706N;091001.6307E;309.506150;-260.00;0.00;179.00;-8.00
2175139;281116;173541.00;512022.0706N;091001.6307E;309.506150;-260.00;0.00;179.00;-8.00
2175339;281116;173542.00;512022.0706N;091001.6307E;309.506150;-260.00;0.00;179.00;-8.00
2175539;281116;173543.00;512022.0706N;091001.6307E;309.506150;-260.00;0.00;179.00;-8.00
2175739;281116;173544.00;512022.0706N;091001.6307E;309.506150;-260.00;0.00;179.00;-8.00
2175939;281116;173545.00;512022.0706N;091001.6307E;309.506150;-260.00;0.00;179.00;-8.00
2176139;281116;173546.00;512022.0706N;091001.6307E;309.506150;-260.00;0.00;179.00;-8.00
2176339;281116;173547.00;512022.0706N;091001.6307E;309.506150;-260.00;0.00;179.00;-8.00
2176539;281116;173548.00;512022.0706N;091001.6307E;309.506150;-260.00;0.00;179.00;-8.00
2176739;281116;173549.00;512022.0706N;091001.6307E;309.506150;-260.00;0.00;179.00;-8.00
2176939;281116;173550.00;512022.0706N;091001.6307E;309.506150;-260.00;0.00;179.00;-8.00
2177112;281116;173551.00;512022.0706N;091001.6307E;309.506150;-260.00;0.00;179.00;-8.00
2177312;281116;173552.00;512022.0706N;091001.6307E;309.506150;-260.00;0.00;179.00;-8.00
2177512;281116;173553.00;512022.0706N;091001.6307E;309.506150;-260.00;0.00;179.00;-8.00
2177712;281116;173554.00;512022.0706N;091001.6307E;309.506150;-260.00;0.00;179.00;-8.00
2177912;281116;173555.00;512022.0706N;091001.6307E;309.506150;-260.00;0.00;179.00;-8.00
2178112;281116;173556.00;512022.0706N;091001.6307E;309.506150;-260.00;0.00;179.00;-8.00
2178312;281116;173557.00;512022.0706N;091001.6307E;309.506150;-260.00;0.00;179.00;-8.00
2178512;281116;173558.00;512022.0706N;091001.6307E;309.506150;-260.00;0.00;179.00;-8.00
2178712;281116;173559.00;512022.0706N;091001.6307E;309.506150;-260.00;0.00;179.00;-8.00
2178912;281116;173600.00;512022.0706N;091001.6307E;309.506150;-260.00;0.00;179.00;-8.00
2179112;281116;173601.00;512022.0706N;091001.6307E;309.506150;-260.00;0.00;179.00;-8.00
2179312;281116;173602.00;512022.0706N;091001.6307E;309.506150;-260.00;0.00;179.00;-8.00
2179512;281116;173603.00;512022.0706N;091001.6307E;309.506150;-260.00;0.00;179.00;-8.00
2179712;281116;173604.00;512022.0706N;091001.6307E;309.506150;-260.00;0.00;179.00;-8.00
2179912;281116;173605.00;512022.0706N;091001.6307E;309.506150;-260.00;0.00;179.00;-8.00
2180112;281116;173606.00;512022.0706N;091001.6307E;309.506150;-260.00;0.00;179.00;-8.00
2180312;281116;173607.00;512022.0706N;091001.6307E;309.506150;-260.00;0.00;179.00;-8.00
2180512;281116;173608.00;512022.0706N;091001.6307E;309.506150;-260.00;0.00;179.00;-8.00
2180712;281116;173609.00;512022.0706N;091001.6307E;309.506150;-260.00;0.00;179.00;-8.00
2180912;281116;173610.00;512022.0706N;091001.6307E;309.506150;-260.00;0.00;179.00;-8.00
2181112;281116;173611.00;512022.0706N;091001.6307E;309.506150;-260.00;0.00;179.00;-8.00
2181312;281116;173612.00;512022.0706N;091001.6307E;309.506150;-260.00;0.00;179.00;-8.00
2181512;281116;173613.00;512022.0706N;091001.6307E;309.506150;-260.00;0.00;179.00;-8.00
2181712;281116;173614.00;512022.0706N;091001.6307E;309.506150;-260.00;0.00;179.00;-8.00
2181912;281116;173615.00;512022.0706N;091001.6307E;309.506150;-260.00;0.00;179.00;-8.00
2182112;281116;173616.00;512022.0706N;091001.6307E;309.506150;-260.00;0.00;179.00;-8.00
2182312;281116;173617.00;512022.0706N;091001.6307E;309.506150;-260.00;0.00;179.00;-8.00
2182512;281116;173618.00;512022.0706N;091001.6307E;309.506150;-260.00;0.00;179.00;-8.00
2182712;281116;173619.00;512022.0706N;091001.6307E;309.506150;-260.00;0.00;179.00;-8.00
2182912;281116;173620.00;512022.0706N;091001.6307E;309.506150;-260.00;0.00;179.00;-8.00
2183112;281116;173621.00;512022.0706N;091001.6307E;309.506150;-260.00;0.00;179.00;-8.00
2183312;281116;173622.00;512022.0706N;091001.6307E;309.506150;-260.00;0.00;179.00;-8.00
2183512;281116;173623.00;512022.0706N;091001.6307E;309.506150;-260.00;0.00;179.00;-8.00
2183712;281116;173624.00;512022.0706N;091001.6307E;309.506150;-260.00;0.00;179.00;-8.00
2183912;281116;173625.00;512022.0706N;091001.6307E;309.506150;-260.00;0.00;179.00;-8.00
2184112;281116;173626.00;512022.0706N;091001.6307E;309.506150;-260.00;0.00;179.00;-8.00
2184312;281116;173627.00;512022.0706N;091001.6307E;309.506150;-260.00;0.00;179.00;-8.00
2184512;281116;173628.00;512022.0706N;091001.6307E;309.506150;-260.00;0.00;179.00;-8.00
2184712;281116;173629.00;512022.0706N;091001.6307E;309.506150;-260.00;0.00;179.00;-8.00
2184912;281116;173630.00;512022.0706N;091001.6307E;309.506150;-260.00;0.00;179.00;-8.00
2185112;281116;173631.00;512022.0706N;091001.6307E;309.506150;-260.00;0.00;179.00;-8.00
2185312;281116;173632.00;512022.0706N;091001.6307E;309.506150;-260.00;0.00;179.00;-8.00
2185512;281116;173633.00;512022.0706N;091001.6307E;309.506150;-260.00;0.00;179.00;-8.00
2185712;281116;173634.00;512022.0706N;091001.6307E;309.506150;-260.00;0.00;179.00;-8.00
2185912;281116;173635.00;512022.0706N;091001.6307E;309.506150;-260.00;0.00;179.00;-8.00
2186112;281116;173636.00;512022.0706N;091001.6307E;309.506150;-260.00;0.00;179.00;-8.00
2186312;281116;173637.00;512022.0706N;091001.6307E;309.506150;-260.00;0.00;179.00;-8.00
2186512;281116;173638.00;512022.0706N;091001.6307E;309.506150;-260.00;0.00;179.00;-8.00
2186712;281116;173639.00;512022.0706N;091001.6307E;309.506150;-260.00;0.00;179.00;-8.00
2186912;281116;173640.00;512022.0706N;091001.6307E;309.506150;-260.00;0.00;179.00;-8.00
2187112;281116;173641.00;512022.0706N;091001.6307E;309.506150;-260.00;0.00;179.00;-8.00
2187312;281116;173642.00;512022.0706N;091001.6307E;309.506150;-260.00;0.00;179.00;-8.00
2187512;281116;173643.00;512022.0706N;091001.6307E;309.506150;-260.00;0.00;179.00;-8.00
2187712;281116;173644.00;512022.0706N;091001.6307E;309.506150;-260.00;0.00;179.00;-8.00
2187912;281116;173645.00;512022.0706N;091001.6307E;309.506150;-260.00;0.00;179.00;-8.00
2188112;281116;173646.00;512022.0706N;091001.6307E;309.506150;-260.00;0.00;179.00;-8.00
2188312;281116;173647.00;512022.0706N;091001.6307E;309.506150;-260.00;0.00;179.00;-8.00
2188512;281116;173648.00;512022.0706N;091001.6307E;309.506150;-260.00;0.00;179.00;-8.00
2188708;281116;173649.00;512022.0706N;091001.6307E;309.506150;-260.00;0.00;179.00;-8.00
2188908;281116;173650.00;512022.0706N;091001.6307E;309.506150;-260.00;0.00;179.00;-8.00
2189108;281116;173651.00;512022.0706N;091001.6307E;309.506150;-260.00;0.00;179.00;-8.00
2189308;281116;173652.00;512022.0706N;091001.6307E;309.506150;-260.00;0.00;179.00;-8.00
2189508;281116;173653.00;512022.0706N;091001.6307E;309.506150;-260.00;0.00;179.00;-8.00
2189707;281116;173654.00;512022.0706N;091001.6307E;309.506150;-260.00;0.00;179.00;-8.00
2189907;281116;173655.00;512022.0706N;091001.6307E;309.506150;-260.00;0.00;179.00;-8.00
2190107;281116;173656.00;512022.0706N;091001.6307E;309.506150;-260.00;0.00;179.00;-8.00
2190307;281116;173657.00;512022.0706N;091001.6307E;309.506150;-260.00;0.00;179.00;-8.00
2190506;281116;173658.00;512022.0706N;091001.6307E;309.506150;-260.00;0.00;179.00;-8.00
2190706;281116;173659.00;512022.0706N;091001.6307E;309.506150;-260.00;0.00;179.00;-8.00
2190906;281116;173700.00;512022.0706N;091001.6307E;309.506150;-260.00;0.00;179.00;-8.00
2191106;281116;173701.00;512022.0706N;091001.6307E;309.506150;-260.00;0.00;179.00;-8.00
2191306;281116;173702.00;512022.0706N;091001.6307E;309.506150;-260.00;0.00;179.00;-8.00
2191506;281116;173703.00;512022.0706N;091001.6307E;309.506150;-260.00;0.00;179.00;-8.00
2191706;281116;173704.00;512022.0706N;091001.6307E;309.506150;-260.00;0.00;179.00;-8.00
2191906;281116;173705.00;512022.0706N;091001.6307E;309.506150;-260.00;0.00;179.00;-8.00
2192106;281116;173706.00;512022.0706N;091001.6307E;309.506150;-260.00;0.00;179.00;-8.00
2192306;281116;173707.00;512022.0706N;091001.6307E;309.506150;-260.00;0.00;179.00;-8.00
2192506;281116;173708.00;512022.0706N;091001.6307E;309.506150;-260.00;0.00;179.00;-8.00
2192706;281116;173709.00;512022.0706N;091001.6307E;309.506150;-260.00;0.00;179.00;-8.00
2192906;281116;173710.00;512022.0706N;091001.6307E;309.506150;-260.00;0.00;179.00;-8.00
2193106;281116;173711.00;512022.0706N;091001.6307E;309.506150;-260.00;0.00;179.00;-8.00
2193306;281116;173712.00;512022.0706N;091001.6307E;309.506150;-260.00;0.00;179.00;-8.00
2193506;281116;173713.00;512022.0706N;091001.6307E;309.506150;-260.00;0.00;179.00;-8.00
2193706;281116;173714.00;512022.0706N;091001.6307E;309.506150;-260.00;0.00;179.00;-8.00
2193906;281116;173715.00;512022.0706N;091001.6307E;309.506150;-260.00;0.00;179.00;-8.00
2194106;281116;173716.00;512022.0706N;091001.6307E;309.506150;-260.00;0.00;179.00;-8.00
2194306;281116;173717.00;512022.0706N;091001.6307E;309.506150;-260.00;0.00;179.00;-8.00
2194506;281116;173718.00;512022.0706N;091001.6307E;309.506150;-260.00;0.00;179.00;-8.00
2194706;281116;173719.00;512022.0706N;091001.6307E;309.506150;-260.00;0.00;179.00;-8.00
2194906;281116;173720.00;512022.0706N;091001.6307E;309.506150;-260.00;0.00;179.00;-8.00
2195106;281116;173721.00;512022.0706N;091001.6307E;309.506150;-260.00;0.00;179.00;-8.00
2195306;281116;173722.00;512022.0706N;091001.6307E;309.506150;-260.00;0.00;179.00;-8.00
2195506;281116;173723.00;512022.0706N;091001.6307E;309.506150;-260.00;0.00;179.00;-8.00
2195706;281116;173724.00;512022.0706N;091001.6307E;309.506150;-260.00;0.00;179.00;-8.00
2195904;281116;173725.00;512022.0706N;091001.6307E;309.506150;-260.00;0.00;179.00;-8.00
2196104;281116;173726.00;512022.0706N;091001.6307E;309.506150;-260.00;0.00;179.00;-8.00
2196304;281116;173727.00;512022.0706N;091001.6307E;309.506150;-260.00;0.00;179.00;-8.00
2196504;281116;173728.00;512022.0706N;091001.6307E;309.506150;-260.00;0.00;179.00;-8.00
2196704;281116;173729.00;512022.0706N;091001.6307E;309.506150;-260.00;0.00;179.00;-8.00
2196904;281116;173730.00;512022.0706N;091001.6307E;309.506150;-260.00;0.00;179.00;-8.00
2197104;281116;173731.00;512022.0706N;091001.6307E;309.506150;-260.00;0.00;179.00;-8.00
2197304;281116;173732.00;512022.0706N;091001.6307E;309.506150;-260.00;0.00;179.00;-8.00
2197504;281116;173733.00;512022.0706N;091001.6307E;309.506150;-260.00;0.00;179.00;-8.00
2197704;281116;173734.00;512022.0706N;091001.6307E;309.506150;-260.00;0.00;179.00;-8.00
2197904;281116;173735.00;512022.0706N;091001.6307E;309.506150;-260.00;0.00;179.00;-8.00
2198104;281116;173736.00;512022.0706N;091001.6307E;309.506150;-260.00;0.00;179.00;-8.00
2198304;281116;173737.00;512022.0706N;091001.6307E;309.506150;-260.00;0.00;179.00;-8.00
2198504;281116;173738.00;512022.0706N;091001.6307E;309.506150;-260.00;0.00;179.00;-8.00
2198704;281116;173739.00;512022.0706N;091001.6307E;309.506150;-260.00;0.00;179.00;-8.00
2198904;281116;173740.00;512022.0706N;091001.6307E;309.506150;-260.00;0.00;179.00;-8.00
2199104;281116;173741.00;512022.0706N;091001.6307E;309.506150;-260.00;0.00;179.00;-8.00
2199304;281116;173742.00;512022.0706N;091001.6307E;309.506150;-260.00;0.00;179.00;-8.00
2199504;281116;173743.00;512022.0706N;091001.6307E;309.506150;-260.00;0.00;179.00;-8.00
2199704;281116;173744.00;512022.0706N;091001.6307E;309.506150;-260.00;0.00;179.00;-8.00
2199904;281116;173745.00;512022.0706N;091001.6307E;309.506150;-260.00;0.00;179.00;-8.00
2200102;281116;173746.00;512022.0706N;091001.6307E;309.506150;-260.00;0.00;179.00;-8.00
2200302;281116;173747.00;512022.0706N;091001.6307E;309.506150;-260.00;0.00;179.00;-8.00
2200501;281116;173748.00;512022.0706N;091001.6307E;309.506150;-260.00;0.00;179.00;-8.00
2200701;281116;173749.00;512022.0706N;091001.6307E;309.506150;-260.00;0.00;179.00;-8.00
2200901;281116;173750.00;512022.0706N;091001.6307E;309.506150;-260.00;0.00;179.00;-8.00
2201084;281116;173751.00;512022.0706N;091001.6307E;309.506150;-260.00;0.00;179.00;-8.00
2201284;281116;173752.00;512022.0706N;091001.6307E;309.506150;-260.00;0.00;179.00;-8.00
2201484;281116;173753.00;512022.0706N;091001.6307E;309.506150;-260.00;0.00;179.00;-8.00
2201684;281116;173754.00;512022.0706N;091001.6307E;309.506150;-260.00;0.00;179.00;-8.00
2201884;281116;173755.00;512022.0706N;091001.6307E;309.506150;-260.00;0.00;179.00;-8.00
2202084;281116;173756.00;512022.0706N;091001.6307E;309.506150;-260.00;0.00;179.00;-8.00
2202284;281116;173757.00;512022.0706N;091001.6307E;309.506150;-260.00;0.00;179.00;-8.00
2202484;281116;173758.00;512022.0706N;091001.6307E;309.506150;-260.00;0.00;179.00;-8.00
2202684;281116;173759.00;512022.0706N;091001.6307E;309.506150;-260.00;0.00;179.00;-8.00
2202884;281116;173800.00;512022.0706N;091001.6307E;309.506150;-260.00;0.00;179.00;-8.00
2203084;281116;173801.00;512022.0706N;091001.6307E;309.506150;-260.00;0.00;179.00;-8.00
2203284;281116;173802.00;512022.0706N;091001.6307E;309.506150;-260.00;0.00;179.00;-8.00
2203484;281116;173803.00;512022.0706N;091001.6307E;309.506150;-260.00;0.00;179.00;-8.00
2203684;281116;173804.00;512022.0706N;091001.6307E;309.506150;-260.00;0.00;179.00;-8.00
2203884;281116;173805.00;512022.0706N;091001.6307E;309.506150;-260.00;0.00;179.00;-8.00
2204084;281116;173806.00;512022.0706N;091001.6307E;309.506150;-260.00;0.00;179.00;-8.00
2204284;281116;173807.00;512022.0706N;091001.6307E;309.506150;-260.00;0.00;179.00;-8.00
2204484;281116;173808.00;512022.0706N;091001.6307E;309.506150;-260.00;0.00;179.00;-8.00
2204684;281116;173809.00;512022.0706N;091001.6307E;309.506150;-260.00;0.00;179.00;-8.00
2204884;281116;173810.00;512022.0706N;091001.6307E;309.506150;-260.00;0.00;179.00;-8.00
2205084;281116;173811.00;512022.0706N;091001.6307E;309.506150;-260.00;0.00;179.00;-8.00
2205284;281116;173812.00;512022.0706N;091001.6307E;309.506150;-260.00;0.00;179.00;-8.00
2205484;281116;173813.00;512022.0706N;091001.6307E;309.506150;-260.00;0.00;179.00;-8.00
2205684;281116;173814.00;512022.0706N;091001.6307E;309.506150;-260.00;0.00;179.00;-8.00
2205882;281116;173815.00;512022.0706N;091001.6307E;309.506150;-260.00;0.00;179.00;-8.00
2206082;281116;173816.00;512022.0706N;091001.6307E;309.506150;-260.00;0.00;179.00;-8.00
2206282;281116;173817.00;512022.0706N;091001.6307E;309.506150;-260.00;0.00;179.00;-8.00
2206482;281116;173818.00;512022.0706N;091001.6307E;309.506150;-260.00;0.00;179.00;-8.00
2206682;281116;173819.00;512022.0706N;091001.6307E;309.506150;-260.00;0.00;179.00;-8.00
2206882;281116;173820.00;512022.0706N;091001.6307E;309.506150;-260.00;0.00;179.00;-8.00
2207082;281116;173821.00;512022.0706N;091001.6307E;309.506150;-260.00;0.00;179.00;-8.00
2207282;281116;173822.00;512022.0706N;091001.6307E;309.506150;-260.00;0.00;179.00;-8.00
2207482;281116;173823.00;512022.0706N;091001.6307E;309.506150;-260.00;0.00;179.00;-8.00
2207682;281116;173824.00;512022.0706N;091001.6307E;309.506150;-260.00;0.00;179.00;-8.00
2207882;281116;173825.00;512022.0706N;091001.6307E;309.506150;-260.00;0.00;179.00;-8.00
2208082;281116;173826.00;512022.0706N;091001.6307E;309.506150;-260.00;0.00;179.00;-8.00
2208282;281116;173827.00;512022.0706N;091001.6307E;309.506150;-260.00;0.00;179.00;-8.00
2208482;281116;173828.00;512022.0706N;091001.6307E;309.506150;-260.00;0.00;179.00;-8.00
2208682;281116;173829.00;512022.0706N;091001.6307E;309.506150;-260.00;0.00;179.00;-8.00
2208882;281116;173830.00;512022.0706N;091001.6307E;309.506150;-260.00;0.00;179.00;-8.00
2209082;281116;173831.00;512022.0706N;091001.6307E;309.506150;-260.00;0.00;179.00;-8.00
2209282;281116;173832.00;512022.0706N;091001.6307E;309.506150;-260.00;0.00;179.00;-8.00
2209482;281116;173833.00;512022.0706N;091001.6307E;309.506150;-260.00;0.00;179.00;-8.00
2209682;281116;173834.00;512022.0706N;091001.6307E;309.506150;-260.00;0.00;179.00;-8.00
2209882;281116;173835.00;512022.0706N;091001.6307E;309.506150;-260.00;0.00;179.00;-8.00
2210082;281116;173836.00;512022.0706N;091001.6307E;309.506150;-260.00;0.00;179.00;-8.00
2210282;281116;173837.00;512022.0706N;091001.6307E;309.506150;-260.00;0.00;179.00;-8.00
2210482;281116;173838.00;512022.0706N;091001.6307E;309.506150;-260.00;0.00;179.00;-8.00
2210682;281116;173839.00;512022.0706N;091001.6307E;309.506150;-260.00;0.00;179.00;-8.00
2210882;281116;173840.00;512022.0706N;091001.6307E;309.506150;-260.00;0.00;179.00;-8.00
2211082;281116;173841.00;512022.0706N;091001.6307E;309.506150;-260.00;0.00;179.00;-8.00
2211282;281116;173842.00;512022.0706N;091001.6307E;309.506150;-260.00;0.00;179.00;-8.00
2211482;281116;173843.00;512022.0706N;091001.6307E;309.506150;-260.00;0.00;179.00;-8.00
2211682;281116;173844.00;512022.0706N;091001.6307E;309.506150;-260.00;0.00;179.00;-8.00
2211882;281116;173845.00;512022.0706N;091001.6307E;309.506150;-260.00;0.00;179.00;-8.00
2212079;281116;173846.00;512022.0706N;091001.6307E;309.506150;-260.00;0.00;179.00;-8.00
2212276;281116;173847.00;512022.0706N;091001.6307E;309.506150;-260.00;0.00;179.00;-8.00
2212475;281116;173848.00;512022.0706N;091001.6307E;309.506150;-260.00;0.00;179.00;-8.00
2212676;281116;173849.00;512022.0706N;091001.6307E;309.506150;-260.00;0.00;179.00;-8.00
2212876;281116;173850.00;512022.0706N;091001.6307E;309.506150;-260.00;0.00;179.00;-8.00
2213063;281116;173851.00;512022.0706N;091001.6307E;309.506150;-260.00;0.00;179.00;-8.00
2213263;281116;173852.00;512022.0706N;091001.6307E;309.506150;-260.00;0.00;179.00;-8.00
2213463;281116;173853.00;512022.0706N;091001.6307E;309.506150;-260.00;0.00;179.00;-8.00
2213663;281116;173854.00;512022.0706N;091001.6307E;309.506150;-260.00;0.00;179.00;-8.00
2213863;281116;173855.00;512022.0706N;091001.6307E;309.506150;-260.00;0.00;179.00;-8.00
2214051;281116;173856.00;512022.0706N;091001.6307E;309.506150;-260.00;0.00;179.00;-8.00
2214251;281116;173857.00;512022.0706N;091001.6307E;309.506150;-260.00;0.00;179.00;-8.00
2214451;281116;173858.00;512022.0706N;091001.6307E;309.506150;-260.00;0.00;179.00;-8.00
2214650;281116;173859.00;512022.0706N;091001.6307E;309.506150;-260.00;0.00;179.00;-8.00
2214850;281116;173900.00;512022.0706N;091001.6307E;309.506150;-260.00;0.00;179.00;-8.00
2215050;281116;173901.00;512022.0706N;091001.6307E;309.506150;-260.00;0.00;179.00;-8.00
2215250;281116;173902.00;512022.0706N;091001.6307E;309.506150;-260.00;0.00;179.00;-8.00
2215450;281116;173903.00;512022.0706N;091001.6307E;309.506150;-260.00;0.00;179.00;-8.00
2215650;281116;173904.00;512022.0706N;091001.6307E;309.506150;-260.00;0.00;179.00;-8.00
2215850;281116;173905.00;512022.0706N;091001.6307E;309.506150;-260.00;0.00;179.00;-8.00
2216050;281116;173906.00;512022.0706N;091001.6307E;309.506150;-260.00;0.00;179.00;-8.00
2216250;281116;173907.00;512022.0706N;091001.6307E;309.506150;-260.00;0.00;179.00;-8.00
2216450;281116;173908.00;512022.0706N;091001.6307E;309.506150;-260.00;0.00;179.00;-8.00
2216650;281116;173909.00;512022.0706N;091001.6307E;309.506150;-260.00;0.00;179.00;-8.00
2216850;281116;173910.00;512022.0706N;091001.6307E;309.506150;-260.00;0.00;179.00;-8.00
2217050;281116;173911.00;512022.0706N;091001.6307E;309.506150;-260.00;0.00;179.00;-8.00
2217250;281116;173912.00;512022.0706N;091001.6307E;309.506150;-260.00;0.00;179.00;-8.00
2217450;281116;173913.00;512022.0706N;091001.6307E;309.506150;-260.00;0.00;179.00;-8.00
2217650;281116;173914.00;512022.0706N;091001.6307E;309.506150;-260.00;0.00;179.00;-8.00
2217850;281116;173915.00;512022.0706N;091001.6307E;309.506150;-260.00;0.00;179.00;-8.00
2218050;281116;173916.00;512022.0706N;091001.6307E;309.506150;-260.00;0.00;179.00;-8.00
2218250;281116;173917.00;512022.0706N;091001.6307E;309.506150;-260.00;0.00;179.00;-8.00
2218450;281116;173918.00;512022.0706N;091001.6307E;309.506150;-260.00;0.00;179.00;-8.00
2218650;281116;173919.00;512022.0706N;091001.6307E;309.506150;-260.00;0.00;179.00;-8.00
2218850;281116;173920.00;512022.0706N;091001.6307E;309.506150;-260.00;0.00;179.00;-8.00
2219050;281116;173921.00;512022.0706N;091001.6307E;309.506150;-260.00;0.00;179.00;-8.00
2219250;281116;173922.00;512022.0706N;091001.6307E;309.506150;-260.00;0.00;179.00;-8.00
2219450;281116;173923.00;512022.0706N;091001.6307E;309.506150;-260.00;0.00;179.00;-8.00
2219650;281116;173924.00;512022.0706N;091001.6307E;309.506150;-260.00;0.00;179.00;-8.00
2219849;281116;173925.00;512022.0706N;091001.6307E;309.506150;-260.00;0.00;179.00;-8.00
2220049;281116;173926.00;512022.0706N;091001.6307E;309.506150;-260.00;0.00;179.00;-8.00
2220249;281116;173927.00;512022.0706N;091001.6307E;309.506150;-260.00;0.00;179.00;-8.00
2220443;281116;173928.00;512022.0706N;091001.6307E;309.506150;-260.00;0.00;179.00;-8.00
2220643;281116;173929.00;512022.0706N;091001.6307E;309.506150;-260.00;0.00;179.00;-8.00
2220843;281116;173930.00;512022.0706N;091001.6307E;309.506150;-260.00;0.00;179.00;-8.00
2221043;281116;173931.00;512022.0706N;091001.6307E;309.506150;-260.00;0.00;179.00;-8.00
2221243;281116;173932.00;512022.0706N;091001.6307E;309.506150;-260.00;0.00;179.00;-8.00
2221443;281116;173933.00;512022.0706N;091001.6307E;309.506150;-260.00;0.00;179.00;-8.00
2221643;281116;173934.00;512022.0706N;091001.6307E;309.506150;-260.00;0.00;179.00;-8.00
2221843;281116;173935.00;512022.0706N;091001.6307E;309.506150;-260.00;0.00;179.00;-8.00
2222043;281116;173936.00;512022.0706N;091001.6307E;309.506150;-260.00;0.00;179.00;-8.00
2222243;281116;173937.00;512022.0706N;091001.6307E;309.506150;-260.00;0.00;179.00;-8.00
2222443;281116;173938.00;512022.0706N;091001.6307E;309.506150;-260.00;0.00;179.00;-8.00
2222643;281116;173939.00;512022.0706N;091001.6307E;309.506150;-260.00;0.00;179.00;-8.00
2222843;281116;173940.00;512022.0706N;091001.6307E;309.506150;-260.00;0.00;179.00;-8.00
2223043;281116;173941.00;512022.0706N;091001.6307E;309.506150;-260.00;0.00;179.00;-8.00
2223243;281116;173942.00;512022.0706N;091001.6307E;309.506150;-260.00;0.00;179.00;-8.00
2223443;281116;173943.00;512022.0706N;091001.6307E;309.506150;-260.00;0.00;179.00;-8.00
2223643;281116;173944.00;512022.0706N;091001.6307E;309.506150;-260.00;0.00;179.00;-8.00
2223843;281116;173945.00;512022.0706N;091001.6307E;309.506150;-260.00;0.00;179.00;-8.00
2224043;281116;173946.00;512022.0706N;091001.6307E;309.506150;-260.00;0.00;179.00;-8.00
2224243;281116;173947.00;512022.0706N;091001.6307E;309.506150;-260.00;0.00;179.00;-8.00
2224443;281116;173948.00;512022.0706N;091001.6307E;309.506150;-260.00;0.00;179.00;-8.00
2224643;281116;173949.00;512022.0706N;091001.6307E;309.506150;-260.00;0.00;179.00;-8.00
2224843;281116;173950.00;512022.0706N;091001.6307E;309.506150;-260.00;0.00;179.00;-8.00
2225043;281116;173951.00;512022.0706N;091001.6307E;309.506150;-260.00;0.00;179.00;-8.00
2225243;281116;173952.00;512022.0706N;091001.6307E;309.506150;-260.00;0.00;179.00;-8.00
2225443;281116;173953.00;512022.0706N;091001.6307E;309.506150;-260.00;0.00;179.00;-8.00
2225643;281116;173954.00;512022.0706N;091001.6307E;309.506150;-260.00;0.00;179.00;-8.00
2225841;281116;173955.00;512022.0706N;091001.6307E;309.506150;-260.00;0.00;179.00;-8.00
2226041;281116;173956.00;512022.0706N;091001.6307E;309.506150;-260.00;0.00;179.00;-8.00
2226241;281116;173957.00;512022.0706N;091001.6307E;309.506150;-260.00;0.00;179.00;-8.00
2226441;281116;173958.00;512022.0706N;091001.6307E;309.506150;-260.00;0.00;179.00;-8.00
2226641;281116;173959.00;512022.0706N;091001.6307E;309.506150;-260.00;0.00;179.00;-8.00
2226841;281116;174000.00;512022.0706N;091001.6307E;309.506150;-260.00;0.00;179.00;-8.00
