2346843;281116;175001.00;512022.0706N;091001.6307E;309.506150;-260.00;0.00;179.00;-8.00
2347043;281116;175002.00;512022.0706N;091001.6307E;309.506150;-260.00;0.00;179.00;-8.00
2347243;281116;175003.00;512022.0706N;091001.6307E;309.506150;-260.00;0.00;179.00;-8.00
2347443;281116;175004.00;512022.0706N;091001.6307E;309.506150;-260.00;0.00;179.00;-8.00
2347643;281116;175005.00;512022.0706N;091001.6307E;309.506150;-260.00;0.00;179.00;-8.00
2347843;281116;175006.00;512022.0706N;091001.6307E;309.506150;-260.00;0.00;179.00;-8.00
2348043;281116;175007.00;512022.0706N;091001.6307E;309.506150;-260.00;0.00;179.00;-8.00
2348243;281116;175008.00;512022.0706N;091001.6307E;309.506150;-260.00;0.00;179.00;-8.00
2348443;281116;175009.00;512022.0706N;091001.6307E;309.506150;-260.00;0.00;179.00;-8.00
2348643;281116;175010.00;512022.0706N;091001.6307E;309.506150;-260.00;0.00;179.00;-8.00
2348843;281116;175011.00;512022.0706N;091001.6307E;309.506150;-260.00;0.00;179.00;-8.00
2349043;281116;175012.00;512022.0706N;091001.6307E;309.506150;-260.00;0.00;179.00;-8.00
2349243;281116;175013.00;512022.0706N;091001.6307E;309.506150;-260.00;0.00;179.00;-8.00
2349443;281116;175014.00;512022.0706N;091001.6307E;309.506150;-260.00;0.00;179.00;-8.00
2349643;281116;175015.00;512022.0706N;091001.6307E;309.506150;-260.00;0.00;179.00;-8.00
2349842;281116;175016.00;512022.0706N;091001.6307E;309.506150;-260.00;0.00;179.00;-8.00
2350042;281116;175017.00;512022.0706N;091001.6307E;309.506150;-260.00;0.00;179.00;-8.00
2350243;281116;175018.00;512022.0706N;091001.6307E;309.506150;-260.00;0.00;179.00;-8.00
2350443;281116;175019.00;512022.0706N;091001.6307E;309.506150;-260.00;0.00;179.00;-8.00
2350643;281116;175020.00;512022.0706N;091001.6307E;309.506150;-260.00;0.00;179.00;-8.00
2350843;281116;175021.00;512022.0706N;091001.6307E;309.506150;-260.00;0.00;179.00;-8.00
2351043;281116;175022.00;512022.0706N;091001.6307E;309.506150;-260.00;0.00;179.00;-8.00
2351242;281116;175023.00;512022.0706N;091001.6307E;309.506150;-260.00;0.00;179.00;-8.00
2351441;281116;175024.00;512022.0706N;091001.6307E;309.506150;-260.00;0.00;179.00;-8.00
2351641;281116;175025.00;512022.0706N;091001.6307E;309.506150;-260.00;0.00;179.00;-8.00
2351841;281116;175026.00;512022.0706N;091001.6307E;309.506150;-260.00;0.00;179.00;-8.00
2352041;281116;175027.00;512022.0706N;091001.6307E;309.506150;-260.00;0.00;179.00;-8.00
2352241;281116;175028.00;512022.0706N;091001.6307E;309.506150;-260.00;0.00;179.00;-8.00
2352441;281116;175029.00;512022.0706N;091001.6307E;309.506150;-260.00;0.00;179.00;-8.00
2352641;281116;175030.00;512022.0706N;091001.6307E;309.506150;-260.00;0.00;179.00;-8.00
2352841;281116;175031.00;512022.0706N;091001.6307E;309.506150;-260.00;0.00;179.00;-8.00
2353041;281116;175032.00;512022.0706N;091001.6307E;309.506150;-260.00;0.00;179.00;-8.00
2353241;281116;175033.00;512022.0706N;091001.6307E;309.506150;-260.00;0.00;179.00;-8.00
2353441;281116;175034.00;512022.0706N;091001.6307E;309.506150;-260.00;0.00;179.00;-8.00
2353641;281116;175035.00;512022.0706N;091001.6307E;309.506150;-260.00;0.00;179.00;-8.00
2353841;281116;175036.00;512022.0706N;091001.6307E;309.506150;-260.00;0.00;179.00;-8.00
2354041;281116;175037.00;512022.0706N;091001.6307E;309.506150;-260.00;0.00;179.00;-8.00
2354241;281116;175038.00;512022.0706N;091001.6307E;309.506150;-260.00;0.00;179.00;-8.00
2354441;281116;175039.00;512022.0706N;091001.6307E;309.506150;-260.00;0.00;179.00;-8.00
2354641;281116;175040.00;512022.0706N;091001.6307E;309.506150;-260.00;0.00;179.00;-8.00
2354841;281116;175041.00;512022.0706N;091001.6307E;309.506150;-260.00;0.00;179.00;-8.00
2355041;281116;175042.00;512022.0706N;091001.6307E;309.506150;-260.00;0.00;179.00;-8.00
2355241;281116;175043.00;512022.0706N;091001.6307E;309.506150;-260.00;0.00;179.00;-8.00
2355441;281116;175044.00;512022.0706N;091001.6307E;309.506150;-260.00;0.00;179.00;-8.00
2355641;281116;175045.00;512022.0706N;091001.6307E;309.506150;-260.00;0.00;179.00;-8.00
2355841;281116;175046.00;512022.0706N;091001.6307E;309.506150;-260.00;0.00;179.00;-8.00
2356041;281116;175047.00;512022.0706N;091001.6307E;309.506150;-260.00;0.00;179.00;-8.00
2356241;281116;175048.00;512022.0706N;091001.6307E;309.506150;-260.00;0.00;179.00;-8.00
2356441;281116;175049.00;512022.0706N;091001.6307E;309.506150;-260.00;0.00;179.00;-8.00
2356641;281116;175050.00;512022.0706N;091001.6307E;309.506150;-260.00;0.00;179.00;-8.00
2356841;281116;175051.00;512022.0706N;091001.6307E;309.506150;-260.00;0.00;179.00;-8.00
2357041;281116;175052.00;512022.0706N;091001.6307E;309.506150;-260.00;0.00;179.00;-8.00
2357241;281116;175053.00;512022.0706N;091001.6307E;309.506150;-260.00;0.00;179.00;-8.00
2357441;281116;175054.00;512022.0706N;091001.6307E;309.506150;-260.00;0.00;179.00;-8.00
2357641;281116;175055.00;512022.0706N;091001.6307E;309.506150;-260.00;0.00;179.00;-8.00
2357841;281116;175056.00;512022.0706N;091001.6307E;309.506150;-260.00;0.00;179.00;-8.00
2358041;281116;175057.00;512022.0706N;091001.6307E;309.506150;-260.00;0.00;179.00;-8.00
2358241;281116;175058.00;512022.0706N;091001.6307E;309.506150;-260.00;0.00;179.00;-8.00
2358441;281116;175059.00;512022.0706N;091001.6307E;309.506150;-260.00;0.00;179.00;-8.00
2358641;281116;175100.00;512022.0706N;091001.6307E;309.506150;-260.00;0.00;179.00;-8.00
2358841;281116;175101.00;512022.0706N;091001.6307E;309.506150;-260.00;0.00;179.00;-8.00
2359041;281116;175102.00;512022.0706N;091001.6307E;309.506150;-260.00;0.00;179.00;-8.00
2359241;281116;175103.00;512022.0706N;091001.6307E;309.506150;-260.00;0.00;179.00;-8.00
2359441;281116;175104.00;512022.0706N;091001.6307E;309.506150;-260.00;0.00;179.00;-8.00
2359641;281116;175105.00;512022.0706N;091001.6307E;309.506150;-260.00;0.00;179.00;-8.00
2359841;281116;175106.00;512022.0706N;091001.6307E;309.506150;-260.00;0.00;179.00;-8.00
2360041;281116;175107.00;512022.0706N;091001.6307E;309.506150;-260.00;0.00;179.00;-8.00
2360241;281116;175108.00;512022.0706N;091001.6307E;309.506150;-260.00;0.00;179.00;-8.00
2360441;281116;175109.00;512022.0706N;091001.6307E;309.506150;-260.00;0.00;179.00;-8.00
2360641;281116;175110.00;512022.0706N;091001.6307E;309.506150;-260.00;0.00;179.00;-8.00
2360841;281116;175111.00;512022.0706N;091001.6307E;309.506150;-260.00;0.00;179.00;-8.00
2361041;281116;175112.00;512022.0706N;091001.6307E;309.506150;-260.00;0.00;179.00;-8.00
2361241;281116;175113.00;512022.0706N;091001.6307E;309.506150;-260.00;0.00;179.00;-8.00
2361441;281116;175114.00;512022.0706N;091001.6307E;309.506150;-260.00;0.00;179.00;-8.00
2361641;281116;175115.00;512022.0706N;091001.6307E;309.506150;-260.00;0.00;179.00;-8.00
2361841;281116;175116.00;512022.0706N;091001.6307E;309.506150;-260.00;0.00;179.00;-8.00
2362041;281116;175117.00;512022.0706N;091001.6307E;309.506150;-260.00;0.00;179.00;-8.00
2362241;281116;175118.00;512022.0706N;091001.6307E;309.506150;-260.00;0.00;179.00;-8.00
2362441;281116;175119.00;512022.0706N;091001.6307E;309.506150;-260.00;0.00;179.00;-8.00
2362641;281116;175120.00;512022.0706N;091001.6307E;309.506150;-260.00;0.00;179.00;-8.00
2362841;281116;175121.00;512022.0706N;091001.6307E;309.506150;-260.00;0.00;179.00;-8.00
2363041;281116;175122.00;512022.0706N;091001.6307E;309.506150;-260.00;0.00;179.00;-8.00
2363241;281116;175123.00;512022.0706N;091001.6307E;309.506150;-260.00;0.00;179.00;-8.00
2363441;281116;175124.00;512022.0706N;091001.6307E;309.506150;-260.00;0.00;179.00;-8.00
2363641;281116;175125.00;512022.0706N;091001.6307E;309.506150;-260.00;0.00;179.00;-8.00
2363841;281116;175126.00;512022.0706N;091001.6307E;309.506150;-260.00;0.00;179.00;-8.00
2364041;281116;175127.00;512022.0706N;091001.6307E;309.506150;-260.00;0.00;179.00;-8.00
2364241;281116;175128.00;512022.0706N;091001.6307E;309.506150;-260.00;0.00;179.00;-8.00
2364441;281116;175129.00;512022.0706N;091001.6307E;309.506150;-260.00;0.00;179.00;-8.00
2364641;281116;175130.00;512022.0706N;091001.6307E;309.506150;-260.00;0.00;179.00;-8.00
2364841;281116;175131.00;512022.0706N;091001.6307E;309.506150;-260.00;0.00;179.00;-8.00
2365041;281116;175132.00;512022.0706N;091001.6307E;309.506150;-260.00;0.00;179.00;-8.00
2365241;281116;175133.00;512022.0706N;091001.6307E;309.506150;-260.00;0.00;179.00;-8.00
2365441;281116;175134.00;512022.0706N;091001.6307E;309.506150;-260.00;0.00;179.00;-8.00
2365641;281116;175135.01;512022.0706N;091001.6307E;309.506150;-260.00;0.00;179.00;-8.00
2365841;281116;175136.00;512022.0706N;091001.6307E;309.506150;-260.00;0.00;179.00;-8.00
2366041;281116;175137.00;512022.0706N;091001.6307E;309.506150;-260.00;0.00;179.00;-8.00
2366241;281116;175138.00;512022.0706N;091001.6307E;309.506150;-260.00;0.00;179.00;-8.00
2366441;281116;175139.00;512022.0706N;091001.6307E;309.506150;-260.00;0.00;179.00;-8.00
2366636;281116;175140.00;512022.0706N;091001.6307E;309.506150;-260.00;0.00;179.00;-8.00
2366836;281116;175141.00;512022.0706N;091001.6307E;309.506150;-260.00;0.00;179.00;-8.00
2367036;281116;175142.00;512022.0706N;091001.6307E;309.506150;-260.00;0.00;179.00;-8.00
2367236;281116;175143.00;512022.0706N;091001.6307E;309.506150;-260.00;0.00;179.00;-8.00
2367436;281116;175144.00;512022.0706N;091001.6307E;309.506150;-260.00;0.00;179.00;-8.00
2367636;281116;175145.00;512022.0706N;091001.6307E;309.506150;-260.00;0.00;179.00;-8.00
2367836;281116;175146.00;512022.0706N;091001.6307E;309.506150;-260.00;0.00;179.00;-8.00
2368036;281116;175147.00;512022.0706N;091001.6307E;309.506150;-260.00;0.00;179.00;-8.00
2368236;281116;175148.00;512022.0706N;091001.6307E;309.506150;-260.00;0.00;179.00;-8.00
2368436;281116;175149.00;512022.0706N;091001.6307E;309.506150;-260.00;0.00;179.00;-8.00
2368636;281116;175150.00;512022.0706N;091001.6307E;309.506150;-260.00;0.00;179.00;-8.00
2368836;281116;175151.00;512022.0706N;091001.6307E;309.506150;-260.00;0.00;179.00;-8.00
2369036;281116;175152.01;512022.0706N;091001.6307E;309.506150;-260.00;0.00;179.00;-8.00
2369236;281116;175153.00;512022.0706N;091001.6307E;309.506150;-260.00;0.00;179.00;-8.00
2369436;281116;175154.00;512022.0706N;091001.6307E;309.506150;-260.00;0.00;179.00;-8.00
2369636;281116;175155.00;512022.0706N;091001.6307E;309.506150;-260.00;0.00;179.00;-8.00
2369836;281116;175156.00;512022.0706N;091001.6307E;309.506150;-260.00;0.00;179.00;-8.00
2370036;281116;175157.00;512022.0706N;091001.6307E;309.506150;-260.00;0.00;179.00;-8.00
2370236;281116;175158.00;512022.0706N;091001.6307E;309.506150;-260.00;0.00;179.00;-8.00
2370436;281116;175159.00;512022.0706N;091001.6307E;309.506150;-260.00;0.00;179.00;-8.00
2370636;281116;175200.00;512022.0706N;091001.6307E;309.506150;-260.00;0.00;179.00;-8.00
2370835;281116;175201.00;512022.0706N;091001.6307E;309.506150;-260.00;0.00;179.00;-8.00
2371036;281116;175202.00;512022.0706N;091001.6307E;309.506150;-260.00;0.00;179.00;-8.00
2371236;281116;175203.00;512022.0706N;091001.6307E;309.506150;-260.00;0.00;179.00;-8.00
2371435;281116;175204.00;512022.0706N;091001.6307E;309.506150;-260.00;0.00;179.00;-8.00
2371636;281116;175205.00;512022.0706N;091001.6307E;309.506150;-260.00;0.00;179.00;-8.00
2371836;281116;175206.01;512022.0706N;091001.6307E;309.506150;-260.00;0.00;179.00;-8.00
2372036;281116;175207.01;512022.0706N;091001.6307E;309.506150;-260.00;0.00;179.00;-8.00
2372236;281116;175208.01;512022.0706N;091001.6307E;309.506150;-260.00;0.00;179.00;-8.00
2372436;281116;175209.01;512022.0706N;091001.6307E;309.506150;-260.00;0.00;179.00;-8.00
2372636;281116;175210.01;512022.0706N;091001.6307E;309.506150;-260.00;0.00;179.00;-8.00
2372836;281116;175211.00;512022.0706N;091001.6307E;309.506150;-260.00;0.00;179.00;-8.00
2373036;281116;175212.00;512022.0706N;091001.6307E;309.506150;-260.00;0.00;179.00;-8.00
2373236;281116;175213.00;512022.0706N;091001.6307E;309.506150;-260.00;0.00;179.00;-8.00
2373436;281116;175214.00;512022.0706N;091001.6307E;309.506150;-260.00;0.00;179.00;-8.00
2373636;281116;175215.00;512022.0706N;091001.6307E;309.506150;-260.00;0.00;179.00;-8.00
2373836;281116;175216.00;512022.0706N;091001.6307E;309.506150;-260.00;0.00;179.00;-8.00
2374036;281116;175217.00;512022.0706N;091001.6307E;309.506150;-260.00;0.00;179.00;-8.00
2374236;281116;175218.00;512022.0706N;091001.6307E;309.506150;-260.00;0.00;179.00;-8.00
2374436;281116;175219.00;512022.0706N;091001.6307E;309.506150;-260.00;0.00;179.00;-8.00
2374636;281116;175220.00;512022.0706N;091001.6307E;309.506150;-260.00;0.00;179.00;-8.00
2374836;281116;175221.00;512022.0706N;091001.6307E;309.506150;-260.00;0.00;179.00;-8.00
2375036;281116;175222.01;512022.0706N;091001.6307E;309.506150;-260.00;0.00;179.00;-8.00
2375236;281116;175223.01;512022.0706N;091001.6307E;309.506150;-260.00;0.00;179.00;-8.00
2375436;281116;175224.01;512022.0706N;091001.6307E;309.506150;-260.00;0.00;179.00;-8.00
2375636;281116;175225.01;512022.0706N;091001.6307E;309.506150;-260.00;0.00;179.00;-8.00
2375836;281116;175226.01;512022.0706N;091001.6307E;309.506150;-260.00;0.00;179.00;-8.00
2376036;281116;175227.01;512022.0706N;091001.6307E;309.506150;-260.00;0.00;179.00;-8.00
2376236;281116;175228.00;512022.0706N;091001.6307E;309.506150;-260.00;0.00;179.00;-8.00
2376436;281116;175229.00;512022.0706N;091001.6307E;309.506150;-260.00;0.00;179.00;-8.00
2376636;281116;175230.00;512022.0706N;091001.6307E;309.506150;-260.00;0.00;179.00;-8.00
2376836;281116;175231.00;512022.0706N;091001.6307E;309.506150;-260.00;0.00;179.00;-8.00
2377036;281116;175232.00;512022.0706N;091001.6307E;309.506150;-260.00;0.00;179.00;-8.00
2377236;281116;175233.00;512022.0706N;091001.6307E;309.506150;-260.00;0.00;179.00;-8.00
2377436;281116;175234.00;512022.0706N;091001.6307E;309.506150;-260.00;0.00;179.00;-8.00
2377636;281116;175235.00;512022.0706N;091001.6307E;309.506150;-260.00;0.00;179.00;-8.00
2377835;281116;175236.00;512022.0706N;091001.6307E;309.506150;-260.00;0.00;179.00;-8.00
2378036;281116;175237.00;512022.0706N;091001.6307E;309.506150;-260.00;0.00;179.00;-8.00
2378236;281116;175238.00;512022.0706N;091001.6307E;309.506150;-260.00;0.00;179.00;-8.00
2378436;281116;175239.01;512022.0706N;091001.6307E;309.506150;-260.00;0.00;179.00;-8.00
2378627;281116;175240.01;512022.0706N;091001.6307E;309.506150;-260.00;0.00;179.00;-8.00
2378827;281116;175241.01;512022.0706N;091001.6307E;309.506150;-260.00;0.00;179.00;-8.00
2379027;281116;175242.01;512022.0706N;091001.6307E;309.506150;-260.00;0.00;179.00;-8.00
2379227;281116;175243.01;512022.0706N;091001.6307E;309.506150;-260.00;0.00;179.00;-8.00
2379427;281116;175244.01;512022.0706N;091001.6307E;309.506150;-260.00;0.00;179.00;-8.00
2379627;281116;175245.01;512022.0706N;091001.6307E;309.506150;-260.00;0.00;179.00;-8.00
2379827;281116;175246.00;512022.0706N;091001.6307E;309.506150;-260.00;0.00;179.00;-8.00
2380027;281116;175247.00;512022.0706N;091001.6307E;309.506150;-260.00;0.00;179.00;-8.00
2380227;281116;175248.00;512022.0706N;091001.6307E;309.506150;-260.00;0.00;179.00;-8.00
2380427;281116;175249.00;512022.0706N;091001.6307E;309.506150;-260.00;0.00;179.00;-8.00
2380627;281116;175250.00;512022.0706N;091001.6307E;309.506150;-260.00;0.00;179.00;-8.00
2380827;281116;175251.00;512022.0706N;091001.6307E;309.506150;-260.00;0.00;179.00;-8.00
2381027;281116;175252.00;512022.0706N;091001.6307E;309.506150;-260.00;0.00;179.00;-8.00
2381227;281116;175253.00;512022.0706N;091001.6307E;309.506150;-260.00;0.00;179.00;-8.00
2381427;281116;175254.01;512022.0706N;091001.6307E;309.506150;-260.00;0.00;179.00;-8.00
2381627;281116;175255.01;512022.0706N;091001.6307E;309.506150;-260.00;0.00;179.00;-8.00
2381827;281116;175256.01;512022.0706N;091001.6307E;309.506150;-260.00;0.00;179.00;-8.00
2382027;281116;175257.01;512022.0706N;091001.6307E;309.506150;-260.00;0.00;179.00;-8.00
2382227;281116;175258.01;512022.0706N;091001.6307E;309.506150;-260.00;0.00;179.00;-8.00
2382427;281116;175259.01;512022.0706N;091001.6307E;309.506150;-260.00;0.00;179.00;-8.00
2382627;281116;175300.01;512022.0706N;091001.6307E;309.506150;-260.00;0.00;179.00;-8.00
2382827;281116;175301.01;512022.0706N;091001.6307E;309.506150;-260.00;0.00;179.00;-8.00
2383027;281116;175302.01;512022.0706N;091001.6307E;309.506150;-260.00;0.00;179.00;-8.00
2383227;281116;175303.00;512022.0706N;091001.6307E;309.506150;-260.00;0.00;179.00;-8.00
2383427;281116;175304.00;512022.0706N;091001.6307E;309.506150;-260.00;0.00;179.00;-8.00
2383627;281116;175305.00;512022.0706N;091001.6307E;309.506150;-260.00;0.00;179.00;-8.00
2383827;281116;175306.00;512022.0706N;091001.6307E;309.506150;-260.00;0.00;179.00;-8.00
2384027;281116;175307.00;512022.0706N;091001.6307E;309.506150;-260.00;0.00;179.00;-8.00
2384227;281116;175308.00;512022.0706N;091001.6307E;309.506150;-260.00;0.00;179.00;-8.00
2384427;281116;175309.01;512022.0706N;091001.6307E;309.506150;-260.00;0.00;179.00;-8.00
2384627;281116;175310.00;512022.0706N;091001.6307E;309.506150;-260.00;0.00;179.00;-8.00
2384827;281116;175311.01;512022.0706N;091001.6307E;309.506150;-260.00;0.00;179.00;-8.00
2385026;281116;175312.01;512022.0706N;091001.6307E;309.506150;-260.00;0.00;179.00;-8.00
2385223;281116;175313.01;512022.0706N;091001.6307E;309.506150;-260.00;0.00;179.00;-8.00
2385423;281116;175314.01;512022.0706N;091001.6307E;309.506150;-260.00;0.00;179.00;-8.00
2385623;281116;175315.01;512022.0706N;091001.6307E;309.506150;-260.00;0.00;179.00;-8.00
2385823;281116;175316.01;512022.0706N;091001.6307E;309.506150;-260.00;0.00;179.00;-8.00
2386023;281116;175317.01;512022.0706N;091001.6307E;309.506150;-260.00;0.00;179.00;-8.00
2386223;281116;175318.01;512022.0706N;091001.6307E;309.506150;-260.00;0.00;179.00;-8.00
2386423;281116;175319.01;512022.0706N;091001.6307E;309.506150;-260.00;0.00;179.00;-8.00
2386623;281116;175320.00;512022.0706N;091001.6307E;309.506150;-260.00;0.00;179.00;-8.00
2386822;281116;175321.00;512022.0706N;091001.6307E;309.506150;-260.00;0.00;179.00;-8.00
2387016;281116;175322.00;512022.0706N;091001.6307E;309.506150;-260.00;0.00;179.00;-8.00
2387216;281116;175323.00;512022.0706N;091001.6307E;309.506150;-260.00;0.00;179.00;-8.00
2387416;281116;175324.00;512022.0706N;091001.6307E;309.506150;-260.00;0.00;179.00;-8.00
2387602;281116;175325.01;512022.0706N;091001.6307E;309.506150;-260.00;0.00;179.00;-8.00
2387802;281116;175326.01;512022.0706N;091001.6307E;309.506150;-260.00;0.00;179.00;-8.00
2388002;281116;175327.01;512022.0706N;091001.6307E;309.506150;-260.00;0.00;179.00;-8.00
2388202;281116;175328.01;512022.0706N;091001.6307E;309.506150;-260.00;0.00;179.00;-8.00
2388402;281116;175329.01;512022.0706N;091001.6307E;309.506150;-260.00;0.00;179.00;-8.00
2388598;281116;175330.01;512022.0706N;091001.6307E;309.506150;-260.00;0.00;179.00;-8.00
2388798;281116;175331.01;512022.0706N;091001.6307E;309.506150;-260.00;0.00;179.00;-8.00
2388998;281116;175332.01;512022.0706N;091001.6307E;309.506150;-260.00;0.00;179.00;-8.00
2389198;281116;175333.01;512022.0706N;091001.6307E;309.506150;-260.00;0.00;179.00;-8.00
2389398;281116;175334.01;512022.0706N;091001.6307E;309.506150;-260.00;0.00;179.00;-8.00
2389598;281116;175335.01;512022.0706N;091001.6307E;309.506150;-260.00;0.00;179.00;-8.00
2389798;281116;175336.01;512022.0706N;091001.6307E;309.506150;-260.00;0.00;179.00;-8.00
2389998;281116;175337.01;512022.0706N;091001.6307E;309.506150;-260.00;0.00;179.00;-8.00
2390198;281116;175338.00;512022.0706N;091001.6307E;309.506150;-260.00;0.00;179.00;-8.00
2390398;281116;175339.00;512022.0706N;091001.6307E;309.506150;-260.00;0.00;179.00;-8.00
2390598;281116;175340.01;512022.0706N;091001.6307E;309.506150;-260.00;0.00;179.00;-8.00
2390798;281116;175341.00;512022.0706N;091001.6307E;309.506150;-260.00;0.00;179.00;-8.00
2390997;281116;175342.01;512022.0706N;091001.6307E;309.506150;-260.00;0.00;179.00;-8.00
2391197;281116;175343.01;512022.0706N;091001.6307E;309.506150;-260.00;0.00;179.00;-8.00
2391397;281116;175344.01;512022.0706N;091001.6307E;309.506150;-260.00;0.00;179.00;-8.00
2391597;281116;175345.01;512022.0706N;091001.6307E;309.506150;-260.00;0.00;179.00;-8.00
2391797;281116;175346.01;512022.0706N;091001.6307E;309.506150;-260.00;0.00;179.00;-8.00
2391997;281116;175347.01;512022.0706N;091001.6307E;309.506150;-260.00;0.00;179.00;-8.00
2392197;281116;175348.01;512022.0706N;091001.6307E;309.506150;-260.00;0.00;179.00;-8.00
2392397;281116;175349.01;512022.0706N;091001.6307E;309.506150;-260.00;0.00;179.00;-8.00
2392597;281116;175350.01;512022.0706N;091001.6307E;309.506150;-260.00;0.00;179.00;-8.00
2392797;281116;175351.01;512022.0706N;091001.6307E;309.506150;-260.00;0.00;179.00;-8.00
2392997;281116;175352.01;512022.0706N;091001.6307E;309.506150;-260.00;0.00;179.00;-8.00
2393197;281116;175353.01;512022.0706N;091001.6307E;309.506150;-260.00;0.00;179.00;-8.00
2393397;281116;175354.01;512022.0706N;091001.6307E;309.506150;-260.00;0.00;179.00;-8.00
2393597;281116;175355.00;512022.0706N;091001.6307E;309.506150;-260.00;0.00;179.00;-8.00
2393797;281116;175356.00;512022.0706N;091001.6307E;309.506150;-260.00;0.00;179.00;-8.00
2393997;281116;175357.00;512022.0706N;091001.6307E;309.506150;-260.00;0.00;179.00;-8.00
2394197;281116;175358.01;512022.0706N;091001.6307E;309.506150;-260.00;0.00;179.00;-8.00
2394397;281116;175359.01;512022.0706N;091001.6307E;309.506150;-260.00;0.00;179.00;-8.00
2394597;281116;175400.01;512022.0706N;091001.6307E;309.506150;-260.00;0.00;179.00;-8.00
2394797;281116;175401.01;512022.0706N;091001.6307E;309.506150;-260.00;0.00;179.00;-8.00
2394997;281116;175402.01;512022.0706N;091001.6307E;309.506150;-260.00;0.00;179.00;-8.00
2395197;281116;175403.01;512022.0706N;091001.6307E;309.506150;-260.00;0.00;179.00;-8.00
2395397;281116;175404.01;512022.0706N;091001.6307E;309.506150;-260.00;0.00;179.00;-8.00
2395597;281116;175405.01;512022.0706N;091001.6307E;309.506150;-260.00;0.00;179.00;-8.00
2395797;281116;175406.01;512022.0706N;091001.6307E;309.506150;-260.00;0.00;179.00;-8.00
2395997;281116;175407.01;512022.0706N;091001.6307E;309.506150;-260.00;0.00;179.00;-8.00
2396197;281116;175408.01;512022.0706N;091001.6307E;309.506150;-260.00;0.00;179.00;-8.00
2396397;281116;175409.01;512022.0706N;091001.6307E;309.506150;-260.00;0.00;179.00;-8.00
2396597;281116;175410.01;512022.0706N;091001.6307E;309.506150;-260.00;0.00;179.00;-8.00
2396797;281116;175411.01;512022.0706N;091001.6307E;309.506150;-260.00;0.00;179.00;-8.00
2396997;281116;175412.01;512022.0706N;091001.6307E;309.506150;-260.00;0.00;179.00;-8.00
2397197;281116;175413.00;512022.0706N;091001.6307E;309.506150;-260.00;0.00;179.00;-8.00
2397397;281116;175414.01;512022.0706N;091001.6307E;309.506150;-260.00;0.00;179.00;-8.00
2397597;281116;175415.01;512022.0706N;091001.6307E;309.506150;-260.00;0.00;179.00;-8.00
2397797;281116;175416.01;512022.0706N;091001.6307E;309.506150;-260.00;0.00;179.00;-8.00
2397997;281116;175417.01;512022.0706N;091001.6307E;309.506150;-260.00;0.00;179.00;-8.00
2398197;281116;175418.01;512022.0706N;091001.6307E;309.506150;-260.00;0.00;179.00;-8.00
2398397;281116;175419.01;512022.0706N;091001.6307E;309.506150;-260.00;0.00;179.00;-8.00
2398595;281116;175420.01;512022.0706N;091001.6307E;309.506150;-260.00;0.00;179.00;-8.00
2398793;281116;175421.01;512022.0706N;091001.6307E;309.506150;-260.00;0.00;179.00;-8.00
2398993;281116;175422.01;512022.0706N;091001.6307E;309.506150;-260.00;0.00;179.00;-8.00
2399193;281116;175423.01;512022.0706N;091001.6307E;309.506150;-260.00;0.00;179.00;-8.00
2399393;281116;175424.01;512022.0706N;091001.6307E;309.506150;-260.00;0.00;179.00;-8.00
2399593;281116;175425.01;512022.0706N;091001.6307E;309.506150;-260.00;0.00;179.00;-8.00
2399793;281116;175426.01;512022.0706N;091001.6307E;309.506150;-260.00;0.00;179.00;-8.00
2399993;281116;175427.01;512022.0706N;091001.6307E;309.506150;-260.00;0.00;179.00;-8.00
2400193;281116;175428.01;512022.0706N;091001.6307E;309.506150;-260.00;0.00;179.00;-8.00
2400393;281116;175429.01;512022.0706N;091001.6307E;309.506150;-260.00;0.00;179.00;-8.00
2400593;281116;175430.01;512022.0706N;091001.6307E;309.506150;-260.00;0.00;179.00;-8.00
2400793;281116;175431.01;512022.0706N;091001.6307E;309.506150;-260.00;0.00;179.00;-8.00
2400993;281116;175432.01;512022.0706N;091001.6307E;309.506150;-260.00;0.00;179.00;-8.00
2401173;281116;175433.01;512022.0706N;091001.6307E;309.506150;-260.00;0.00;179.00;-8.00
2401373;281116;175434.01;512022.0706N;091001.6307E;309.506150;-260.00;0.00;179.00;-8.00
2401573;281116;175435.01;512022.0706N;091001.6307E;309.506150;-260.00;0.00;179.00;-8.00
2401773;281116;175436.01;512022.0706N;091001.6307E;309.506150;-260.00;0.00;179.00;-8.00
2401973;281116;175437.01;512022.0706N;091001.6307E;309.506150;-260.00;0.00;179.00;-8.00
2402173;281116;175438.01;512022.0706N;091001.6307E;309.506150;-260.00;0.00;179.00;-8.00
2402373;281116;175439.01;512022.0706N;091001.6307E;309.506150;-260.00;0.00;179.00;-8.00
2402573;281116;175440.01;512022.0706N;091001.6307E;309.506150;-260.00;0.00;179.00;-8.00
2402773;281116;175441.01;512022.0706N;091001.6307E;309.506150;-260.00;0.00;179.00;-8.00
2402973;281116;175442.01;512022.0706N;091001.6307E;309.506150;-260.00;0.00;179.00;-8.00
2403173;281116;175443.01;512022.0706N;091001.6307E;309.506150;-260.00;0.00;179.00;-8.00
2403373;281116;175444.01;512022.0706N;091001.6307E;309.506150;-260.00;0.00;179.00;-8.00
2403573;281116;175445.01;512022.0706N;091001.6307E;309.506150;-260.00;0.00;179.00;-8.00
2403773;281116;175446.01;512022.0706N;091001.6307E;309.506150;-260.00;0.00;179.00;-8.00
2403973;281116;175447.01;512022.0706N;091001.6307E;309.506150;-260.00;0.00;179.00;-8.00
2404173;281116;175448.01;512022.0706N;091001.6307E;309.506150;-260.00;0.00;179.00;-8.00
2404373;281116;175449.01;512022.0706N;091001.6307E;309.506150;-260.00;0.00;179.00;-8.00
2404573;281116;175450.01;512022.0706N;091001.6307E;309.506150;-260.00;0.00;179.00;-8.00
2404773;281116;175451.01;512022.0706N;091001.6307E;309.506150;-260.00;0.00;179.00;-8.00
2404973;281116;175452.01;512022.0706N;091001.6307E;309.506150;-260.00;0.00;179.00;-8.00
2405173;281116;175453.01;512022.0706N;091001.6307E;309.506150;-260.00;0.00;179.00;-8.00
2405373;281116;175454.01;512022.0706N;091001.6307E;309.506150;-260.00;0.00;179.00;-8.00
2405573;281116;175455.01;512022.0706N;091001.6307E;309.506150;-260.00;0.00;179.00;-8.00
2405773;281116;175456.01;512022.0706N;091001.6307E;309.506150;-260.00;0.00;179.00;-8.00
2405973;281116;175457.01;512022.0706N;091001.6307E;309.506150;-260.00;0.00;179.00;-8.00
2406173;281116;175458.01;512022.0706N;091001.6307E;309.506150;-260.00;0.00;179.00;-8.00
2406373;281116;175459.01;512022.0706N;091001.6307E;309.506150;-260.00;0.00;179.00;-8.00
2406573;281116;175500.01;512022.0706N;091001.6307E;309.506150;-260.00;0.00;179.00;-8.00
2406773;281116;175501.01;512022.0706N;091001.6307E;309.506150;-260.00;0.00;179.00;-8.00
2406973;281116;175502.01;512022.0706N;091001.6307E;309.506150;-260.00;0.00;179.00;-8.00
2407173;281116;175503.01;512022.0706N;091001.6307E;309.506150;-260.00;0.00;179.00;-8.00
2407373;281116;175504.01;512022.0706N;091001.6307E;309.506150;-260.00;0.00;179.00;-8.00
2407573;281116;175505.01;512022.0706N;091001.6307E;309.506150;-260.00;0.00;179.00;-8.00
2407773;281116;175506.01;512022.0706N;091001.6307E;309.506150;-260.00;0.00;179.00;-8.00
2407973;281116;175507.01;512022.0706N;091001.6307E;309.506150;-260.00;0.00;179.00;-8.00
2408173;281116;175508.01;512022.0706N;091001.6307E;309.506150;-260.00;0.00;179.00;-8.00
2408373;281116;175509.01;512022.0706N;091001.6307E;309.506150;-260.00;0.00;179.00;-8.00
2408573;281116;175510.01;512022.0706N;091001.6307E;309.506150;-260.00;0.00;179.00;-8.00
2408773;281116;175511.01;512022.0706N;091001.6307E;309.506150;-260.00;0.00;179.00;-8.00
2408973;281116;175512.01;512022.0706N;091001.6307E;309.506150;-260.00;0.00;179.00;-8.00
2409173;281116;175513.01;512022.0706N;091001.6307E;309.506150;-260.00;0.00;179.00;-8.00
2409373;281116;175514.01;512022.0706N;091001.6307E;309.506150;-260.00;0.00;179.00;-8.00
2409573;281116;175515.01;512022.0706N;091001.6307E;309.506150;-260.00;0.00;179.00;-8.00
2409773;281116;175516.01;512022.0706N;091001.6307E;309.506150;-260.00;0.00;179.00;-8.00
2409965;281116;175517.01;512022.0706N;091001.6307E;309.506150;-260.00;0.00;179.00;-8.00
2410165;281116;175518.01;512022.0706N;091001.6307E;309.506150;-260.00;0.00;179.00;-8.00
2410365;281116;175519.01;512022.0706N;091001.6307E;309.506150;-260.00;0.00;179.00;-8.00
2410565;281116;175520.01;512022.0706N;091001.6307E;309.506150;-260.00;0.00;179.00;-8.00
2410765;281116;175521.01;512022.0706N;091001.6307E;309.506150;-260.00;0.00;179.00;-8.00
2410965;281116;175522.01;512022.0706N;091001.6307E;309.506150;-260.00;0.00;179.00;-8.00
2411165;281116;175523.01;512022.0706N;091001.6307E;309.506150;-260.00;0.00;179.00;-8.00
2411365;281116;175524.01;512022.0706N;091001.6307E;309.506150;-260.00;0.00;179.00;-8.00
2411565;281116;175525.01;512022.0706N;091001.6307E;309.506150;-260.00;0.00;179.00;-8.00
2411765;281116;175526.01;512022.0706N;091001.6307E;309.506150;-260.00;0.00;179.00;-8.00
2411965;281116;175527.01;512022.0706N;091001.6307E;309.506150;-260.00;0.00;179.00;-8.00
2412165;281116;175528.01;512022.0706N;091001.6307E;309.506150;-260.00;0.00;179.00;-8.00
2412365;281116;175529.01;512022.0706N;091001.6307E;309.506150;-260.00;0.00;179.00;-8.00
2412565;281116;175530.01;512022.0706N;091001.6307E;309.506150;-260.00;0.00;179.00;-8.00
2412765;281116;175531.01;512022.0706N;091001.6307E;309.506150;-260.00;0.00;179.00;-8.00
2412965;281116;175532.01;512022.0706N;091001.6307E;309.506150;-260.00;0.00;179.00;-8.00
2413165;281116;175533.01;512022.0706N;091001.6307E;309.506150;-260.00;0.00;179.00;-8.00
2413365;281116;175534.01;512022.0706N;091001.6307E;309.506150;-260.00;0.00;179.00;-8.00
2413565;281116;175535.01;512022.0706N;091001.6307E;309.506150;-260.00;0.00;179.00;-8.00
2413765;281116;175536.01;512022.0706N;091001.6307E;309.506150;-260.00;0.00;179.00;-8.00
2413965;281116;175537.01;512022.0706N;091001.6307E;309.506150;-260.00;0.00;179.00;-8.00
2414159;281116;175538.01;512022.0706N;091001.6307E;309.506150;-260.00;0.00;179.00;-8.00
2414357;281116;175539.01;512022.0706N;091001.6307E;309.506150;-260.00;0.00;179.00;-8.00
2414557;281116;175540.01;512022.0706N;091001.6307E;309.506150;-260.00;0.00;179.00;-8.00
2414757;281116;175541.01;512022.0706N;091001.6307E;309.506150;-260.00;0.00;179.00;-8.00
2414957;281116;175542.01;512022.0706N;091001.6307E;309.506150;-260.00;0.00;179.00;-8.00
2415157;281116;175543.01;512022.0706N;091001.6307E;309.506150;-260.00;0.00;179.00;-8.00
2415357;281116;175544.01;512022.0706N;091001.6307E;309.506150;-260.00;0.00;179.00;-8.00
2415557;281116;175545.01;512022.0706N;091001.6307E;309.506150;-260.00;0.00;179.00;-8.00
2415757;281116;175546.01;512022.0706N;091001.6307E;309.506150;-260.00;0.00;179.00;-8.00
2415957;281116;175547.01;512022.0706N;091001.6307E;309.506150;-260.00;0.00;179.00;-8.00
2416157;281116;175548.01;512022.0706N;091001.6307E;309.506150;-260.00;0.00;179.00;-8.00
2416357;281116;175549.01;512022.0706N;091001.6307E;309.506150;-260.00;0.00;179.00;-8.00
2416557;281116;175550.01;512022.0706N;091001.6307E;309.506150;-260.00;0.00;179.00;-8.00
2416757;281116;175551.01;512022.0706N;091001.6307E;309.506150;-260.00;0.00;179.00;-8.00
2416957;281116;175552.01;512022.0706N;091001.6307E;309.506150;-260.00;0.00;179.00;-8.00
2417157;281116;175553.01;512022.0706N;091001.6307E;309.506150;-260.00;0.00;179.00;-8.00
2417357;281116;175554.01;512022.0706N;091001.6307E;309.506150;-260.00;0.00;179.00;-8.00
2417557;281116;175555.01;512022.0706N;091001.6307E;309.506150;-260.00;0.00;179.00;-8.00
2417757;281116;175556.01;512022.0706N;091001.6307E;309.506150;-260.00;0.00;179.00;-8.00
2417957;281116;175557.01;512022.0706N;091001.6307E;309.506150;-260.00;0.00;179.00;-8.00
2418157;281116;175558.01;512022.0706N;091001.6307E;309.506150;-260.00;0.00;179.00;-8.00
2418357;281116;175559.01;512022.0706N;091001.6307E;309.506150;-260.00;0.00;179.00;-8.00
2418557;281116;175600.01;512022.0706N;091001.6307E;309.506150;-260.00;0.00;179.00;-8.00
2418757;281116;175601.01;512022.0706N;091001.6307E;309.506150;-260.00;0.00;179.00;-8.00
2418957;281116;175602.01;512022.0706N;091001.6307E;309.506150;-260.00;0.00;179.00;-8.00
2419157;281116;175603.01;512022.0706N;091001.6307E;309.506150;-260.00;0.00;179.00;-8.00
2419357;281116;175604.01;512022.0706N;091001.6307E;309.506150;-260.00;0.00;179.00;-8.00
2419557;281116;175605.01;512022.0706N;091001.6307E;309.506150;-260.00;0.00;179.00;-8.00
2419757;281116;175606.01;512022.0706N;091001.6307E;309.506150;-260.00;0.00;179.00;-8.00
2419957;281116;175607.01;512022.0706N;091001.6307E;309.506150;-260.00;0.00;179.00;-8.00
2420157;281116;175608.01;512022.0706N;091001.6307E;309.506150;-260.00;0.00;179.00;-8.00
2420357;281116;175609.01;512022.0706N;091001.6307E;309.506150;-260.00;0.00;179.00;-8.00
2420557;281116;175610.01;512022.0706N;091001.6307E;309.506150;-260.00;0.00;179.00;-8.00
2420757;281116;175611.01;512022.0706N;091001.6307E;309.506150;-260.00;0.00;179.00;-8.00
2420957;281116;175612.01;512022.0706N;091001.6307E;309.506150;-260.00;0.00;179.00;-8.00
2421157;281116;175613.01;512022.0706N;091001.6307E;309.506150;-260.00;0.00;179.00;-8.00
2421357;281116;175614.01;512022.0706N;091001.6307E;309.506150;-260.00;0.00;179.00;-8.00
2421557;281116;175615.01;512022.0706N;091001.6307E;309.506150;-260.00;0.00;179.00;-8.00
2421757;281116;175616.01;512022.0706N;091001.6307E;309.506150;-260.00;0.00;179.00;-8.00
2421957;281116;175617.01;512022.0706N;091001.6307E;309.506150;-260.00;0.00;179.00;-8.00
2422157;281116;175618.01;512022.0706N;091001.6307E;309.506150;-260.00;0.00;179.00;-8.00
2422357;281116;175619.01;512022.0706N;091001.6307E;309.506150;-260.00;0.00;179.00;-8.00
2422557;281116;175620.01;512022.0706N;091001.6307E;309.506150;-260.00;0.00;179.00;-8.00
2422757;281116;175621.01;512022.0706N;091001.6307E;309.506150;-260.00;0.00;179.00;-8.00
2422957;281116;175622.01;512022.0706N;091001.6307E;309.506150;-260.00;0.00;179.00;-8.00
2423157;281116;175623.01;512022.0706N;091001.6307E;309.506150;-260.00;0.00;179.00;-8.00
2423354;281116;175624.01;512022.0706N;091001.6307E;309.506150;-260.00;0.00;179.00;-8.00
2423554;281116;175625.01;512022.0706N;091001.6307E;309.506150;-260.00;0.00;179.00;-8.00
2423754;281116;175626.01;512022.0706N;091001.6307E;309.506150;-260.00;0.00;179.00;-8.00
2423954;281116;175627.01;512022.0706N;091001.6307E;309.506150;-260.00;0.00;179.00;-8.00
2424154;281116;175628.01;512022.0706N;091001.6307E;309.506150;-260.00;0.00;179.00;-8.00
2424354;281116;175629.01;512022.0706N;091001.6307E;309.506150;-260.00;0.00;179.00;-8.00
2424554;281116;175630.01;512022.0706N;091001.6307E;309.506150;-260.00;0.00;179.00;-8.00
2424754;281116;175631.01;512022.0706N;091001.6307E;309.506150;-260.00;0.00;179.00;-8.00
2424954;281116;175632.01;512022.0706N;091001.6307E;309.506150;-260.00;0.00;179.00;-8.00
2425154;281116;175633.01;512022.0706N;091001.6307E;309.506150;-260.00;0.00;179.00;-8.00
2425354;281116;175634.01;512022.0706N;091001.6307E;309.506150;-260.00;0.00;179.00;-8.00
2425554;281116;175635.01;512022.0706N;091001.6307E;309.506150;-260.00;0.00;179.00;-8.00
2425754;281116;175636.01;512022.0706N;091001.6307E;309.506150;-260.00;0.00;179.00;-8.00
2425954;281116;175637.01;512022.0706N;091001.6307E;309.506150;-260.00;0.00;179.00;-8.00
2426154;281116;175638.01;512022.0706N;091001.6307E;309.506150;-260.00;0.00;179.00;-8.00
2426354;281116;175639.01;512022.0706N;091001.6307E;309.506150;-260.00;0.00;179.00;-8.00
2426554;281116;175640.01;512022.0706N;091001.6307E;309.506150;-260.00;0.00;179.00;-8.00
2426754;281116;175641.01;512022.0706N;091001.6307E;309.506150;-260.00;0.00;179.00;-8.00
2426954;281116;175642.01;512022.0706N;091001.6307E;309.506150;-260.00;0.00;179.00;-8.00
2427154;281116;175643.01;512022.0706N;091001.6307E;309.506150;-260.00;0.00;179.00;-8.00
2427354;281116;175644.01;512022.0706N;091001.6307E;309.506150;-260.00;0.00;179.00;-8.00
2427554;281116;175645.01;512022.0706N;091001.6307E;309.506150;-260.00;0.00;179.00;-8.00
2427754;281116;175646.01;512022.0706N;091001.6307E;309.506150;-260.00;0.00;179.00;-8.00
2427954;281116;175647.01;512022.0706N;091001.6307E;309.506150;-260.00;0.00;179.00;-8.00
2428154;281116;175648.01;512022.0706N;091001.6307E;309.506150;-260.00;0.00;179.00;-8.00
2428354;281116;175649.01;512022.0706N;091001.6307E;309.506150;-260.00;0.00;179.00;-8.00
2428554;281116;175650.01;512022.0706N;091001.6307E;309.506150;-260.00;0.00;179.00;-8.00
2428750;281116;175651.01;512022.0706N;091001.6307E;309.506150;-260.00;0.00;179.00;-8.00
2428950;281116;175652.01;512022.0706N;091001.6307E;309.506150;-260.00;0.00;179.00;-8.00
2429150;281116;175653.01;512022.0706N;091001.6307E;309.506150;-260.00;0.00;179.00;-8.00
2429350;281116;175654.01;512022.0706N;091001.6307E;309.506150;-260.00;0.00;179.00;-8.00
2429550;281116;175655.01;512022.0706N;091001.6307E;309.506150;-260.00;0.00;179.00;-8.00
2429729;281116;175656.01;512022.0706N;091001.6307E;309.506150;-260.00;0.00;179.00;-8.00
2429929;281116;175657.01;512022.0706N;091001.6307E;309.506150;-260.00;0.00;179.00;-8.00
2430129;281116;175658.01;512022.0706N;091001.6307E;309.506150;-260.00;0.00;179.00;-8.00
2430329;281116;175659.01;512022.0706N;091001.6307E;309.506150;-260.00;0.00;179.00;-8.00
2430529;281116;175700.01;512022.0706N;091001.6307E;309.506150;-260.00;0.00;179.00;-8.00
2430729;281116;175701.01;512022.0706N;091001.6307E;309.506150;-260.00;0.00;179.00;-8.00
2430928;281116;175702.01;512022.0706N;091001.6307E;309.506150;-260.00;0.00;179.00;-8.00
2431129;281116;175703.01;512022.0706N;091001.6307E;309.506150;-260.00;0.00;179.00;-8.00
2431329;281116;175704.01;512022.0706N;091001.6307E;309.506150;-260.00;0.00;179.00;-8.00
2431529;281116;175705.01;512022.0706N;091001.6307E;309.506150;-260.00;0.00;179.00;-8.00
2431729;281116;175706.01;512022.0706N;091001.6307E;309.506150;-260.00;0.00;179.00;-8.00
2431929;281116;175707.01;512022.0706N;091001.6307E;309.506150;-260.00;0.00;179.00;-8.00
2432128;281116;175708.01;512022.0706N;091001.6307E;309.506150;-260.00;0.00;179.00;-8.00
2432325;281116;175709.01;512022.0706N;091001.6307E;309.506150;-260.00;0.00;179.00;-8.00
2432525;281116;175710.01;512022.0706N;091001.6307E;309.506150;-260.00;0.00;179.00;-8.00
2432725;281116;175711.01;512022.0706N;091001.6307E;309.506150;-260.00;0.00;179.00;-8.00
2432925;281116;175712.01;512022.0706N;091001.6307E;309.506150;-260.00;0.00;179.00;-8.00
2433125;281116;175713.01;512022.0706N;091001.6307E;309.506150;-260.00;0.00;179.00;-8.00
2433325;281116;175714.01;512022.0706N;091001.6307E;309.506150;-260.00;0.00;179.00;-8.00
2433525;281116;175715.01;512022.0706N;091001.6307E;309.506150;-260.00;0.00;179.00;-8.00
2433725;281116;175716.01;512022.0706N;091001.6307E;309.506150;-260.00;0.00;179.00;-8.00
2433925;281116;175717.01;512022.0706N;091001.6307E;309.506150;-260.00;0.00;179.00;-8.00
2434125;281116;175718.01;512022.0706N;091001.6307E;309.506150;-260.00;0.00;179.00;-8.00
2434325;281116;175719.01;512022.0706N;091001.6307E;309.506150;-260.00;0.00;179.00;-8.00
2434525;281116;175720.01;512022.0706N;091001.6307E;309.506150;-260.00;0.00;179.00;-8.00
2434725;281116;175721.01;512022.0706N;091001.6307E;309.506150;-260.00;0.00;179.00;-8.00
2434925;281116;175722.01;512022.0706N;091001.6307E;309.506150;-260.00;0.00;179.00;-8.00
2435125;281116;175723.01;512022.0706N;091001.6307E;309.506150;-260.00;0.00;179.00;-8.00
2435325;281116;175724.01;512022.0706N;091001.6307E;309.506150;-260.00;0.00;179.00;-8.00
2435525;281116;175725.01;512022.0706N;091001.6307E;309.506150;-260.00;0.00;179.00;-8.00
2435725;281116;175726.01;512022.0706N;091001.6307E;309.506150;-260.00;0.00;179.00;-8.00
2435925;281116;175727.01;512022.0706N;091001.6307E;309.506150;-260.00;0.00;179.00;-8.00
2436125;281116;175728.01;512022.0706N;091001.6307E;309.506150;-260.00;0.00;179.00;-8.00
2436325;281116;175729.01;512022.0706N;091001.6307E;309.506150;-260.00;0.00;179.00;-8.00
2436525;281116;175730.01;512022.0706N;091001.6307E;309.506150;-260.00;0.00;179.00;-8.00
2436725;281116;175731.01;512022.0706N;091001.6307E;309.506150;-260.00;0.00;179.00;-8.00
2436925;281116;175732.01;512022.0706N;091001.6307E;309.506150;-260.00;0.00;179.00;-8.00
2437125;281116;175733.01;512022.0706N;091001.6307E;309.506150;-260.00;0.00;179.00;-8.00
2437325;281116;175734.01;512022.0706N;091001.6307E;309.506150;-260.00;0.00;179.00;-8.00
2437525;281116;175735.01;512022.0706N;091001.6307E;309.506150;-260.00;0.00;179.00;-8.00
2437725;281116;175736.01;512022.0706N;091001.6307E;309.506150;-260.00;0.00;179.00;-8.00
2437903;281116;175737.01;512022.0706N;091001.6307E;309.506150;-260.00;0.00;179.00;-8.00
2438103;281116;175738.01;512022.0706N;091001.6307E;309.506150;-260.00;0.00;179.00;-8.00
2438303;281116;175739.01;512022.0706N;091001.6307E;309.506150;-260.00;0.00;179.00;-8.00
2438501;281116;175740.01;512022.0706N;091001.6307E;309.506150;-260.00;0.00;179.00;-8.00
2438697;281116;175741.01;512022.0706N;091001.6307E;309.506150;-260.00;0.00;179.00;-8.00
2438897;281116;175742.01;512022.0706N;091001.6307E;309.506150;-260.00;0.00;179.00;-8.00
2439097;281116;175743.01;512022.0706N;091001.6307E;309.506150;-260.00;0.00;179.00;-8.00
2439297;281116;175744.01;512022.0706N;091001.6307E;309.506150;-260.00;0.00;179.00;-8.00
2439497;281116;175745.01;512022.0706N;091001.6307E;309.506150;-260.00;0.00;179.00;-8.00
2439697;281116;175746.01;512022.0706N;091001.6307E;309.506150;-260.00;0.00;179.00;-8.00
2439897;281116;175747.01;512022.0706N;091001.6307E;309.506150;-260.00;0.00;179.00;-8.00
2440097;281116;175748.01;512022.0706N;091001.6307E;309.506150;-260.00;0.00;179.00;-8.00
2440297;281116;175749.01;512022.0706N;091001.6307E;309.506150;-260.00;0.00;179.00;-8.00
2440497;281116;175750.01;512022.0706N;091001.6307E;309.506150;-260.00;0.00;179.00;-8.00
2440697;281116;175751.01;512022.0706N;091001.6307E;309.506150;-260.00;0.00;179.00;-8.00
2440897;281116;175752.01;512022.0706N;091001.6307E;309.506150;-260.00;0.00;179.00;-8.00
2441097;281116;175753.01;512022.0706N;091001.6307E;309.506150;-260.00;0.00;179.00;-8.00
2441297;281116;175754.01;512022.0706N;091001.6307E;309.506150;-260.00;0.00;179.00;-8.00
2441497;281116;175755.01;512022.0706N;091001.6307E;309.506150;-260.00;0.00;179.00;-8.00
2441697;281116;175756.01;512022.0706N;091001.6307E;309.506150;-260.00;0.00;179.00;-8.00
2441897;281116;175757.01;512022.0706N;091001.6307E;309.506150;-260.00;0.00;179.00;-8.00
2442097;281116;175758.01;512022.0706N;091001.6307E;309.506150;-260.00;0.00;179.00;-8.00
2442290;281116;175759.01;512022.0706N;091001.6307E;309.506150;-260.00;0.00;179.00;-8.00
2442490;281116;175800.01;512022.0706N;091001.6307E;309.506150;-260.00;0.00;179.00;-8.00
2442690;281116;175801.01;512022.0706N;091001.6307E;309.506150;-260.00;0.00;179.00;-8.00
2442890;281116;175802.01;512022.0706N;091001.6307E;309.506150;-260.00;0.00;179.00;-8.00
2443090;281116;175803.01;512022.0706N;091001.6307E;309.506150;-260.00;0.00;179.00;-8.00
2443290;281116;175804.01;512022.0706N;091001.6307E;309.506150;-260.00;0.00;179.00;-8.00
2443490;281116;175805.01;512022.0706N;091001.6307E;309.506150;-260.00;0.00;179.00;-8.00
2443690;281116;175806.01;512022.0706N;091001.6307E;309.506150;-260.00;0.00;179.00;-8.00
2443890;281116;175807.01;512022.0706N;091001.6307E;309.506150;-260.00;0.00;179.00;-8.00
2444090;281116;175808.01;512022.0706N;091001.6307E;309.506150;-260.00;0.00;179.00;-8.00
2444290;281116;175809.01;512022.0706N;091001.6307E;309.506150;-260.00;0.00;179.00;-8.00
2444490;281116;175810.01;512022.0706N;091001.6307E;309.506150;-260.00;0.00;179.00;-8.00
2444690;281116;175811.01;512022.0706N;091001.6307E;309.506150;-260.00;0.00;179.00;-8.00
2444890;281116;175812.01;512022.0706N;091001.6307E;309.506150;-260.00;0.00;179.00;-8.00
2445090;281116;175813.01;512022.0706N;091001.6307E;309.506150;-260.00;0.00;179.00;-8.00
2445290;281116;175814.01;512022.0706N;091001.6307E;309.506150;-260.00;0.00;179.00;-8.00
2445467;281116;175815.01;512022.0706N;091001.6307E;309.506150;-260.00;0.00;179.00;-8.00
2445667;281116;175816.01;512022.0706N;091001.6307E;309.506150;-260.00;0.00;179.00;-8.00
2445867;281116;175817.01;512022.0706N;091001.6307E;309.506150;-260.00;0.00;179.00;-8.00
2446067;281116;175818.01;512022.0706N;091001.6307E;309.506150;-260.00;0.00;179.00;-8.00
2446267;281116;175819.01;512022.0706N;091001.6307E;309.506150;-260.00;0.00;179.00;-8.00
2446467;281116;175820.01;512022.0706N;091001.6307E;309.506150;-260.00;0.00;179.00;-8.00
2446667;281116;175821.01;512022.0706N;091001.6307E;309.506150;-260.00;0.00;179.00;-8.00
2446850;281116;175822.01;512022.0706N;091001.6307E;309.506150;-260.00;0.00;179.00;-8.00
2447050;281116;175823.01;512022.0706N;091001.6307E;309.506150;-260.00;0.00;179.00;-8.00
2447250;281116;175824.01;512022.0706N;091001.6307E;309.506150;-260.00;0.00;179.00;-8.00
2447450;281116;175825.01;512022.0706N;091001.6307E;309.506150;-260.00;0.00;179.00;-8.00
2447650;281116;175826.01;512022.0706N;091001.6307E;309.506150;-260.00;0.00;179.00;-8.00
2447850;281116;175827.01;512022.0706N;091001.6307E;309.506150;-260.00;0.00;179.00;-8.00
2448050;281116;175828.01;512022.0706N;091001.6307E;309.506150;-260.00;0.00;179.00;-8.00
2448250;281116;175829.01;512022.0706N;091001.6307E;309.506150;-260.00;0.00;179.00;-8.00
2448450;281116;175830.01;512022.0706N;091001.6307E;309.506150;-260.00;0.00;179.00;-8.00
2448650;281116;175831.01;512022.0706N;091001.6307E;309.506150;-260.00;0.00;179.00;-8.00
2448850;281116;175832.01;512022.0706N;091001.6307E;309.506150;-260.00;0.00;179.00;-8.00
2449050;281116;175833.01;512022.0706N;091001.6307E;309.506150;-260.00;0.00;179.00;-8.00
2449250;281116;175834.01;512022.0706N;091001.6307E;309.506150;-260.00;0.00;179.00;-8.00
2449450;281116;175835.01;512022.0706N;091001.6307E;309.506150;-260.00;0.00;179.00;-8.00
2449650;281116;175836.01;512022.0706N;091001.6307E;309.506150;-260.00;0.00;179.00;-8.00
2449850;281116;175837.01;512022.0706N;091001.6307E;309.506150;-260.00;0.00;179.00;-8.00
2450050;281116;175838.01;512022.0706N;091001.6307E;309.506150;-260.00;0.00;179.00;-8.00
2450250;281116;175839.01;512022.0706N;091001.6307E;309.506150;-260.00;0.00;179.00;-8.00
2450450;281116;175840.01;512022.0706N;091001.6307E;309.506150;-260.00;0.00;179.00;-8.00
2450650;281116;175841.01;512022.0706N;091001.6307E;309.506150;-260.00;0.00;179.00;-8.00
2450850;281116;175842.01;512022.0706N;091001.6307E;309.506150;-260.00;0.00;179.00;-8.00
2451050;281116;175843.01;512022.0706N;091001.6307E;309.506150;-260.00;0.00;179.00;-8.00
2451250;281116;175844.01;512022.0706N;091001.6307E;309.506150;-260.00;0.00;179.00;-8.00
2451450;281116;175845.01;512022.0706N;091001.6307E;309.506150;-260.00;0.00;179.00;-8.00
2451650;281116;175846.01;512022.0706N;091001.6307E;309.506150;-260.00;0.00;179.00;-8.00
2451850;281116;175847.01;512022.0706N;091001.6307E;309.506150;-260.00;0.00;179.00;-8.00
2452050;281116;175848.01;512022.0706N;091001.6307E;309.506150;-260.00;0.00;179.00;-8.00
2452250;281116;175849.01;512022.0706N;091001.6307E;309.506150;-260.00;0.00;179.00;-8.00
2452450;281116;175850.01;512022.0706N;091001.6307E;309.506150;-260.00;0.00;179.00;-8.00
2452650;281116;175851.01;512022.0706N;091001.6307E;309.506150;-260.00;0.00;179.00;-8.00
2452850;281116;175852.01;512022.0706N;091001.6307E;309.506150;-260.00;0.00;179.00;-8.00
2453049;281116;175853.01;512022.0706N;091001.6307E;309.506150;-260.00;0.00;179.00;-8.00
2453249;281116;175854.01;512022.0706N;091001.6307E;309.506150;-260.00;0.00;179.00;-8.00
2453449;281116;175855.01;512022.0706N;091001.6307E;309.506150;-260.00;0.00;179.00;-8.00
2453649;281116;175856.01;512022.0706N;091001.6307E;309.506150;-260.00;0.00;179.00;-8.00
2453849;281116;175857.01;512022.0706N;091001.6307E;309.506150;-260.00;0.00;179.00;-8.00
2454049;281116;175858.01;512022.0706N;091001.6307E;309.506150;-260.00;0.00;179.00;-8.00
2454249;281116;175859.01;512022.0706N;091001.6307E;309.506150;-260.00;0.00;179.00;-8.00
2454449;281116;175900.01;512022.0706N;091001.6307E;309.506150;-260.00;0.00;179.00;-8.00
2454649;281116;175901.01;512022.0706N;091001.6307E;309.506150;-260.00;0.00;179.00;-8.00
2454849;281116;175902.01;512022.0706N;091001.6307E;309.506150;-260.00;0.00;179.00;-8.00
2455049;281116;175903.01;512022.0706N;091001.6307E;309.506150;-260.00;0.00;179.00;-8.00
2455249;281116;175904.01;512022.0706N;091001.6307E;309.506150;-260.00;0.00;179.00;-8.00
2455449;281116;175905.01;512022.0706N;091001.6307E;309.506150;-260.00;0.00;179.00;-8.00
2455649;281116;175906.01;512022.0706N;091001.6307E;309.506150;-260.00;0.00;179.00;-8.00
2455849;281116;175907.01;512022.0706N;091001.6307E;309.506150;-260.00;0.00;179.00;-8.00
2456049;281116;175908.01;512022.0706N;091001.6307E;309.506150;-260.00;0.00;179.00;-8.00
2456249;281116;175909.01;512022.0706N;091001.6307E;309.506150;-260.00;0.00;179.00;-8.00
2456449;281116;175910.01;512022.0706N;091001.6307E;309.506150;-260.00;0.00;179.00;-8.00
2456649;281116;175911.01;512022.0706N;091001.6307E;309.506150;-260.00;0.00;179.00;-8.00
2456849;281116;175912.01;512022.0706N;091001.6307E;309.506150;-260.00;0.00;179.00;-8.00
2457049;281116;175913.01;512022.0706N;091001.6307E;309.506150;-260.00;0.00;179.00;-8.00
2457249;281116;175914.01;512022.0706N;091001.6307E;309.506150;-260.00;0.00;179.00;-8.00
2457449;281116;175915.01;512022.0706N;091001.6307E;309.506150;-260.00;0.00;179.00;-8.00
2457637;281116;175916.01;512022.0706N;091001.6307E;309.506150;-260.00;0.00;179.00;-8.00
2457837;281116;175917.01;512022.0706N;091001.6307E;309.506150;-260.00;0.00;179.00;-8.00
2458037;281116;175918.01;512022.0706N;091001.6307E;309.506150;-260.00;0.00;179.00;-8.00
2458237;281116;175919.01;512022.0706N;091001.6307E;309.506150;-260.00;0.00;179.00;-8.00
2458437;281116;175920.01;512022.0706N;091001.6307E;309.506150;-260.00;0.00;179.00;-8.00
2458637;281116;175921.01;512022.0706N;091001.6307E;309.506150;-260.00;0.00;179.00;-8.00
2458837;281116;175922.01;512022.0706N;091001.6307E;309.506150;-260.00;0.00;179.00;-8.00
2459037;281116;175923.01;512022.0706N;091001.6307E;309.506150;-260.00;0.00;179.00;-8.00
2459237;281116;175924.01;512022.0706N;091001.6307E;309.506150;-260.00;0.00;179.00;-8.00
2459431;281116;175925.01;512022.0706N;091001.6307E;309.506150;-260.00;0.00;179.00;-8.00
2459631;281116;175926.01;512022.0706N;091001.6307E;309.506150;-260.00;0.00;179.00;-8.00
2459831;281116;175927.01;512022.0706N;091001.6307E;309.506150;-260.00;0.00;179.00;-8.00
2460031;281116;175928.01;512022.0706N;091001.6307E;309.506150;-260.00;0.00;179.00;-8.00
2460231;281116;175929.01;512022.0706N;091001.6307E;309.506150;-260.00;0.00;179.00;-8.00
2460431;281116;175930.01;512022.0706N;091001.6307E;309.506150;-260.00;0.00;179.00;-8.00
2460631;281116;175931.01;512022.0706N;091001.6307E;309.506150;-260.00;0.00;179.00;-8.00
2460831;281116;175932.01;512022.0706N;091001.6307E;309.506150;-260.00;0.00;179.00;-8.00
2461031;281116;175933.01;512022.0706N;091001.6307E;309.506150;-260.00;0.00;179.00;-8.00
2461231;281116;175934.01;512022.0706N;091001.6307E;309.506150;-260.00;0.00;179.00;-8.00
2461431;281116;175935.01;512022.0706N;091001.6307E;309.506150;-260.00;0.00;179.00;-8.00
2461631;281116;175936.01;512022.0706N;091001.6307E;309.506150;-260.00;0.00;179.00;-8.00
2461831;281116;175937.01;512022.0706N;091001.6307E;309.506150;-260.00;0.00;179.00;-8.00
2462031;281116;175938.01;512022.0706N;091001.6307E;309.506150;-260.00;0.00;179.00;-8.00
2462231;281116;175939.01;512022.0706N;091001.6307E;309.506150;-260.00;0.00;179.00;-8.00
2462431;281116;175940.01;512022.0706N;091001.6307E;309.506150;-260.00;0.00;179.00;-8.00
2462631;281116;175941.01;512022.0706N;091001.6307E;309.506150;-260.00;0.00;179.00;-8.00
2462831;281116;175942.01;512022.0706N;091001.6307E;309.506150;-260.00;0.00;179.00;-8.00
2463031;281116;175943.01;512022.0706N;091001.6307E;309.506150;-260.00;0.00;179.00;-8.00
2463231;281116;175944.01;512022.0706N;091001.6307E;309.506150;-260.00;0.00;179.00;-8.00
2463431;281116;175945.01;512022.0706N;091001.6307E;309.506150;-260.00;0.00;179.00;-8.00
2463631;281116;175946.01;512022.0706N;091001.6307E;309.506150;-260.00;0.00;179.00;-8.00
2463831;281116;175947.01;512022.0706N;091001.6307E;309.506150;-260.00;0.00;179.00;-8.00
2464031;281116;175948.01;512022.0706N;091001.6307E;309.506150;-260.00;0.00;179.00;-8.00
2464230;281116;175949.01;512022.0706N;091001.6307E;309.506150;-260.00;0.00;179.00;-8.00
2464430;281116;175950.01;512022.0706N;091001.6307E;309.506150;-260.00;0.00;179.00;-8.00
2464630;281116;175951.01;512022.0706N;091001.6307E;309.506150;-260.00;0.00;179.00;-8.00
2464830;281116;175952.01;512022.0706N;091001.6307E;309.506150;-260.00;0.00;179.00;-8.00
2465030;281116;175953.01;512022.0706N;091001.6307E;309.506150;-260.00;0.00;179.00;-8.00
2465230;281116;175954.01;512022.0706N;091001.6307E;309.506150;-260.00;0.00;179.00;-8.00
2465430;281116;175955.01;512022.0706N;091001.6307E;309.506150;-260.00;0.00;179.00;-8.00
2465630;281116;175956.01;512022.0706N;091001.6307E;309.506150;-260.00;0.00;179.00;-8.00
2465830;281116;175957.01;512022.0706N;091001.6307E;309.506150;-260.00;0.00;179.00;-8.00
2466030;281116;175958.01;512022.0706N;091001.6307E;309.506150;-260.00;0.00;179.00;-8.00
2466230;281116;175959.01;512022.0706N;091001.6307E;309.506150;-260.00;0.00;179.00;-8.00
2466430;281116;180000.01;512022.0706N;091001.6307E;309.506150;-260.00;0.00;179.00;-8.00
