13571;111216;134000.40;512145.6972N;091142.6101E;439.229105;0.00;0.16;0.16;0.00
13621;111216;134001.39;512145.6972N;091142.6101E;439.229105;0.00;0.16;0.16;0.00
13670;111216;134002.39;512145.6972N;091142.6101E;439.229105;0.00;0.16;0.16;0.00
13720;111216;134003.40;512145.6972N;091142.6101E;439.229105;0.00;0.16;0.16;0.00
13770;111216;134004.39;512145.6972N;091142.6101E;439.229105;0.00;0.16;0.16;0.00
13820;111216;134005.39;512145.6972N;091142.6101E;439.229105;0.00;0.16;0.16;0.00
13870;111216;134006.40;512145.6972N;091142.6101E;439.229105;0.00;0.17;0.17;0.00
13920;111216;134007.39;512145.6972N;091142.6101E;439.229105;0.00;0.16;0.16;0.00
13970;111216;134008.39;512145.6972N;091142.6101E;439.229105;0.00;0.16;0.16;0.00
14019;111216;134009.24;512145.6972N;091142.6101E;439.229105;0.00;0.16;0.16;0.00
14069;111216;134010.42;512145.6972N;091142.6101E;439.229105;0.00;0.16;0.16;0.00
14119;111216;134011.41;512145.6972N;091142.6101E;439.229105;0.00;0.16;0.16;0.00
14169;111216;134012.41;512145.6972N;091142.6101E;439.229105;0.00;0.16;0.16;0.00
14219;111216;134013.42;512145.6972N;091142.6101E;439.229105;0.00;0.16;0.16;0.00
14269;111216;134014.41;512145.6972N;091142.6101E;439.229105;0.00;0.16;0.16;0.00
14319;111216;134015.41;512145.6972N;091142.6101E;439.229105;0.00;0.16;0.16;0.00
14369;111216;134016.42;512145.6972N;091142.6101E;439.229105;0.00;0.17;0.17;0.00
14419;111216;134017.41;512145.6972N;091142.6101E;439.229105;0.00;81.00;81.00;0.00
14469;111216;134018.41;512145.6972N;091142.6101E;439.229105;0.00;0.16;0.16;0.00
14519;111216;134019.24;512145.6972N;091142.6101E;439.229105;0.00;0.16;0.16;0.00
14569;111216;134020.41;512145.6972N;091142.6101E;439.229105;0.00;0.16;0.16;0.00
14619;111216;134021.41;512145.6972N;091142.6101E;439.229105;0.00;0.16;0.16;0.00
14669;111216;134022.42;512145.6972N;091142.6101E;439.229105;0.00;0.16;0.16;0.00
14719;111216;134023.41;512145.6972N;091142.6101E;439.229105;0.00;0.16;0.16;0.00
14767;111216;134024.41;512145.6972N;091142.6101E;439.229105;0.00;0.16;0.16;0.00
14815;111216;134025.42;512145.6972N;091142.6101E;439.229105;0.00;0.16;0.16;0.00
14865;111216;134026.41;512145.6972N;091142.6101E;439.229105;0.00;0.16;0.16;0.00
14915;111216;134027.41;512145.6972N;091142.6101E;439.229105;0.00;0.16;0.16;0.00
14965;111216;134028.42;512145.6972N;091142.6101E;439.229105;0.00;0.16;0.16;0.00
15015;111216;134029.41;512145.6972N;091142.6101E;439.229105;0.00;0.16;0.16;0.00
15065;111216;134030.41;512145.6972N;091142.6101E;439.229105;0.00;0.17;0.17;0.00
15115;111216;134031.42;512145.6972N;091142.6101E;439.229105;0.00;0.16;0.16;0.00
15165;111216;134032.41;512145.6972N;091142.6101E;439.229105;0.00;0.16;0.16;0.00
15215;111216;134033.41;512145.6972N;091142.6101E;439.229105;0.00;0.16;0.16;0.00
15265;111216;134034.42;512145.6972N;091142.6101E;439.229105;0.00;0.17;0.17;0.00
15315;111216;134035.41;512145.6972N;091142.6101E;439.229105;0.00;0.16;0.16;0.00
15365;111216;134036.41;512145.6972N;091142.6101E;439.229105;0.00;0.16;0.16;0.00
15416;111216;134037.24;512145.6972N;091142.6101E;439.229105;0.00;0.16;0.16;0.00
15466;111216;134038.24;512145.6972N;091142.6101E;439.229105;0.00;0.16;0.16;0.00
15516;111216;134039.24;512145.6972N;091142.6101E;439.229105;0.00;0.16;0.16;0.00
15561;111216;134040.44;512145.6972N;091142.6101E;439.229105;0.00;0.17;0.17;0.00
15609;111216;134041.24;512145.6972N;091142.6101E;439.229105;0.00;0.16;0.16;0.00
15659;111216;134042.24;512145.6972N;091142.6101E;439.229105;0.00;0.16;0.16;0.00
15709;111216;134043.24;512145.6972N;091142.6101E;439.229105;0.00;0.16;0.16;0.00
15759;111216;134044.24;512145.6972N;091142.6101E;439.229105;0.00;0.16;0.16;0.00
15809;111216;134045.24;512145.6972N;091142.6101E;439.229105;0.00;0.16;0.16;0.00
15859;111216;134046.45;512145.6972N;091142.6101E;439.229105;0.00;0.16;0.16;0.00
15909;111216;134047.24;512145.6972N;091142.6101E;439.229105;0.00;0.16;0.16;0.00
15957;111216;134048.24;512145.6972N;091142.6101E;439.229105;0.00;0.16;0.16;0.00
16007;111216;134049.24;512145.6972N;091142.6101E;439.229105;0.00;0.16;0.16;0.00
16057;111216;134050.24;512145.6972N;091142.6101E;439.229105;0.00;0.16;0.16;0.00
16107;111216;134051.24;512145.6972N;091142.6101E;439.229105;0.00;81.00;81.00;0.00
16157;111216;134052.24;512145.6972N;091142.6101E;439.229105;0.00;0.16;0.16;0.00
16207;111216;134053.24;512145.6972N;091142.6101E;439.229105;0.00;0.16;0.16;0.00
16257;111216;134054.24;512145.6972N;091142.6101E;439.229105;0.00;0.16;0.16;0.00
16307;111216;134055.24;512145.6972N;091142.6101E;439.229105;0.00;0.16;0.16;0.00
16357;111216;134056.24;512145.6972N;091142.6101E;439.229105;0.00;0.16;0.16;0.00
16407;111216;134057.24;512145.6972N;091142.6101E;439.229105;0.00;0.16;0.16;0.00
16457;111216;134058.45;512145.6972N;091142.6101E;439.229105;0.00;0.16;0.16;0.00
16507;111216;134059.24;512145.6972N;091142.6101E;439.229105;0.00;0.16;0.16;0.00
16557;111216;134100.24;512145.6972N;091142.6101E;439.229105;0.00;0.16;0.16;0.00
16607;111216;134101.45;512145.6972N;091142.6101E;439.229105;0.00;0.16;0.16;0.00
16657;111216;134102.24;512145.6972N;091142.6101E;439.229105;0.00;0.16;0.16;0.00
16707;111216;134103.24;512145.6972N;091142.6101E;439.229105;0.00;0.16;0.16;0.00
16757;111216;134104.45;512145.6972N;091142.6101E;439.229105;0.00;0.16;0.16;0.00
16809;111216;134105.34;512145.6972N;091142.6101E;439.229105;0.00;0.16;0.16;0.00
16859;111216;134106.34;512145.6972N;091142.6101E;439.229105;0.00;0.16;0.16;0.00
16909;111216;134107.34;512145.6972N;091142.6101E;439.229105;0.00;0.16;0.16;0.00
16960;111216;134108.34;512145.6972N;091142.6101E;439.229105;0.00;0.16;0.16;0.00
17010;111216;134109.34;512145.6972N;091142.6101E;439.229105;0.00;0.16;0.16;0.00
17060;111216;134110.34;512145.6972N;091142.6101E;439.229105;0.00;0.17;0.17;0.00
17110;111216;134111.50;512145.6972N;091142.6101E;439.229105;0.00;0.17;0.17;0.00
17160;111216;134112.50;512145.6972N;091142.6101E;439.229105;0.00;0.16;0.16;0.00
17210;111216;134113.51;512145.6972N;091142.6101E;439.229105;0.00;0.16;0.16;0.00
17260;111216;134114.49;512145.6972N;091142.6101E;439.229105;0.00;79.00;79.00;0.00
17310;111216;134115.50;512145.6972N;091142.6101E;439.229105;0.00;0.17;0.17;0.00
17360;111216;134116.49;512145.6972N;091142.6101E;439.229105;0.00;0.16;0.16;0.00
17410;111216;134117.34;512145.6972N;091142.6101E;439.229105;0.00;0.16;0.16;0.00
17460;111216;134118.50;512145.6972N;091142.6101E;439.229105;0.00;0.16;0.16;0.00
17510;111216;134119.49;512145.6972N;091142.6101E;439.229105;0.00;0.16;0.16;0.00
17560;111216;134120.49;512145.6972N;091142.6101E;439.229105;0.00;0.17;0.17;0.00
17610;111216;134121.50;512145.6972N;091142.6101E;439.229105;0.00;0.16;0.16;0.00
17660;111216;134122.49;512145.6972N;091142.6101E;439.229105;0.00;0.17;0.17;0.00
17710;111216;134123.50;512145.6972N;091142.6101E;439.229105;0.00;0.16;0.16;0.00
17760;111216;134124.49;512145.6972N;091142.6101E;439.229105;0.00;0.16;0.16;0.00
17810;111216;134125.49;512145.6972N;091142.6101E;439.229105;0.00;0.17;0.17;0.00
17860;111216;134126.34;512145.6972N;091142.6101E;439.229105;0.00;0.17;0.17;0.00
17910;111216;134127.50;512145.6972N;091142.6101E;439.229105;0.00;0.17;0.17;0.00
17960;111216;134128.34;512145.6972N;091142.6101E;439.229105;0.00;0.16;0.16;0.00
18010;111216;134129.49;512145.6972N;091142.6101E;439.229105;0.00;0.16;0.16;0.00
18060;111216;134130.50;512145.6972N;091142.6101E;439.229105;0.00;0.16;0.16;0.00
18111;111216;134131.52;512145.6972N;091142.6101E;439.229105;0.00;0.16;0.16;0.00
18161;111216;134132.49;512145.6972N;091142.6101E;439.229105;0.00;0.16;0.16;0.00
18211;111216;134133.34;512145.6972N;091142.6101E;439.229105;0.00;0.16;0.16;0.00
18254;111216;134134.34;512145.6972N;091142.6101E;439.229105;0.00;0.16;0.16;0.00
18304;111216;134135.34;512145.6972N;091142.6101E;439.229105;0.00;0.16;0.16;0.00
18354;111216;134136.34;512145.6972N;091142.6101E;439.229105;0.00;0.16;0.16;0.00
18404;111216;134137.34;512145.6972N;091142.6101E;439.229105;0.00;0.16;0.16;0.00
18454;111216;134138.34;512145.6972N;091142.6101E;439.229105;0.00;0.16;0.16;0.00
18505;111216;134139.34;512145.6972N;091142.6101E;439.229105;0.00;0.16;0.16;0.00
18546;111216;134140.34;512145.6972N;091142.6101E;439.229105;0.00;0.17;0.17;0.00
18596;111216;134141.34;512145.6972N;091142.6101E;439.229105;0.00;0.17;0.17;0.00
18642;111216;134142.53;512145.6972N;091142.6101E;439.229105;0.00;0.16;0.16;0.00
18692;111216;134143.34;512145.6972N;091142.6101E;439.229105;0.00;0.16;0.16;0.00
18741;111216;134144.34;512145.6972N;091142.6101E;439.229105;0.00;0.16;0.16;0.00
18791;111216;134145.34;512145.6972N;091142.6101E;439.229105;0.00;0.16;0.16;0.00
18841;111216;134146.34;512145.6972N;091142.6101E;439.229105;0.00;0.16;0.16;0.00
18891;111216;134147.34;512145.6972N;091142.6101E;439.229105;0.00;0.16;0.16;0.00
18941;111216;134148.34;512145.6972N;091142.6101E;439.229105;0.00;0.16;0.16;0.00
18991;111216;134149.34;512145.6972N;091142.6101E;439.229105;0.00;0.17;0.17;0.00
19041;111216;134150.34;512145.6972N;091142.6101E;439.229105;0.00;0.16;0.16;0.00
19091;111216;134151.34;512145.6972N;091142.6101E;439.229105;0.00;0.16;0.16;0.00
19141;111216;134152.34;512145.6972N;091142.6101E;439.229105;0.00;0.16;0.16;0.00
19191;111216;134153.34;512145.6972N;091142.6101E;439.229105;0.00;0.16;0.16;0.00
19241;111216;134154.34;512145.6972N;091142.6101E;439.229105;0.00;0.16;0.16;0.00
19291;111216;134155.34;512145.6972N;091142.6101E;439.229105;0.00;0.16;0.16;0.00
19341;111216;134156.34;512145.6972N;091142.6101E;439.229105;0.00;0.16;0.16;0.00
19391;111216;134157.34;512145.6972N;091142.6101E;439.229105;0.00;0.17;0.17;0.00
19441;111216;134158.34;512145.6972N;091142.6101E;439.229105;0.00;0.17;0.17;0.00
19491;111216;134159.34;512145.6972N;091142.6101E;439.229105;0.00;0.16;0.16;0.00
19541;111216;134200.34;512145.6972N;091142.6101E;439.229105;0.00;0.16;0.16;0.00
19592;111216;134201.44;512145.6972N;091142.6101E;439.229105;0.00;0.16;0.16;0.00
19642;111216;134202.60;512145.6972N;091142.6101E;439.229105;0.00;0.16;0.16;0.00
19693;111216;134203.44;512145.6972N;091142.6101E;439.229105;0.00;0.16;0.16;0.00
19743;111216;134204.44;512145.6972N;091142.6101E;439.229105;0.00;0.16;0.16;0.00
19792;111216;134205.44;512145.6972N;091142.6101E;439.229105;0.00;0.17;0.17;0.00
19841;111216;134206.44;512145.6972N;091142.6101E;439.229105;0.00;0.16;0.16;0.00
19891;111216;134207.44;512145.6972N;091142.6101E;439.229105;0.00;0.16;0.16;0.00
19941;111216;134208.44;512145.6972N;091142.6101E;439.229105;0.00;0.16;0.16;0.00
19991;111216;134209.44;512145.6972N;091142.6101E;439.229105;0.00;0.16;0.16;0.00
20040;111216;134210.44;512145.6972N;091142.6101E;439.229105;0.00;0.16;0.16;0.00
20090;111216;134211.44;512145.6972N;091142.6101E;439.229105;0.00;0.16;0.16;0.00
20140;111216;134212.61;512145.6972N;091142.6101E;439.229105;0.00;0.16;0.16;0.00
20188;111216;134213.44;512145.6972N;091142.6101E;439.229105;0.00;0.16;0.16;0.00
20237;111216;134214.44;512145.6972N;091142.6101E;439.229105;0.00;0.16;0.16;0.00
20286;111216;134215.44;512145.6972N;091142.6101E;439.229105;0.00;0.16;0.16;0.00
20336;111216;134216.44;512145.6972N;091142.6101E;439.229105;0.00;0.16;0.16;0.00
20386;111216;134217.44;512145.6972N;091142.6101E;439.229105;0.00;0.17;0.17;0.00
20436;111216;134218.44;512145.6972N;091142.6101E;439.229105;0.00;0.16;0.16;0.00
20481;111216;134219.60;512145.6972N;091142.6101E;439.229105;0.00;0.16;0.16;0.00
20531;111216;134220.61;512145.6972N;091142.6101E;439.229105;0.00;0.16;0.16;0.00
20581;111216;134221.60;512145.6972N;091142.6101E;439.229105;0.00;0.16;0.16;0.00
20631;111216;134222.61;512145.6972N;091142.6101E;439.229105;0.00;0.16;0.16;0.00
20681;111216;134223.44;512145.6972N;091142.6101E;439.229105;0.00;0.16;0.16;0.00
20731;111216;134224.61;512145.6972N;091142.6101E;439.229105;0.00;84.00;84.00;0.00
20781;111216;134225.44;512145.6972N;091142.6101E;439.229105;0.00;0.17;0.17;0.00
20831;111216;134226.44;512145.6972N;091142.6101E;439.229105;0.00;0.16;0.16;0.00
20881;111216;134227.61;512145.6972N;091142.6101E;439.229105;0.00;0.16;0.16;0.00
20931;111216;134228.44;512145.6972N;091142.6101E;439.229105;0.00;0.16;0.16;0.00
20977;111216;134229.44;512145.6972N;091142.6101E;439.229105;0.00;0.16;0.16;0.00
21027;111216;134230.63;512145.6972N;091142.6101E;439.229105;0.00;0.16;0.16;0.00
21074;111216;134231.63;512145.6972N;091142.6101E;439.229105;0.00;0.16;0.16;0.00
21124;111216;134232.63;512145.6972N;091142.6101E;439.229105;0.00;0.16;0.16;0.00
21174;111216;134233.64;512145.6972N;091142.6101E;439.229105;0.00;0.16;0.16;0.00
21223;111216;134234.63;512145.6972N;091142.6101E;439.229105;0.00;0.16;0.16;0.00
21269;111216;134235.63;512145.6972N;091142.6101E;439.229105;0.00;0.16;0.16;0.00
21317;111216;134236.65;512145.6972N;091142.6101E;439.229105;0.00;0.16;0.16;0.00
21366;111216;134237.63;512145.6972N;091142.6101E;439.229105;0.00;0.16;0.16;0.00
21412;111216;134238.44;512145.6972N;091142.6101E;439.229105;0.00;0.16;0.16;0.00
21460;111216;134239.62;512145.6972N;091142.6101E;439.229105;0.00;0.16;0.16;0.00
21508;111216;134240.63;512145.6972N;091142.6101E;439.229105;0.00;0.16;0.16;0.00
21555;111216;134241.63;512145.6972N;091142.6101E;439.229105;0.00;0.16;0.16;0.00
21602;111216;134242.63;512145.6972N;091142.6101E;439.229105;0.00;0.16;0.16;0.00
21650;111216;134243.44;512145.6972N;091142.6101E;439.229105;0.00;0.16;0.16;0.00
21695;111216;134244.63;512145.6972N;091142.6101E;439.229105;0.00;0.16;0.16;0.00
21745;111216;134245.62;512145.6972N;091142.6101E;439.229105;0.00;0.16;0.16;0.00
21782;111216;134246.64;512145.6972N;091142.6101E;439.229105;0.00;0.16;0.16;0.00
21830;111216;134247.63;512145.6972N;091142.6101E;439.229105;0.00;0.16;0.16;0.00
21880;111216;134248.62;512145.6972N;091142.6101E;439.229105;0.00;0.16;0.16;0.00
21930;111216;134249.63;512145.6972N;091142.6101E;439.229105;0.00;0.16;0.16;0.00
21980;111216;134250.44;512145.6972N;091142.6101E;439.229105;0.00;0.16;0.16;0.00
22030;111216;134251.62;512145.6972N;091142.6101E;439.229105;0.00;0.16;0.16;0.00
22080;111216;134252.64;512145.6972N;091142.6101E;439.229105;0.00;0.16;0.16;0.00
22130;111216;134253.63;512145.6972N;091142.6101E;439.229105;0.00;0.16;0.16;0.00
22177;111216;134254.63;512145.6972N;091142.6101E;439.229105;0.00;0.16;0.16;0.00
22226;111216;134255.64;512145.6972N;091142.6101E;439.229105;0.00;0.16;0.16;0.00
22276;111216;134256.63;512145.6972N;091142.6101E;439.229105;0.00;0.16;0.16;0.00
22327;111216;134257.54;512145.6972N;091142.6101E;439.229105;0.00;0.16;0.16;0.00
22378;111216;134258.54;512145.6972N;091142.6101E;439.229105;0.00;0.16;0.16;0.00
22429;111216;134259.54;512145.6972N;091142.6101E;439.229105;0.00;0.16;0.16;0.00
22479;111216;134300.54;512145.6972N;091142.6101E;439.229105;0.00;0.16;0.16;0.00
22529;111216;134301.71;512145.6972N;091142.6101E;439.229105;0.00;0.16;0.16;0.00
22580;111216;134302.71;512145.6972N;091142.6101E;439.229105;0.00;0.16;0.16;0.00
22630;111216;134303.71;512145.6972N;091142.6101E;439.229105;0.00;0.16;0.16;0.00
22680;111216;134304.68;512145.6972N;091142.6101E;439.229105;0.00;0.16;0.16;0.00
22730;111216;134305.71;512145.6972N;091142.6101E;439.229105;0.00;0.16;0.16;0.00
22780;111216;134306.71;512145.6972N;091142.6101E;439.229105;0.00;0.17;0.17;0.00
22830;111216;134307.71;512145.6972N;091142.6101E;439.229105;0.00;0.16;0.16;0.00
22880;111216;134308.54;512145.6972N;091142.6101E;439.229105;0.00;0.17;0.17;0.00
22930;111216;134309.71;512145.6972N;091142.6101E;439.229105;0.00;0.16;0.16;0.00
22980;111216;134310.71;512145.6972N;091142.6101E;439.229105;0.00;0.16;0.16;0.00
23019;111216;134311.70;512145.6972N;091142.6101E;439.229105;0.00;0.16;0.16;0.00
23069;111216;134312.71;512145.6972N;091142.6101E;439.229105;0.00;0.16;0.16;0.00
23119;111216;134313.71;512145.6972N;091142.6101E;439.229105;0.00;0.16;0.16;0.00
23158;111216;134314.71;512145.6972N;091142.6101E;439.229105;0.00;0.16;0.16;0.00
23208;111216;134315.71;512145.6972N;091142.6101E;439.229105;0.00;0.16;0.16;0.00
23258;111216;134316.70;512145.6972N;091142.6101E;439.229105;0.00;0.16;0.16;0.00
23308;111216;134317.71;512145.6972N;091142.6101E;439.229105;0.00;0.16;0.16;0.00
23358;111216;134318.71;512145.6972N;091142.6101E;439.229105;0.00;0.16;0.16;0.00
23400;111216;134319.71;512145.6972N;091142.6101E;439.229105;0.00;0.16;0.16;0.00
23450;111216;134320.71;512145.6972N;091142.6101E;439.229105;0.00;0.16;0.16;0.00
23496;111216;134321.70;512145.6972N;091142.6101E;439.229105;0.00;0.16;0.16;0.00
23546;111216;134322.54;512145.6972N;091142.6101E;439.229105;0.00;0.16;0.16;0.00
23596;111216;134323.71;512145.6972N;091142.6101E;439.229105;0.00;0.17;0.17;0.00
23646;111216;134324.54;512145.6972N;091142.6101E;439.229105;0.00;0.17;0.17;0.00
23696;111216;134325.71;512145.6972N;091142.6101E;439.229105;0.00;0.16;0.16;0.00
23746;111216;134326.54;512145.6972N;091142.6101E;439.229105;0.00;0.16;0.16;0.00
23796;111216;134327.71;512145.6972N;091142.6101E;439.229105;0.00;0.16;0.16;0.00
23846;111216;134328.54;512145.6972N;091142.6101E;439.229105;0.00;0.16;0.16;0.00
23896;111216;134329.54;512145.6972N;091142.6101E;439.229105;0.00;0.16;0.16;0.00
23946;111216;134330.72;512145.6972N;091142.6101E;439.229105;0.00;0.16;0.16;0.00
23996;111216;134331.72;512145.6972N;091142.6101E;439.229105;0.00;0.16;0.16;0.00
24046;111216;134332.54;512145.6972N;091142.6101E;439.229105;0.00;0.16;0.16;0.00
24096;111216;134333.72;512145.6972N;091142.6101E;439.229105;0.00;0.17;0.17;0.00
24146;111216;134334.54;512145.6972N;091142.6101E;439.229105;0.00;0.16;0.16;0.00
24196;111216;134335.54;512145.6972N;091142.6101E;439.229105;0.00;0.16;0.16;0.00
24246;111216;134336.54;512145.6972N;091142.6101E;439.229105;0.00;0.16;0.16;0.00
24296;111216;134337.73;512145.6972N;091142.6101E;439.229105;0.00;0.16;0.16;0.00
24346;111216;134338.72;512145.6972N;091142.6101E;439.229105;0.00;0.16;0.16;0.00
24396;111216;134339.71;512145.6972N;091142.6101E;439.229105;0.00;0.16;0.16;0.00
24446;111216;134340.54;512145.6972N;091142.6101E;439.229105;0.00;0.16;0.16;0.00
24496;111216;134341.72;512145.6972N;091142.6101E;439.229105;0.00;0.16;0.16;0.00
24546;111216;134342.72;512145.6972N;091142.6101E;439.229105;0.00;0.16;0.16;0.00
24596;111216;134343.72;512145.6972N;091142.6101E;439.229105;0.00;0.16;0.16;0.00
24646;111216;134344.72;512145.6972N;091142.6101E;439.229105;0.00;0.16;0.16;0.00
24696;111216;134345.72;512145.6972N;091142.6101E;439.229105;0.00;0.16;0.16;0.00
24746;111216;134346.72;512145.6972N;091142.6101E;439.229105;0.00;0.16;0.16;0.00
24796;111216;134347.72;512145.6972N;091142.6101E;439.229105;0.00;0.16;0.16;0.00
24846;111216;134348.54;512145.6972N;091142.6101E;439.229105;0.00;0.16;0.16;0.00
24882;111216;134349.54;512145.6972N;091142.6101E;439.229105;0.00;0.16;0.16;0.00
24932;111216;134350.54;512145.6972N;091142.6101E;439.229105;0.00;0.16;0.16;0.00
24982;111216;134351.54;512145.6972N;091142.6101E;439.229105;0.00;0.16;0.16;0.00
25032;111216;134352.72;512145.6972N;091142.6101E;439.229105;0.00;0.16;0.16;0.00
25083;111216;134353.54;512145.6972N;091142.6101E;439.229105;0.00;0.16;0.16;0.00
25134;111216;134354.54;512145.6972N;091142.6101E;439.229105;0.00;0.17;0.17;0.00
25184;111216;134355.54;512145.6972N;091142.6101E;439.229105;0.00;0.16;0.16;0.00
25231;111216;134356.54;512145.6972N;091142.6101E;439.229105;0.00;0.16;0.16;0.00
25281;111216;134357.54;512145.6972N;091142.6101E;439.229105;0.00;0.16;0.16;0.00
25331;111216;134358.54;512145.6972N;091142.6101E;439.229105;0.00;0.16;0.16;0.00
25381;111216;134359.54;512145.6972N;091142.6101E;439.229105;0.00;0.16;0.16;0.00
25431;111216;134400.54;512145.6972N;091142.6101E;439.229105;0.00;78.00;78.00;0.00
25481;111216;134401.54;512145.6972N;091142.6101E;439.229105;0.00;0.16;0.16;0.00
25531;111216;134402.54;512145.6972N;091142.6101E;439.229105;0.00;0.16;0.16;0.00
25581;111216;134403.54;512145.6972N;091142.6101E;439.229105;0.00;0.17;0.17;0.00
25631;111216;134404.54;512145.6972N;091142.6101E;439.229105;0.00;0.17;0.17;0.00
25681;111216;134405.54;512145.6972N;091142.6101E;439.229105;0.00;0.16;0.16;0.00
25731;111216;134406.54;512145.6972N;091142.6101E;439.229105;0.00;0.16;0.16;0.00
25765;111216;134407.54;512145.6972N;091142.6101E;439.229105;0.00;0.16;0.16;0.00
25815;111216;134408.54;512145.6972N;091142.6101E;439.229105;0.00;0.16;0.16;0.00
25865;111216;134409.54;512145.6972N;091142.6101E;439.229105;0.00;0.17;0.17;0.00
25915;111216;134410.54;512145.6972N;091142.6101E;439.229105;0.00;0.16;0.16;0.00
25964;111216;134411.54;512145.6972N;091142.6101E;439.229105;0.00;0.16;0.16;0.00
26014;111216;134412.54;512145.6972N;091142.6101E;439.229105;0.00;0.16;0.16;0.00
26064;111216;134413.54;512145.6972N;091142.6101E;439.229105;0.00;0.16;0.16;0.00
26114;111216;134414.54;512145.6972N;091142.6101E;439.229105;0.00;0.17;0.17;0.00
26164;111216;134415.54;512145.6972N;091142.6101E;439.229105;0.00;0.16;0.16;0.00
26214;111216;134416.54;512145.6972N;091142.6101E;439.229105;0.00;0.16;0.16;0.00
26264;111216;134417.54;512145.6972N;091142.6101E;439.229105;0.00;0.16;0.16;0.00
26314;111216;134418.76;512145.6972N;091142.6101E;439.229105;0.00;85.00;85.00;0.00
26364;111216;134419.77;512145.6972N;091142.6101E;439.229105;0.00;0.16;0.16;0.00
26414;111216;134420.76;512145.6972N;091142.6101E;439.229105;0.00;0.16;0.16;0.00
26464;111216;134421.64;512145.6972N;091142.6101E;439.229105;0.00;0.16;0.16;0.00
26514;111216;134422.64;512145.6972N;091142.6101E;439.229105;0.00;0.16;0.16;0.00
26564;111216;134423.64;512145.6972N;091142.6101E;439.229105;0.00;0.16;0.16;0.00
26615;111216;134424.64;512145.6972N;091142.6101E;439.229105;0.00;0.16;0.16;0.00
26665;111216;134425.64;512145.6972N;091142.6101E;439.229105;0.00;0.16;0.16;0.00
26715;111216;134426.64;512145.6972N;091142.6101E;439.229105;0.00;0.16;0.16;0.00
26765;111216;134427.64;512145.6972N;091142.6101E;439.229105;0.00;0.16;0.16;0.00
26815;111216;134428.64;512145.6972N;091142.6101E;439.229105;0.00;0.16;0.16;0.00
26865;111216;134429.80;512145.6972N;091142.6101E;439.229105;0.00;0.16;0.16;0.00
26912;111216;134430.80;512145.6972N;091142.6101E;439.229105;0.00;0.16;0.16;0.00
26953;111216;134431.64;512145.6972N;091142.6101E;439.229105;0.00;0.16;0.16;0.00
27003;111216;134432.80;512145.6972N;091142.6101E;439.229105;0.00;0.16;0.16;0.00
27053;111216;134433.80;512145.6972N;091142.6101E;439.229105;0.00;0.16;0.16;0.00
27103;111216;134434.79;512145.6972N;091142.6101E;439.229105;0.00;0.17;0.17;0.00
27153;111216;134435.64;512145.6972N;091142.6101E;439.229105;0.00;0.16;0.16;0.00
27203;111216;134436.80;512145.6972N;091142.6101E;439.229105;0.00;0.16;0.16;0.00
27254;111216;134437.80;512145.6972N;091142.6101E;439.229105;0.00;0.16;0.16;0.00
27304;111216;134438.80;512145.6972N;091142.6101E;439.229105;0.00;0.16;0.16;0.00
27354;111216;134439.64;512145.6972N;091142.6101E;439.229105;0.00;0.16;0.16;0.00
27404;111216;134440.79;512145.6972N;091142.6101E;439.229105;0.00;0.17;0.17;0.00
27454;111216;134441.80;512145.6972N;091142.6101E;439.229105;0.00;0.16;0.16;0.00
27504;111216;134442.64;512145.6972N;091142.6101E;439.229105;0.00;0.16;0.16;0.00
27554;111216;134443.79;512145.6972N;091142.6101E;439.229105;0.00;0.16;0.16;0.00
27593;111216;134444.80;512145.6972N;091142.6101E;439.229105;0.00;0.16;0.16;0.00
27643;111216;134445.80;512145.6972N;091142.6101E;439.229105;0.00;85.00;85.00;0.00
27693;111216;134446.80;512145.6972N;091142.6101E;439.229105;0.00;0.16;0.16;0.00
27743;111216;134447.64;512145.6972N;091142.6101E;439.229105;0.00;0.17;0.17;0.00
27793;111216;134448.80;512145.6972N;091142.6101E;439.229105;0.00;0.16;0.16;0.00
27843;111216;134449.64;512145.6972N;091142.6101E;439.229105;0.00;0.17;0.17;0.00
27893;111216;134450.64;512145.6972N;091142.6101E;439.229105;0.00;0.17;0.17;0.00
27944;111216;134451.64;512145.6972N;091142.6101E;439.229105;0.00;0.16;0.16;0.00
27994;111216;134452.64;512145.6972N;091142.6101E;439.229105;0.00;0.16;0.16;0.00
28044;111216;134453.64;512145.6972N;091142.6101E;439.229105;0.00;0.15;0.15;0.00
28094;111216;134454.84;512145.6972N;091142.6101E;439.229105;0.00;0.16;0.16;0.00
28144;111216;134455.84;512145.6972N;091142.6101E;439.229105;0.00;0.16;0.16;0.00
28194;111216;134456.85;512145.6972N;091142.6101E;439.229105;0.00;0.16;0.16;0.00
28245;111216;134457.84;512145.6972N;091142.6101E;439.229105;0.00;0.17;0.17;0.00
28295;111216;134458.64;512145.6972N;091142.6101E;439.229105;0.00;0.16;0.16;0.00
28345;111216;134459.85;512145.6972N;091142.6101E;439.229105;0.00;0.16;0.16;0.00
28395;111216;134500.85;512145.6972N;091142.6101E;439.229105;0.00;0.16;0.16;0.00
28440;111216;134501.86;512145.6972N;091142.6101E;439.229105;0.00;0.17;0.17;0.00
28490;111216;134502.86;512145.6972N;091142.6101E;439.229105;0.00;0.16;0.16;0.00
28540;111216;134503.85;512145.6972N;091142.6101E;439.229105;0.00;0.16;0.16;0.00
28590;111216;134504.86;512145.6972N;091142.6101E;439.229105;0.00;0.16;0.16;0.00
28640;111216;134505.86;512145.6972N;091142.6101E;439.229105;0.00;0.16;0.16;0.00
28690;111216;134506.85;512145.6972N;091142.6101E;439.229105;0.00;0.16;0.16;0.00
28740;111216;134507.86;512145.6972N;091142.6101E;439.229105;0.00;0.16;0.16;0.00
28780;111216;134508.85;512145.6972N;091142.6101E;439.229105;0.00;0.16;0.16;0.00
28830;111216;134509.84;512145.6972N;091142.6101E;439.229105;0.00;0.16;0.16;0.00
28880;111216;134510.84;512145.6972N;091142.6101E;439.229105;0.00;0.16;0.16;0.00
28930;111216;134511.84;512145.6972N;091142.6101E;439.229105;0.00;0.16;0.16;0.00
28980;111216;134512.85;512145.6972N;091142.6101E;439.229105;0.00;0.16;0.16;0.00
29030;111216;134513.85;512145.6972N;091142.6101E;439.229105;0.00;0.16;0.16;0.00
29079;111216;134514.85;512145.6972N;091142.6101E;439.229105;0.00;0.17;0.17;0.00
29129;111216;134515.64;512145.6972N;091142.6101E;439.229105;0.00;86.00;86.00;0.00
29178;111216;134516.64;512145.6972N;091142.6101E;439.229105;0.00;0.16;0.16;0.00
29228;111216;134517.74;512145.6972N;091142.6101E;439.229105;0.00;0.16;0.16;0.00
29277;111216;134518.74;512145.6972N;091142.6101E;439.229105;0.00;0.16;0.16;0.00
29325;111216;134519.89;512145.6972N;091142.6101E;439.229105;0.00;0.17;0.17;0.00
29374;111216;134520.74;512145.6972N;091142.6101E;439.229105;0.00;0.16;0.16;0.00
29424;111216;134521.89;512145.6972N;091142.6101E;439.229105;0.00;0.16;0.16;0.00
29473;111216;134522.91;512145.6972N;091142.6101E;439.229105;0.00;0.16;0.16;0.00
29523;111216;134523.90;512145.6972N;091142.6101E;439.229105;0.00;0.17;0.17;0.00
29572;111216;134524.90;512145.6972N;091142.6101E;439.229105;0.00;0.17;0.17;0.00
29621;111216;134525.90;512145.6972N;091142.6101E;439.229105;0.00;0.17;0.17;0.00
29670;111216;134526.90;512145.6972N;091142.6101E;439.229105;0.00;0.16;0.16;0.00
29719;111216;134527.91;512145.6972N;091142.6101E;439.229105;0.00;0.17;0.17;0.00
29768;111216;134528.92;512145.6972N;091142.6101E;439.229105;0.00;0.17;0.17;0.00
29817;111216;134529.91;512145.6972N;091142.6101E;439.229105;0.00;0.16;0.16;0.00
29866;111216;134530.74;512145.6972N;091142.6101E;439.229105;0.00;0.16;0.16;0.00
29915;111216;134531.90;512145.6972N;091142.6101E;439.229105;0.00;0.16;0.16;0.00
29964;111216;134532.74;512145.6972N;091142.6101E;439.229105;0.00;0.17;0.17;0.00
30013;111216;134533.90;512145.6972N;091142.6101E;439.229105;0.00;0.16;0.16;0.00
30062;111216;134534.92;512145.6972N;091142.6101E;439.229105;0.00;0.16;0.16;0.00
30111;111216;134535.90;512145.6972N;091142.6101E;439.229105;0.00;0.16;0.16;0.00
30160;111216;134536.92;512145.6972N;091142.6101E;439.229105;0.00;0.16;0.16;0.00
30209;111216;134537.92;512145.6972N;091142.6101E;439.229105;0.00;0.16;0.16;0.00
30254;111216;134538.90;512145.6972N;091142.6101E;439.229105;0.00;0.16;0.16;0.00
30303;111216;134539.91;512145.6972N;091142.6101E;439.229105;0.00;0.16;0.16;0.00
30352;111216;134540.74;512145.6972N;091142.6101E;439.229105;0.00;0.16;0.16;0.00
30401;111216;134541.90;512145.6972N;091142.6101E;439.229105;0.00;0.16;0.16;0.00
30449;111216;134542.74;512145.6972N;091142.6101E;439.229105;0.00;0.16;0.16;0.00
30498;111216;134543.90;512145.6972N;091142.6101E;439.229105;0.00;0.17;0.17;0.00
30547;111216;134544.92;512145.6972N;091142.6101E;439.229105;0.00;0.16;0.16;0.00
30596;111216;134545.92;512145.6972N;091142.6101E;439.229105;0.00;0.16;0.16;0.00
30646;111216;134546.93;512145.6972N;091142.6101E;439.229105;0.00;0.16;0.16;0.00
30693;111216;134547.93;512145.6972N;091142.6101E;439.229105;0.00;0.16;0.16;0.00
30742;111216;134548.95;512145.6972N;091142.6101E;439.229105;0.00;0.16;0.16;0.00
30791;111216;134549.95;512145.6972N;091142.6101E;439.229105;0.00;0.16;0.16;0.00
30839;111216;134550.96;512145.6972N;091142.6101E;439.229105;0.00;0.16;0.16;0.00
30889;111216;134551.94;512145.6972N;091142.6101E;439.229105;0.00;0.16;0.16;0.00
30938;111216;134552.93;512145.6972N;091142.6101E;439.229105;0.00;0.17;0.17;0.00
30988;111216;134553.94;512145.6972N;091142.6101E;439.229105;0.00;0.16;0.16;0.00
31038;111216;134554.94;512145.6972N;091142.6101E;439.229105;0.00;0.16;0.16;0.00
31087;111216;134555.95;512145.6972N;091142.6101E;439.229105;0.00;0.17;0.17;0.00
31137;111216;134556.74;512145.6972N;091142.6101E;439.229105;0.00;0.15;0.15;0.00
31187;111216;134557.95;512145.6972N;091142.6101E;439.229105;0.00;0.16;0.16;0.00
31237;111216;134558.93;512145.6972N;091142.6101E;439.229105;0.00;0.16;0.16;0.00
31287;111216;134559.74;512145.6972N;091142.6101E;439.229105;0.00;0.16;0.16;0.00
31337;111216;134600.95;512145.6972N;091142.6101E;439.229105;0.00;0.16;0.16;0.00
31387;111216;134601.94;512145.6972N;091142.6101E;439.229105;0.00;0.16;0.16;0.00
31437;111216;134602.93;512145.6972N;091142.6101E;439.229105;0.00;0.17;0.17;0.00
31487;111216;134603.93;512145.6972N;091142.6101E;439.229105;0.00;0.16;0.16;0.00
31536;111216;134604.74;512145.6972N;091142.6101E;439.229105;0.00;0.16;0.16;0.00
31585;111216;134605.92;512145.6972N;091142.6101E;439.229105;0.00;0.17;0.17;0.00
31634;111216;134606.93;512145.6972N;091142.6101E;439.229105;0.00;0.16;0.16;0.00
31684;111216;134607.93;512145.6972N;091142.6101E;439.229105;0.00;0.17;0.17;0.00
31734;111216;134608.96;512145.6972N;091142.6101E;439.229105;0.00;0.16;0.16;0.00
31784;111216;134609.95;512145.6972N;091142.6101E;439.229105;0.00;0.16;0.16;0.00
31833;111216;134610.96;512145.6972N;091142.6101E;439.229105;0.00;0.16;0.16;0.00
31883;111216;134611.95;512145.6972N;091142.6101E;439.229105;0.00;0.17;0.17;0.00
31932;111216;134612.95;512145.6972N;091142.6101E;439.229105;0.00;0.16;0.16;0.00
31980;111216;134613.84;512145.6972N;091142.6101E;439.229105;0.00;0.16;0.16;0.00
32026;111216;134614.84;512145.6972N;091142.6101E;439.229105;0.00;0.17;0.17;0.00
32077;111216;134616.00;512145.6972N;091142.6101E;439.229105;0.00;0.16;0.16;0.00
32124;111216;134616.84;512145.6972N;091142.6101E;439.229105;0.00;0.17;0.17;0.00
32174;111216;134617.84;512145.6972N;091142.6101E;439.229105;0.00;0.16;0.16;0.00
32224;111216;134618.84;512145.6972N;091142.6101E;439.229105;0.00;0.16;0.16;0.00
32268;111216;134619.84;512145.6972N;091142.6101E;439.229105;0.00;84.00;84.00;0.00
32315;111216;134621.00;512145.6972N;091142.6101E;439.229105;0.00;0.16;0.16;0.00
32364;111216;134621.84;512145.6972N;091142.6101E;439.229105;0.00;0.16;0.16;0.00
32413;111216;134622.84;512145.6972N;091142.6101E;439.229105;0.00;0.16;0.16;0.00
32463;111216;134623.84;512145.6972N;091142.6101E;439.229105;0.00;0.16;0.16;0.00
32511;111216;134624.99;512145.6972N;091142.6101E;439.229105;0.00;0.16;0.16;0.00
32561;111216;134625.84;512145.6972N;091142.6101E;439.229105;0.00;0.16;0.16;0.00
32611;111216;134627.00;512145.6972N;091142.6101E;439.229105;0.00;0.17;0.17;0.00
32661;111216;134627.84;512145.6972N;091142.6101E;439.229105;0.00;0.16;0.16;0.00
32711;111216;134628.84;512145.6972N;091142.6101E;439.229105;0.00;0.16;0.16;0.00
32761;111216;134630.00;512145.6972N;091142.6101E;439.229105;0.00;0.16;0.16;0.00
32811;111216;134631.00;512145.6972N;091142.6101E;439.229105;0.00;0.17;0.17;0.00
32860;111216;134632.00;512145.6972N;091142.6101E;439.229105;0.00;0.16;0.16;0.00
32910;111216;134632.84;512145.6972N;091142.6101E;439.229105;0.00;0.16;0.16;0.00
32960;111216;134633.84;512145.6972N;091142.6101E;439.229105;0.00;0.16;0.16;0.00
33010;111216;134635.00;512145.6972N;091142.6101E;439.229105;0.00;0.16;0.16;0.00
33060;111216;134636.00;512145.6972N;091142.6101E;439.229105;0.00;0.16;0.16;0.00
33110;111216;134636.84;512145.6972N;091142.6101E;439.229105;0.00;0.17;0.17;0.00
33160;111216;134637.84;512145.6972N;091142.6101E;439.229105;0.00;0.16;0.16;0.00
33210;111216;134638.99;512145.6972N;091142.6101E;439.229105;0.00;0.16;0.16;0.00
33260;111216;134640.00;512145.6972N;091142.6101E;439.229105;0.00;0.16;0.16;0.00
33310;111216;134640.84;512145.6972N;091142.6101E;439.229105;0.00;0.16;0.16;0.00
33361;111216;134641.84;512145.6972N;091142.6101E;439.229105;0.00;0.16;0.16;0.00
33411;111216;134642.84;512145.6972N;091142.6101E;439.229105;0.00;84.00;84.00;0.00
33461;111216;134644.02;512145.6972N;091142.6101E;439.229105;0.00;0.16;0.16;0.00
33511;111216;134644.84;512145.6972N;091142.6101E;439.229105;0.00;0.16;0.16;0.00
33561;111216;134645.84;512145.6972N;091142.6101E;439.229105;0.00;0.16;0.16;0.00
33611;111216;134646.84;512145.6972N;091142.6101E;439.229105;0.00;0.16;0.16;0.00
33661;111216;134647.84;512145.6972N;091142.6101E;439.229105;0.00;0.16;0.16;0.00
33711;111216;134648.84;512145.6972N;091142.6101E;439.229105;0.00;0.16;0.16;0.00
33761;111216;134650.02;512145.6972N;091142.6101E;439.229105;0.00;0.16;0.16;0.00
33811;111216;134650.84;512145.6972N;091142.6101E;439.229105;0.00;0.16;0.16;0.00
33861;111216;134652.02;512145.6972N;091142.6101E;439.229105;0.00;0.16;0.16;0.00
33911;111216;134652.84;512145.6972N;091142.6101E;439.229105;0.00;0.16;0.16;0.00
33961;111216;134654.02;512145.6972N;091142.6101E;439.229105;0.00;0.16;0.16;0.00
34011;111216;134655.02;512145.6972N;091142.6101E;439.229105;0.00;0.17;0.17;0.00
34061;111216;134655.84;512145.6972N;091142.6101E;439.229105;0.00;0.16;0.16;0.00
34104;111216;134656.84;512145.6972N;091142.6101E;439.229105;0.00;0.16;0.16;0.00
34154;111216;134657.84;512145.6972N;091142.6101E;439.229105;0.00;0.16;0.16;0.00
34204;111216;134658.84;512145.6972N;091142.6101E;439.229105;0.00;0.16;0.16;0.00
34245;111216;134659.84;512145.6972N;091142.6101E;439.229105;0.00;0.16;0.16;0.00
34295;111216;134701.02;512145.6972N;091142.6101E;439.229105;0.00;0.17;0.17;0.00
34345;111216;134701.84;512145.6972N;091142.6101E;439.229105;0.00;0.16;0.16;0.00
34395;111216;134703.01;512145.6972N;091142.6101E;439.229105;0.00;0.16;0.16;0.00
34445;111216;134704.02;512145.6972N;091142.6101E;439.229105;0.00;85.00;85.00;0.00
34495;111216;134704.84;512145.6972N;091142.6101E;439.229105;0.00;0.16;0.16;0.00
34545;111216;134706.02;512145.6972N;091142.6101E;439.229105;0.00;0.16;0.16;0.00
34595;111216;134707.02;512145.6972N;091142.6101E;439.229105;0.00;0.15;0.15;0.00
34645;111216;134707.84;512145.6972N;091142.6101E;439.229105;0.00;0.16;0.16;0.00
34695;111216;134709.02;512145.6972N;091142.6101E;439.229105;0.00;0.16;0.16;0.00
34746;111216;134709.84;512145.6972N;091142.6101E;439.229105;0.00;0.16;0.16;0.00
34796;111216;134710.84;512145.6972N;091142.6101E;439.229105;0.00;0.16;0.16;0.00
34846;111216;134711.84;512145.6972N;091142.6101E;439.229105;0.00;0.16;0.16;0.00
34897;111216;134712.84;512145.6972N;091142.6101E;439.229105;0.00;0.16;0.16;0.00
34947;111216;134713.84;512145.6972N;091142.6101E;439.229105;0.00;0.16;0.16;0.00
34997;111216;134715.06;512145.6972N;091142.6101E;439.229105;0.00;0.16;0.16;0.00
35047;111216;134715.84;512145.6972N;091142.6101E;439.229105;0.00;0.16;0.16;0.00
35097;111216;134717.06;512145.6972N;091142.6101E;439.229105;0.00;0.16;0.16;0.00
35136;111216;134717.84;512145.6972N;091142.6101E;439.229105;0.00;0.16;0.16;0.00
35186;111216;134718.84;512145.6972N;091142.6101E;439.229105;0.00;0.16;0.16;0.00
35236;111216;134720.06;512145.6972N;091142.6101E;439.229105;0.00;0.16;0.16;0.00
35281;111216;134721.06;512145.6972N;091142.6101E;439.229105;0.00;0.16;0.16;0.00
35331;111216;134722.06;512145.6972N;091142.6101E;439.229105;0.00;0.16;0.16;0.00
35381;111216;134722.84;512145.6972N;091142.6101E;439.229105;0.00;0.17;0.17;0.00
35431;111216;134723.84;512145.6972N;091142.6101E;439.229105;0.00;0.16;0.16;0.00
35481;111216;134724.84;512145.6972N;091142.6101E;439.229105;0.00;0.17;0.17;0.00
35531;111216;134725.84;512145.6972N;091142.6101E;439.229105;0.00;0.16;0.16;0.00
35581;111216;134726.84;512145.6972N;091142.6101E;439.229105;0.00;0.16;0.16;0.00
35631;111216;134727.84;512145.6972N;091142.6101E;439.229105;0.00;0.16;0.16;0.00
35681;111216;134729.06;512145.6972N;091142.6101E;439.229105;0.00;0.16;0.16;0.00
35731;111216;134730.06;512145.6972N;091142.6101E;439.229105;0.00;0.16;0.16;0.00
35781;111216;134730.84;512145.6972N;091142.6101E;439.229105;0.00;0.16;0.16;0.00
35831;111216;134731.84;512145.6972N;091142.6101E;439.229105;0.00;0.17;0.17;0.00
35881;111216;134733.06;512145.6972N;091142.6101E;439.229105;0.00;0.16;0.16;0.00
35931;111216;134734.06;512145.6972N;091142.6101E;439.229105;0.00;0.16;0.16;0.00
35975;111216;134735.06;512145.6972N;091142.6101E;439.229105;0.00;0.16;0.16;0.00
36025;111216;134736.06;512145.6972N;091142.6101E;439.229105;0.00;0.17;0.17;0.00
36075;111216;134737.07;512145.6972N;091142.6101E;439.229105;0.00;0.17;0.17;0.00
36126;111216;134737.94;512145.6972N;091142.6101E;439.229105;0.00;0.16;0.16;0.00
36177;111216;134738.94;512145.6972N;091142.6101E;439.229105;0.00;0.16;0.16;0.00
36227;111216;134740.10;512145.6972N;091142.6101E;439.229105;0.00;0.16;0.16;0.00
36277;111216;134740.94;512145.6972N;091142.6101E;439.229105;0.00;0.16;0.16;0.00
36327;111216;134741.94;512145.6972N;091142.6101E;439.229105;0.00;0.16;0.16;0.00
36378;111216;134743.10;512145.6972N;091142.6101E;439.229105;0.00;0.17;0.17;0.00
36428;111216;134744.12;512145.6972N;091142.6101E;439.229105;0.00;0.17;0.17;0.00
36478;111216;134745.11;512145.6972N;091142.6101E;439.229105;0.00;0.16;0.16;0.00
36528;111216;134746.10;512145.6972N;091142.6101E;439.229105;0.00;0.17;0.17;0.00
36578;111216;134747.12;512145.6972N;091142.6101E;439.229105;0.00;0.16;0.16;0.00
36628;111216;134748.12;512145.6972N;091142.6101E;439.229105;0.00;0.16;0.16;0.00
36678;111216;134749.10;512145.6972N;091142.6101E;439.229105;0.00;0.17;0.17;0.00
36728;111216;134750.12;512145.6972N;091142.6101E;439.229105;0.00;0.16;0.16;0.00
36778;111216;134751.10;512145.6972N;091142.6101E;439.229105;0.00;0.16;0.16;0.00
36828;111216;134752.12;512145.6972N;091142.6101E;439.229105;0.00;0.16;0.16;0.00
36878;111216;134753.10;512145.6972N;091142.6101E;439.229105;0.00;0.16;0.16;0.00
36928;111216;134754.12;512145.6972N;091142.6101E;439.229105;0.00;0.16;0.16;0.00
36978;111216;134755.10;512145.6972N;091142.6101E;439.229105;0.00;0.16;0.16;0.00
37028;111216;134756.10;512145.6972N;091142.6101E;439.229105;0.00;0.16;0.16;0.00
37078;111216;134757.12;512145.6972N;091142.6101E;439.229105;0.00;0.16;0.16;0.00
37128;111216;134758.11;512145.6972N;091142.6101E;439.229105;0.00;0.17;0.17;0.00
37172;111216;134759.11;512145.6972N;091142.6101E;439.229105;0.00;0.16;0.16;0.00
37222;111216;134800.12;512145.6972N;091142.6101E;439.229105;0.00;0.17;0.17;0.00
37272;111216;134801.10;512145.6972N;091142.6101E;439.229105;0.00;0.17;0.17;0.00
37322;111216;134802.12;512145.6972N;091142.6101E;439.229105;0.00;0.17;0.17;0.00
37372;111216;134803.12;512145.6972N;091142.6101E;439.229105;0.00;0.16;0.16;0.00
37422;111216;134804.11;512145.6972N;091142.6101E;439.229105;0.00;0.16;0.16;0.00
37472;111216;134805.11;512145.6972N;091142.6101E;439.229105;0.00;0.17;0.17;0.00
37522;111216;134806.13;512145.6972N;091142.6101E;439.229105;0.00;0.17;0.17;0.00
37573;111216;134806.94;512145.6972N;091142.6101E;439.229105;0.00;0.16;0.16;0.00
37623;111216;134807.94;512145.6972N;091142.6101E;439.229105;0.00;0.16;0.16;0.00
37674;111216;134808.94;512145.6972N;091142.6101E;439.229105;0.00;0.17;0.17;0.00
37724;111216;134809.94;512145.6972N;091142.6101E;439.229105;0.00;0.16;0.16;0.00
37774;111216;134810.94;512145.6972N;091142.6101E;439.229105;0.00;0.16;0.16;0.00
37824;111216;134812.14;512145.6972N;091142.6101E;439.229105;0.00;0.16;0.16;0.00
37874;111216;134812.94;512145.6972N;091142.6101E;439.229105;0.00;0.16;0.16;0.00
37924;111216;134813.94;512145.6972N;091142.6101E;439.229105;0.00;0.17;0.17;0.00
37974;111216;134814.94;512145.6972N;091142.6101E;439.229105;0.00;0.16;0.16;0.00
38024;111216;134816.14;512145.6972N;091142.6101E;439.229105;0.00;0.16;0.16;0.00
38074;111216;134816.94;512145.6972N;091142.6101E;439.229105;0.00;0.16;0.16;0.00
38124;111216;134817.94;512145.6972N;091142.6101E;439.229105;0.00;0.17;0.17;0.00
38174;111216;134819.15;512145.6972N;091142.6101E;439.229105;0.00;0.16;0.16;0.00
38224;111216;134820.14;512145.6972N;091142.6101E;439.229105;0.00;0.16;0.16;0.00
38274;111216;134821.14;512145.6972N;091142.6101E;439.229105;0.00;0.16;0.16;0.00
38324;111216;134821.94;512145.6972N;091142.6101E;439.229105;0.00;0.16;0.16;0.00
38374;111216;134823.15;512145.6972N;091142.6101E;439.229105;0.00;0.17;0.17;0.00
38424;111216;134824.14;512145.6972N;091142.6101E;439.229105;0.00;0.16;0.16;0.00
38474;111216;134825.15;512145.6972N;091142.6101E;439.229105;0.00;0.16;0.16;0.00
38524;111216;134825.94;512145.6972N;091142.6101E;439.229105;0.00;0.16;0.16;0.00
38574;111216;134827.14;512145.6972N;091142.6101E;439.229105;0.00;0.16;0.16;0.00
38624;111216;134828.14;512145.6972N;091142.6101E;439.229105;0.00;0.16;0.16;0.00
38674;111216;134829.15;512145.6972N;091142.6101E;439.229105;0.00;0.16;0.16;0.00
38724;111216;134830.14;512145.6972N;091142.6101E;439.229105;0.00;0.17;0.17;0.00
38774;111216;134831.15;512145.6972N;091142.6101E;439.229105;0.00;0.16;0.16;0.00
38824;111216;134832.14;512145.6972N;091142.6101E;439.229105;0.00;0.16;0.16;0.00
38874;111216;134833.14;512145.6972N;091142.6101E;439.229105;0.00;0.16;0.16;0.00
38925;111216;134834.04;512145.6972N;091142.6101E;439.229105;0.00;0.16;0.16;0.00
38975;111216;134835.04;512145.6972N;091142.6101E;439.229105;0.00;0.16;0.16;0.00
39025;111216;134836.04;512145.6972N;091142.6101E;439.229105;0.00;0.16;0.16;0.00
39076;111216;134837.04;512145.6972N;091142.6101E;439.229105;0.00;0.16;0.16;0.00
39126;111216;134838.04;512145.6972N;091142.6101E;439.229105;0.00;0.16;0.16;0.00
39176;111216;134839.04;512145.6972N;091142.6101E;439.229105;0.00;0.16;0.16;0.00
39226;111216;134840.04;512145.6972N;091142.6101E;439.229105;0.00;0.17;0.17;0.00
39276;111216;134841.04;512145.6972N;091142.6101E;439.229105;0.00;0.16;0.16;0.00
39326;111216;134842.04;512145.6972N;091142.6101E;439.229105;0.00;0.16;0.16;0.00
39376;111216;134843.04;512145.6972N;091142.6101E;439.229105;0.00;0.17;0.17;0.00
39426;111216;134844.04;512145.6972N;091142.6101E;439.229105;0.00;0.16;0.16;0.00
39476;111216;134845.04;512145.6972N;091142.6101E;439.229105;0.00;0.17;0.17;0.00
39526;111216;134846.04;512145.6972N;091142.6101E;439.229105;0.00;0.16;0.16;0.00
39576;111216;134847.04;512145.6972N;091142.6101E;439.229105;0.00;0.16;0.16;0.00
39626;111216;134848.04;512145.6972N;091142.6101E;439.229105;0.00;0.17;0.17;0.00
39676;111216;134849.04;512145.6972N;091142.6101E;439.229105;0.00;0.16;0.16;0.00
39726;111216;134850.04;512145.6972N;091142.6101E;439.229105;0.00;0.16;0.16;0.00
39769;111216;134851.04;512145.6972N;091142.6101E;439.229105;0.00;0.16;0.16;0.00
39819;111216;134852.04;512145.6972N;091142.6101E;439.229105;0.00;0.17;0.17;0.00
39869;111216;134853.04;512145.6972N;091142.6101E;439.229105;0.00;0.17;0.17;0.00
39920;111216;134854.04;512145.6972N;091142.6101E;439.229105;0.00;0.16;0.16;0.00
39970;111216;134855.04;512145.6972N;091142.6101E;439.229105;0.00;0.17;0.17;0.00
40020;111216;134856.04;512145.6972N;091142.6101E;439.229105;0.00;0.16;0.16;0.00
40070;111216;134857.04;512145.6972N;091142.6101E;439.229105;0.00;0.16;0.16;0.00
40120;111216;134858.04;512145.6972N;091142.6101E;439.229105;0.00;0.16;0.16;0.00
40170;111216;134859.04;512145.6972N;091142.6101E;439.229105;0.00;0.16;0.16;0.00
40220;111216;134900.04;512145.6972N;091142.6101E;439.229105;0.00;0.16;0.16;0.00
40270;111216;134901.04;512145.6972N;091142.6101E;439.229105;0.00;0.16;0.16;0.00
40321;111216;134902.04;512145.6972N;091142.6101E;439.229105;0.00;0.16;0.16;0.00
40371;111216;134903.04;512145.6972N;091142.6101E;439.229105;0.00;0.16;0.16;0.00
40421;111216;134904.04;512145.6972N;091142.6101E;439.229105;0.00;0.16;0.16;0.00
40471;111216;134905.04;512145.6972N;091142.6101E;439.229105;0.00;0.17;0.17;0.00
40521;111216;134906.04;512145.6972N;091142.6101E;439.229105;0.00;0.16;0.16;0.00
40571;111216;134907.04;512145.6972N;091142.6101E;439.229105;0.00;0.17;0.17;0.00
40621;111216;134908.04;512145.6972N;091142.6101E;439.229105;0.00;0.16;0.16;0.00
40671;111216;134909.04;512145.6972N;091142.6101E;439.229105;0.00;0.17;0.17;0.00
40721;111216;134910.04;512145.6972N;091142.6101E;439.229105;0.00;0.16;0.16;0.00
40771;111216;134911.04;512145.6972N;091142.6101E;439.229105;0.00;0.17;0.17;0.00
40821;111216;134912.04;512145.6972N;091142.6101E;439.229105;0.00;0.17;0.17;0.00
40871;111216;134913.04;512145.6972N;091142.6101E;439.229105;0.00;0.16;0.16;0.00
40907;111216;134914.04;512145.6972N;091142.6101E;439.229105;0.00;0.16;0.16;0.00
40957;111216;134915.04;512145.6972N;091142.6101E;439.229105;0.00;0.16;0.16;0.00
41007;111216;134916.04;512145.6972N;091142.6101E;439.229105;0.00;0.17;0.17;0.00
41057;111216;134917.04;512145.6972N;091142.6101E;439.229105;0.00;0.16;0.16;0.00
41107;111216;134918.04;512145.6972N;091142.6101E;439.229105;0.00;0.17;0.17;0.00
41157;111216;134919.04;512145.6972N;091142.6101E;439.229105;0.00;0.16;0.16;0.00
41207;111216;134920.04;512145.6972N;091142.6101E;439.229105;0.00;0.16;0.16;0.00
41257;111216;134921.04;512145.6972N;091142.6101E;439.229105;0.00;0.16;0.16;0.00
41307;111216;134922.04;512145.6972N;091142.6101E;439.229105;0.00;0.17;0.17;0.00
41357;111216;134923.04;512145.6972N;091142.6101E;439.229105;0.00;0.16;0.16;0.00
41407;111216;134924.04;512145.6972N;091142.6101E;439.229105;0.00;0.16;0.16;0.00
41457;111216;134925.04;512145.6972N;091142.6101E;439.229105;0.00;0.17;0.17;0.00
41502;111216;134926.04;512145.6972N;091142.6101E;439.229105;0.00;0.16;0.16;0.00
41552;111216;134927.04;512145.6972N;091142.6101E;439.229105;0.00;0.16;0.16;0.00
41602;111216;134928.04;512145.6972N;091142.6101E;439.229105;0.00;0.16;0.16;0.00
41652;111216;134929.04;512145.6972N;091142.6101E;439.229105;0.00;0.17;0.17;0.00
41696;111216;134930.14;512145.6972N;091142.6101E;439.229105;0.00;0.16;0.16;0.00
41739;111216;134931.14;512145.6972N;091142.6101E;439.229105;0.00;0.17;0.17;0.00
41789;111216;134932.14;512145.6972N;091142.6101E;439.229105;0.00;0.16;0.16;0.00
41839;111216;134933.14;512145.6972N;091142.6101E;439.229105;0.00;0.16;0.16;0.00
41890;111216;134934.14;512145.6972N;091142.6101E;439.229105;0.00;0.16;0.16;0.00
41941;111216;134935.14;512145.6972N;091142.6101E;439.229105;0.00;0.16;0.16;0.00
41991;111216;134936.37;512145.6972N;091142.6101E;439.229105;0.00;0.16;0.16;0.00
42041;111216;134937.37;512145.6972N;091142.6101E;439.229105;0.00;0.17;0.17;0.00
42091;111216;134938.38;512145.6972N;091142.6101E;439.229105;0.00;0.16;0.16;0.00
42135;111216;134939.38;512145.6972N;091142.6101E;439.229105;0.00;0.16;0.16;0.00
42185;111216;134940.38;512145.6972N;091142.6101E;439.229105;0.00;0.16;0.16;0.00
42233;111216;134941.38;512145.6972N;091142.6101E;439.229105;0.00;0.16;0.16;0.00
42283;111216;134942.38;512145.6972N;091142.6101E;439.229105;0.00;0.16;0.16;0.00
42333;111216;134943.38;512145.6972N;091142.6101E;439.229105;0.00;0.16;0.16;0.00
42383;111216;134944.36;512145.6972N;091142.6101E;439.229105;0.00;0.16;0.16;0.00
42433;111216;134945.36;512145.6972N;091142.6101E;439.229105;0.00;0.17;0.17;0.00
42483;111216;134946.36;512145.6972N;091142.6101E;439.229105;0.00;0.17;0.17;0.00
42527;111216;134947.38;512145.6972N;091142.6101E;439.229105;0.00;0.16;0.16;0.00
42577;111216;134948.38;512145.6972N;091142.6101E;439.229105;0.00;0.17;0.17;0.00
42617;111216;134949.36;512145.6972N;091142.6101E;439.229105;0.00;0.16;0.16;0.00
42667;111216;134950.36;512145.6972N;091142.6101E;439.229105;0.00;0.16;0.16;0.00
42717;111216;134951.36;512145.6972N;091142.6101E;439.229105;0.00;0.16;0.16;0.00
42767;111216;134952.36;512145.6972N;091142.6101E;439.229105;0.00;0.17;0.17;0.00
42817;111216;134953.36;512145.6972N;091142.6101E;439.229105;0.00;0.16;0.16;0.00
42867;111216;134954.37;512145.6972N;091142.6101E;439.229105;0.00;0.15;0.15;0.00
42917;111216;134955.38;512145.6972N;091142.6101E;439.229105;0.00;0.17;0.17;0.00
42967;111216;134956.38;512145.6972N;091142.6101E;439.229105;0.00;0.16;0.16;0.00
43017;111216;134957.38;512145.6972N;091142.6101E;439.229105;0.00;0.16;0.16;0.00
43067;111216;134958.14;512145.6972N;091142.6101E;439.229105;0.00;0.17;0.17;0.00
43117;111216;134959.35;512145.6972N;091142.6101E;439.229105;0.00;0.17;0.17;0.00
