1440413;101116;234001.62;512022.0665N;091001.6656E;310.575843;340.70;0.36;0.00;22.90
1440584;101116;234003.03;512022.0665N;091001.6656E;310.575843;340.60;0.36;0.01;22.90
1440755;101116;234004.03;512022.0665N;091001.6656E;310.575843;340.50;0.36;0.00;22.90
1440926;101116;234004.62;512022.0665N;091001.6656E;310.575843;340.70;0.36;0.00;22.90
1441097;101116;234006.03;512022.0665N;091001.6656E;310.575843;340.60;0.36;0.00;22.90
1441268;101116;234007.03;512022.0665N;091001.6656E;310.575843;340.10;0.35;0.00;22.90
1441439;101116;234007.62;512022.0665N;091001.6656E;310.575843;340.50;0.36;0.00;22.90
1441610;101116;234009.03;512022.0665N;091001.6656E;310.575843;340.50;0.36;0.00;22.90
1441781;101116;234010.03;512022.0665N;091001.6656E;310.575843;340.90;0.36;0.00;22.90
1441952;101116;234010.62;512022.0665N;091001.6656E;310.575843;340.40;0.36;0.00;22.90
1442123;101116;234012.07;512022.0665N;091001.6656E;310.575843;340.40;0.36;0.01;23.00
1442294;101116;234013.03;512022.0665N;091001.6656E;310.575843;340.20;0.36;0.00;22.90
1442465;101116;234013.62;512022.0665N;091001.6656E;310.575843;340.50;0.36;0.00;22.90
1442636;101116;234015.03;512022.0665N;091001.6656E;310.575843;340.40;0.36;0.00;22.90
1442808;101116;234016.02;512022.0665N;091001.6656E;310.575843;340.50;0.36;0.00;22.90
1442979;101116;234016.62;512022.0665N;091001.6656E;310.575843;340.60;0.36;0.00;22.90
1443150;101116;234018.04;512022.0665N;091001.6656E;310.575843;340.60;0.36;0.00;22.90
1443321;101116;234019.03;512022.0665N;091001.6656E;310.575843;340.60;0.36;0.00;22.90
1443492;101116;234019.62;512022.0665N;091001.6656E;310.575843;340.00;0.36;0.00;22.90
1443663;101116;234021.03;512022.0665N;091001.6656E;310.575843;340.60;0.36;0.01;22.90
1443832;101116;234022.03;512022.0665N;091001.6656E;310.575843;340.00;0.36;0.00;23.00
1444003;101116;234022.62;512022.0665N;091001.6656E;310.575843;340.90;0.36;0.00;23.00
1444174;101116;234024.02;512022.0665N;091001.6656E;310.575843;340.10;0.36;0.00;23.00
1444345;101116;234025.03;512022.0665N;091001.6656E;310.575843;340.80;0.36;0.01;23.00
1444516;101116;234025.62;512022.0665N;091001.6656E;310.575843;340.30;0.35;0.00;23.00
1444687;101116;234027.02;512022.0665N;091001.6656E;310.575843;340.20;0.35;0.01;23.00
1444858;101116;234028.06;512022.0665N;091001.6656E;310.575843;340.40;0.36;0.00;23.00
1445029;101116;234028.72;512022.0665N;091001.6656E;310.575843;339.40;0.36;0.00;23.00
1445207;101116;234029.82;512022.0665N;091001.6656E;310.575843;341.20;0.36;0.00;23.00
1445364;101116;234031.09;512022.0665N;091001.6656E;310.575843;340.10;0.36;0.01;23.00
1445535;101116;234031.72;512022.0665N;091001.6656E;310.575843;339.40;0.36;0.00;23.00
1445710;101116;234033.10;512022.0665N;091001.6656E;310.575843;340.90;0.36;0.01;22.90
1445870;101116;234034.06;512022.0665N;091001.6656E;310.575843;341.10;0.35;0.01;22.90
1446041;101116;234034.72;512022.0665N;091001.6656E;310.575843;339.10;0.36;0.01;23.00
1446214;101116;234035.82;512022.0665N;091001.6656E;310.575843;340.80;0.36;0.00;23.00
1446386;101116;234037.13;512022.0665N;091001.6656E;310.575843;340.60;0.36;0.00;23.00
1446557;101116;234037.72;512022.0665N;091001.6656E;310.575843;340.50;0.35;0.01;22.90
1446727;101116;234039.03;512022.0665N;091001.6656E;310.575843;340.50;0.36;0.00;23.00
1446898;101116;234040.14;512022.0665N;091001.6656E;310.575843;340.80;0.36;0.00;23.00
1447069;101116;234040.72;512022.0665N;091001.6656E;310.575843;339.30;0.36;0.00;23.00
1447241;101116;234042.14;512022.0665N;091001.6656E;310.575843;341.00;0.36;0.00;23.00
1447412;101116;234043.12;512022.0665N;091001.6656E;310.575843;340.60;0.36;0.00;23.00
1447583;101116;234043.72;512022.0665N;091001.6656E;310.575843;339.30;0.36;0.00;23.00
1447754;101116;234045.11;512022.0665N;091001.6656E;310.575843;341.10;0.36;0.00;23.00
1447925;101116;234046.12;512022.0665N;091001.6656E;310.575843;340.70;0.36;0.00;23.00
1448096;101116;234046.72;512022.0665N;091001.6656E;310.575843;339.50;0.36;0.00;23.00
1448267;101116;234048.13;512022.0665N;091001.6656E;310.575843;340.70;0.36;0.01;23.00
1448438;101116;234049.12;512022.0665N;091001.6656E;310.575843;341.10;0.36;0.01;23.00
1448609;101116;234049.72;512022.0665N;091001.6656E;310.575843;339.40;0.36;0.01;23.00
1448781;101116;234051.15;512022.0665N;091001.6656E;310.575843;340.60;0.36;0.00;23.00
1448953;101116;234052.12;512022.0665N;091001.6656E;310.575843;340.30;0.36;0.01;23.00
1449124;101116;234052.72;512022.0665N;091001.6656E;310.575843;339.40;0.36;0.00;23.00
1449295;101116;234054.14;512022.0665N;091001.6656E;310.575843;341.10;0.36;0.00;23.00
1449466;101116;234055.12;512022.0665N;091001.6656E;310.575843;340.80;0.36;0.00;22.90
1449637;101116;234055.72;512022.0665N;091001.6656E;310.575843;339.40;0.36;0.00;22.90
1449813;101116;234056.82;512022.0665N;091001.6656E;310.575843;341.00;0.36;0.01;22.90
1449984;101116;234058.12;512022.0665N;091001.6656E;310.575843;340.80;0.36;0.01;22.90
1450155;101116;234058.72;512022.0665N;091001.6656E;310.575843;339.40;0.36;0.00;22.90
1450326;101116;234100.14;512022.0665N;091001.6656E;310.575843;340.70;0.36;0.00;22.90
1450498;101116;234101.12;512022.0665N;091001.6656E;310.575843;340.90;0.36;0.00;22.90
1450668;101116;234101.72;512022.0665N;091001.6656E;310.575843;339.50;0.36;0.00;22.90
1450840;101116;234103.15;512022.0665N;091001.6656E;310.575843;340.90;0.36;0.00;23.00
1451011;101116;234104.14;512022.0665N;091001.6656E;310.575843;340.50;0.36;0.00;23.00
1451182;101116;234104.72;512022.0665N;091001.6656E;310.575843;339.20;0.36;0.00;22.90
1451353;101116;234106.17;512022.0665N;091001.6656E;310.575843;340.70;0.36;0.01;22.90
1451525;101116;234107.12;512022.0665N;091001.6656E;310.575843;340.80;0.36;0.00;22.90
1451696;101116;234107.72;512022.0665N;091001.6656E;310.575843;339.30;0.36;0.00;22.90
1451868;101116;234109.17;512022.0665N;091001.6656E;310.575843;340.90;0.36;0.00;22.90
1452039;101116;234110.12;512022.0665N;091001.6656E;310.575843;340.80;0.36;0.00;22.90
1452209;101116;234110.72;512022.0665N;091001.6656E;310.575843;339.20;0.35;0.00;22.90
1452382;101116;234111.82;512022.0665N;091001.6656E;310.575843;340.80;0.36;0.00;22.90
1452553;101116;234113.13;512022.0665N;091001.6656E;310.575843;340.60;0.36;0.00;22.90
1452725;101116;234113.72;512022.0665N;091001.6656E;310.575843;339.50;0.36;0.00;23.00
1452897;101116;234114.92;512022.0665N;091001.6656E;310.575843;340.70;0.36;0.01;22.90
1453068;101116;234116.12;512022.0665N;091001.6656E;310.575843;341.10;0.36;0.00;23.00
1453239;101116;234116.72;512022.0665N;091001.6656E;310.575843;339.40;0.35;0.00;23.00
1453410;101116;234118.20;512022.0665N;091001.6656E;310.575843;340.90;0.36;0.00;23.00
1453577;101116;234119.13;512022.0665N;091001.6656E;310.575843;341.00;0.36;0.00;23.00
1453748;101116;234119.72;512022.0665N;091001.6656E;310.575843;339.00;0.36;0.00;23.00
1453920;101116;234121.14;512022.0665N;091001.6656E;310.575843;340.70;0.36;0.00;23.00
1454091;101116;234122.13;512022.0665N;091001.6656E;310.575843;341.10;0.36;0.01;23.00
1454262;101116;234122.72;512022.0665N;091001.6656E;310.575843;339.30;0.36;0.01;23.00
1454432;101116;234124.12;512022.0665N;091001.6656E;310.575843;340.90;0.36;0.01;23.00
1454603;101116;234125.18;512022.0665N;091001.6656E;310.575843;340.60;0.36;0.01;23.00
1454775;101116;234125.72;512022.0665N;091001.6656E;310.575843;339.40;0.36;0.00;23.00
1454946;101116;234127.14;512022.0665N;091001.6656E;310.575843;340.80;0.36;0.01;23.00
1455117;101116;234128.18;512022.0665N;091001.6656E;310.575843;340.10;0.35;0.01;23.00
1455288;101116;234128.72;512022.0665N;091001.6656E;310.575843;339.70;0.36;0.00;23.00
1455460;101116;234130.20;512022.0665N;091001.6656E;310.575843;340.60;0.36;0.00;23.00
1455628;101116;234131.12;512022.0665N;091001.6656E;310.575843;340.40;0.36;0.01;23.00
1455799;101116;234131.72;512022.0665N;091001.6656E;310.575843;339.50;0.36;0.01;23.00
1455971;101116;234133.17;512022.0665N;091001.6656E;310.575843;341.10;0.36;0.00;23.00
1456142;101116;234134.16;512022.0665N;091001.6656E;310.575843;340.50;0.36;0.00;23.00
1456312;101116;234134.72;512022.0665N;091001.6656E;310.575843;339.40;0.36;0.00;23.00
1456486;101116;234136.20;512022.0665N;091001.6656E;310.575843;340.70;0.36;0.00;23.00
1456657;101116;234137.22;512022.0665N;091001.6656E;310.575843;340.60;0.36;0.00;23.00
1456881;101116;234137.72;512022.0665N;091001.6656E;310.575843;339.30;0.36;0.00;23.00
1457053;101116;234139.52;512022.0665N;091001.6656E;310.575843;340.40;0.36;0.01;23.00
1457224;101116;234140.52;512022.0665N;091001.6656E;310.575843;340.40;0.36;0.00;23.00
1457400;101116;234141.28;512022.0665N;091001.6656E;310.575843;339.60;0.36;0.00;23.00
1457571;101116;234142.52;512022.0665N;091001.6656E;310.575843;340.20;0.36;0.00;23.00
1457742;101116;234143.52;512022.0665N;091001.6656E;310.575843;339.90;0.36;0.00;22.90
1457917;101116;234144.26;512022.0665N;091001.6656E;310.575843;339.40;0.36;0.00;22.90
1458089;101116;234145.52;512022.0665N;091001.6656E;310.575843;340.20;0.36;0.00;22.90
1458260;101116;234146.52;512022.0665N;091001.6656E;310.575843;339.90;0.36;0.00;22.90
1458438;101116;234147.58;512022.0665N;091001.6656E;310.575843;339.80;0.36;0.00;22.90
1458608;101116;234148.62;512022.0665N;091001.6656E;310.575843;339.80;0.36;0.00;22.90
1458780;101116;234149.62;512022.0665N;091001.6656E;310.575843;339.60;0.35;0.01;22.90
1458918;101116;234150.64;512022.0665N;091001.6656E;310.575843;340.30;0.36;0.01;22.90
1459090;101116;234151.62;512022.0665N;091001.6656E;310.575843;340.20;0.36;0.01;22.90
1459260;101116;234152.62;512022.0665N;091001.6656E;310.575843;339.90;0.36;0.00;22.90
1459415;101116;234153.57;512022.0665N;091001.6656E;310.575843;339.80;0.36;0.00;22.90
1459587;101116;234154.62;512022.0665N;091001.6656E;310.575843;339.60;0.36;0.00;23.00
1459754;101116;234155.62;512022.0665N;091001.6656E;310.575843;340.10;0.36;0.00;23.00
1459926;101116;234156.61;512022.0665N;091001.6656E;310.575843;340.50;0.36;0.00;23.00
1460097;101116;234157.62;512022.0665N;091001.6656E;310.575843;339.90;0.36;0.00;23.00
1460268;101116;234158.62;512022.0665N;091001.6656E;310.575843;340.20;0.36;0.01;23.00
1460439;101116;234159.62;512022.0665N;091001.6656E;310.575843;340.70;0.36;0.01;23.00
1460610;101116;234200.62;512022.0665N;091001.6656E;310.575843;339.90;0.36;0.00;23.00
1460781;101116;234201.62;512022.0665N;091001.6656E;310.575843;340.00;0.36;0.00;23.00
1460951;101116;234202.62;512022.0665N;091001.6656E;310.575843;340.70;0.36;0.00;23.00
1461122;101116;234203.62;512022.0665N;091001.6656E;310.575843;339.90;0.36;0.00;23.00
1461293;101116;234204.62;512022.0665N;091001.6656E;310.575843;339.70;0.36;0.00;23.00
1461464;101116;234205.64;512022.0665N;091001.6656E;310.575843;340.80;0.36;0.01;22.90
1461635;101116;234206.62;512022.0665N;091001.6656E;310.575843;340.20;0.36;0.01;22.90
1461805;101116;234207.62;512022.0665N;091001.6656E;310.575843;339.50;0.36;0.00;23.00
1461966;101116;234208.64;512022.0665N;091001.6656E;310.575843;340.10;0.36;0.00;22.90
1462136;101116;234209.62;512022.0665N;091001.6656E;310.575843;339.90;0.36;0.00;22.90
1462305;101116;234210.62;512022.0665N;091001.6656E;310.575843;339.90;0.36;0.00;23.00
1462476;101116;234211.64;512022.0665N;091001.6656E;310.575843;340.20;0.36;0.00;23.00
1462647;101116;234212.62;512022.0665N;091001.6656E;310.575843;339.60;0.36;0.00;23.00
1462818;101116;234213.62;512022.0665N;091001.6656E;310.575843;339.90;0.36;0.00;23.00
1462989;101116;234214.64;512022.0665N;091001.6656E;310.575843;339.80;0.36;0.00;23.00
1463160;101116;234215.62;512022.0665N;091001.6656E;310.575843;339.40;0.36;0.00;23.00
1463331;101116;234216.62;512022.0665N;091001.6656E;310.575843;339.90;0.36;0.00;23.00
1463502;101116;234217.66;512022.0665N;091001.6656E;310.575843;340.50;0.36;0.00;23.00
1463673;101116;234218.62;512022.0665N;091001.6656E;310.575843;340.10;0.36;0.00;23.00
1463844;101116;234219.62;512022.0665N;091001.6656E;310.575843;340.10;0.36;0.00;22.90
1464016;101116;234220.31;512022.0665N;091001.6656E;310.575843;339.70;0.36;0.00;23.00
1464188;101116;234221.62;512022.0665N;091001.6656E;310.575843;340.70;0.36;0.00;23.00
1464360;101116;234222.62;512022.0665N;091001.6656E;310.575843;339.70;0.36;0.00;22.90
1464531;101116;234223.67;512022.0665N;091001.6656E;310.575843;339.80;0.36;0.00;22.90
1464702;101116;234224.62;512022.0665N;091001.6656E;310.575843;340.30;0.36;0.01;22.90
1464872;101116;234225.62;512022.0665N;091001.6656E;310.575843;340.10;0.36;0.01;22.90
1465044;101116;234226.62;512022.0665N;091001.6656E;310.575843;340.50;0.36;0.00;22.90
1465215;101116;234227.62;512022.0665N;091001.6656E;310.575843;339.90;0.36;0.00;22.90
1465386;101116;234228.62;512022.0665N;091001.6656E;310.575843;340.00;0.36;0.00;22.90
1465557;101116;234229.63;512022.0665N;091001.6656E;310.575843;340.30;0.36;0.00;22.90
1465728;101116;234230.62;512022.0665N;091001.6656E;310.575843;339.80;0.36;0.00;23.00
1465899;101116;234231.62;512022.0665N;091001.6656E;310.575843;340.50;0.36;0.00;23.00
1466071;101116;234232.63;512022.0665N;091001.6656E;310.575843;340.60;0.36;0.00;23.00
1466241;101116;234233.62;512022.0665N;091001.6656E;310.575843;339.80;0.36;0.00;23.00
1466412;101116;234234.62;512022.0665N;091001.6656E;310.575843;340.20;0.36;0.00;23.00
1466573;101116;234235.64;512022.0665N;091001.6656E;310.575843;340.50;0.36;0.01;23.00
1466744;101116;234236.62;512022.0665N;091001.6656E;310.575843;340.00;0.36;0.00;23.00
1466915;101116;234237.62;512022.0665N;091001.6656E;310.575843;340.30;0.36;0.00;23.00
1467085;101116;234238.62;512022.0665N;091001.6656E;310.575843;340.10;0.36;0.00;22.90
1467256;101116;234239.62;512022.0665N;091001.6656E;310.575843;340.20;0.36;0.00;23.00
1467427;101116;234240.62;512022.0665N;091001.6656E;310.575843;339.80;0.36;0.00;22.90
1467598;101116;234241.62;512022.0665N;091001.6656E;310.575843;340.40;0.36;0.00;22.90
1467769;101116;234242.62;512022.0665N;091001.6656E;310.575843;340.10;0.36;0.00;22.90
1467940;101116;234243.62;512022.0665N;091001.6656E;310.575843;340.00;0.36;0.00;22.90
1468111;101116;234244.63;512022.0665N;091001.6656E;310.575843;340.40;0.36;0.00;22.90
1468282;101116;234245.62;512022.0665N;091001.6656E;310.575843;339.90;0.36;0.00;22.90
1468452;101116;234246.62;512022.0665N;091001.6656E;310.575843;339.60;0.36;0.00;22.90
1468623;101116;234247.65;512022.0665N;091001.6656E;310.575843;340.60;0.36;0.00;22.90
1468794;101116;234248.62;512022.0665N;091001.6656E;310.575843;340.10;0.36;0.00;22.90
1468965;101116;234249.62;512022.0665N;091001.6656E;310.575843;340.50;0.36;0.00;22.90
1469136;101116;234250.63;512022.0665N;091001.6656E;310.575843;340.70;0.36;0.00;22.90
1469306;101116;234251.62;512022.0665N;091001.6656E;310.575843;340.20;0.36;0.00;22.80
1469478;101116;234252.62;512022.0665N;091001.6656E;310.575843;340.30;0.36;0.00;22.90
1469648;101116;234253.67;512022.0665N;091001.6656E;310.575843;340.10;0.36;0.00;22.80
1469819;101116;234254.62;512022.0665N;091001.6656E;310.575843;340.20;0.36;0.00;22.80
1469990;101116;234255.62;512022.0665N;091001.6656E;310.575843;340.20;0.36;0.00;22.80
1470161;101116;234256.63;512022.0665N;091001.6656E;310.575843;340.30;0.36;0.01;22.80
1470331;101116;234257.62;512022.0665N;091001.6656E;310.575843;340.20;0.36;0.00;22.90
1470503;101116;234258.62;512022.0665N;091001.6656E;310.575843;339.80;0.36;0.00;22.90
1470674;101116;234259.65;512022.0665N;091001.6656E;310.575843;340.80;0.36;0.00;22.90
1470845;101116;234300.62;512022.0665N;091001.6656E;310.575843;340.20;0.36;0.00;22.90
1471016;101116;234301.62;512022.0665N;091001.6656E;310.575843;340.00;0.36;0.00;22.90
1471187;101116;234302.62;512022.0665N;091001.6656E;310.575843;340.60;0.36;0.00;22.90
1471358;101116;234303.62;512022.0665N;091001.6656E;310.575843;339.80;0.36;0.00;22.90
1471528;101116;234304.62;512022.0665N;091001.6656E;310.575843;339.90;0.36;0.00;22.90
1471677;101116;234305.65;512022.0665N;091001.6656E;310.575843;340.10;0.36;0.00;22.80
1471848;101116;234306.62;512022.0665N;091001.6656E;310.575843;339.80;0.36;0.00;22.80
1472019;101116;234307.62;512022.0665N;091001.6656E;310.575843;340.20;0.36;0.00;22.80
1472190;101116;234308.62;512022.0665N;091001.6656E;310.575843;340.60;0.36;0.01;22.90
1472361;101116;234309.62;512022.0665N;091001.6656E;310.575843;339.60;0.36;0.00;22.90
1472532;101116;234310.62;512022.0665N;091001.6656E;310.575843;340.30;0.36;0.00;22.90
1472703;101116;234311.65;512022.0665N;091001.6656E;310.575843;340.00;0.36;0.00;22.90
1472874;101116;234312.62;512022.0665N;091001.6656E;310.575843;339.90;0.36;0.00;22.90
1473045;101116;234313.62;512022.0665N;091001.6656E;310.575843;340.40;0.36;0.00;22.90
1473215;101116;234314.62;512022.0665N;091001.6656E;310.575843;340.80;0.36;0.00;22.90
1473386;101116;234315.62;512022.0665N;091001.6656E;310.575843;340.20;0.36;0.00;23.00
1473557;101116;234316.62;512022.0665N;091001.6656E;310.575843;339.80;0.36;0.00;22.90
1473728;101116;234317.64;512022.0665N;091001.6656E;310.575843;340.80;0.36;0.00;22.90
1473899;101116;234318.62;512022.0665N;091001.6656E;310.575843;340.60;0.36;0.00;22.90
1474069;101116;234319.62;512022.0665N;091001.6656E;310.575843;340.20;0.36;0.00;22.90
1474241;101116;234320.65;512022.0665N;091001.6656E;310.575843;340.50;0.36;0.00;22.90
1474412;101116;234321.62;512022.0665N;091001.6656E;310.575843;339.90;0.36;0.00;22.90
1474583;101116;234322.62;512022.0665N;091001.6656E;310.575843;340.10;0.36;0.00;22.90
1474754;101116;234323.65;512022.0665N;091001.6656E;310.575843;340.50;0.36;0.00;22.90
1474925;101116;234324.62;512022.0665N;091001.6656E;310.575843;340.10;0.36;0.00;22.90
1475095;101116;234325.62;512022.0665N;091001.6656E;310.575843;340.30;0.36;0.00;22.90
1475265;101116;234326.65;512022.0665N;091001.6656E;310.575843;341.00;0.36;0.00;22.90
1475436;101116;234327.62;512022.0665N;091001.6656E;310.575843;340.30;0.36;0.00;22.90
1475605;101116;234328.62;512022.0665N;091001.6656E;310.575843;340.40;0.36;0.00;22.90
1475766;101116;234329.63;512022.0665N;091001.6656E;310.575843;341.10;0.36;0.00;22.90
1475937;101116;234330.62;512022.0665N;091001.6656E;310.575843;340.30;0.35;0.00;22.90
1476108;101116;234331.62;512022.0665N;091001.6656E;310.575843;340.10;0.36;0.00;22.90
1476254;101116;234332.64;512022.0665N;091001.6656E;310.575843;340.40;0.35;0.00;22.90
1476425;101116;234333.62;512022.0665N;091001.6656E;310.575843;340.50;0.36;0.00;22.90
1476596;101116;234334.62;512022.0665N;091001.6656E;310.575843;339.90;0.36;0.00;22.90
1476767;101116;234335.63;512022.0665N;091001.6656E;310.575843;341.00;0.36;0.01;22.90
1476936;101116;234336.62;512022.0665N;091001.6656E;310.575843;340.30;0.36;0.00;22.90
1477103;101116;234337.62;512022.0665N;091001.6656E;310.575843;340.40;0.36;0.00;22.90
1477274;101116;234338.64;512022.0665N;091001.6656E;310.575843;340.30;0.36;0.00;22.90
1477445;101116;234339.62;512022.0665N;091001.6656E;310.575843;340.30;0.36;0.00;22.80
1477614;101116;234340.62;512022.0665N;091001.6656E;310.575843;339.90;0.36;0.00;22.80
1477787;101116;234341.64;512022.0665N;091001.6656E;310.575843;340.60;0.36;0.00;22.90
1477958;101116;234342.62;512022.0665N;091001.6656E;310.575843;339.90;0.36;0.00;22.90
1478128;101116;234343.62;512022.0665N;091001.6656E;310.575843;340.40;0.36;0.01;22.90
1478298;101116;234344.65;512022.0665N;091001.6656E;310.575843;340.20;0.36;0.00;22.90
1478470;101116;234345.62;512022.0665N;091001.6656E;310.575843;340.50;0.36;0.00;22.90
1478639;101116;234346.62;512022.0665N;091001.6656E;310.575843;340.60;0.36;0.00;22.90
1478808;101116;234347.63;512022.0665N;091001.6656E;310.575843;340.60;0.36;0.00;22.90
1478978;101116;234348.62;512022.0665N;091001.6656E;310.575843;340.20;0.36;0.00;22.90
1479149;101116;234349.62;512022.0665N;091001.6656E;310.575843;340.30;0.36;0.00;22.90
1479282;101116;234350.62;512022.0665N;091001.6656E;310.575843;340.90;0.36;0.00;22.90
1479453;101116;234351.62;512022.0665N;091001.6656E;310.575843;340.70;0.36;0.00;22.90
1479593;101116;234352.62;512022.0665N;091001.6656E;310.575843;339.80;0.36;0.00;22.90
1479754;101116;234353.65;512022.0665N;091001.6656E;310.575843;340.40;0.36;0.00;22.90
1479926;101116;234354.62;512022.0665N;091001.6656E;310.575843;340.70;0.36;0.00;22.90
1480092;101116;234355.62;512022.0665N;091001.6656E;310.575843;340.40;0.36;0.00;22.90
1480263;101116;234356.63;512022.0665N;091001.6656E;310.575843;340.30;0.36;0.00;22.90
1480420;101116;234357.62;512022.0665N;091001.6656E;310.575843;341.10;0.36;0.00;22.90
1480588;101116;234358.62;512022.0665N;091001.6656E;310.575843;340.30;0.36;0.00;22.90
1480759;101116;234359.64;512022.0665N;091001.6656E;310.575843;340.70;0.36;0.00;22.90
1480930;101116;234400.62;512022.0665N;091001.6656E;310.575843;340.10;0.36;0.00;22.90
1481101;101116;234401.62;512022.0665N;091001.6656E;310.575843;340.60;0.36;0.00;22.90
1481272;101116;234402.62;512022.0665N;091001.6656E;310.575843;340.60;0.36;0.00;22.90
1481442;101116;234403.62;512022.0665N;091001.6656E;310.575843;340.50;0.36;0.00;22.90
1481613;101116;234404.62;512022.0665N;091001.6656E;310.575843;340.40;0.36;0.00;22.90
1481774;101116;234405.62;512022.0665N;091001.6656E;310.575843;340.70;0.36;0.00;22.90
1481945;101116;234406.62;512022.0665N;091001.6656E;310.575843;340.40;0.36;0.00;22.90
1482116;101116;234407.62;512022.0665N;091001.6656E;310.575843;340.60;0.36;0.01;22.90
1482287;101116;234408.63;512022.0665N;091001.6656E;310.575843;340.60;0.36;0.00;22.90
1482458;101116;234409.62;512022.0665N;091001.6656E;310.575843;340.40;0.36;0.00;22.90
1482629;101116;234410.62;512022.0665N;091001.6656E;310.575843;340.60;0.36;0.00;22.90
1482800;101116;234411.65;512022.0665N;091001.6656E;310.575843;340.40;0.36;0.00;22.90
1482971;101116;234412.62;512022.0665N;091001.6656E;310.575843;340.70;0.36;0.00;22.90
1483140;101116;234413.62;512022.0665N;091001.6656E;310.575843;340.50;0.36;0.00;22.90
1483310;101116;234414.65;512022.0665N;091001.6656E;310.575843;340.60;0.36;0.00;22.90
1483481;101116;234415.62;512022.0665N;091001.6656E;310.575843;340.50;0.36;0.00;22.90
1483652;101116;234416.62;512022.0665N;091001.6656E;310.575843;340.40;0.36;0.00;22.90
1483822;101116;234417.63;512022.0665N;091001.6656E;310.575843;340.90;0.36;0.00;22.90
1483993;101116;234418.62;512022.0665N;091001.6656E;310.575843;340.40;0.36;0.00;22.90
1484163;101116;234419.62;512022.0665N;091001.6656E;310.575843;340.40;0.36;0.00;22.90
1484334;101116;234420.63;512022.0665N;091001.6656E;310.575843;340.70;0.36;0.00;22.90
1484503;101116;234421.62;512022.0665N;091001.6656E;310.575843;340.60;0.36;0.00;22.90
1484674;101116;234422.62;512022.0665N;091001.6656E;310.575843;340.70;0.36;0.00;22.90
1484843;101116;234423.64;512022.0665N;091001.6656E;310.575843;340.00;0.36;0.00;22.90
1485014;101116;234424.62;512022.0665N;091001.6656E;310.575843;340.10;0.36;0.00;22.90
1485185;101116;234425.62;512022.0665N;091001.6656E;310.575843;340.70;0.36;0.00;22.90
1485356;101116;234426.67;512022.0665N;091001.6656E;310.575843;340.20;0.36;0.00;22.90
1485527;101116;234427.62;512022.0665N;091001.6656E;310.575843;340.90;0.36;0.00;22.90
1485697;101116;234428.62;512022.0665N;091001.6656E;310.575843;340.80;0.36;0.00;22.90
1485868;101116;234429.63;512022.0665N;091001.6656E;310.575843;340.90;0.36;0.00;22.90
1486039;101116;234430.62;512022.0665N;091001.6656E;310.575843;340.40;0.36;0.00;22.90
1486208;101116;234431.62;512022.0665N;091001.6656E;310.575843;340.90;0.36;0.00;22.90
1486379;101116;234432.65;512022.0665N;091001.6656E;310.575843;340.70;0.36;0.00;22.90
1486550;101116;234433.62;512022.0665N;091001.6656E;310.575843;340.90;0.36;0.00;22.90
1486721;101116;234434.62;512022.0665N;091001.6656E;310.575843;340.40;0.36;0.00;22.90
1486892;101116;234435.62;512022.0665N;091001.6656E;310.575843;340.70;0.36;0.00;22.90
1487063;101116;234436.62;512022.0665N;091001.6656E;310.575843;340.60;0.36;0.00;22.90
1487234;101116;234437.62;512022.0665N;091001.6656E;310.575843;340.50;0.36;0.00;22.90
1487403;101116;234438.62;512022.0665N;091001.6656E;310.575843;340.50;0.36;0.00;22.90
1487569;101116;234439.62;512022.0665N;091001.6656E;310.575843;340.80;0.36;0.00;22.90
1487738;101116;234440.62;512022.0665N;091001.6656E;310.575843;340.50;0.36;0.00;22.90
1487907;101116;234441.63;512022.0665N;091001.6656E;310.575843;340.50;0.36;0.00;22.90
1488078;101116;234442.62;512022.0665N;091001.6656E;310.575843;341.00;0.36;0.00;22.90
1488249;101116;234443.62;512022.0665N;091001.6656E;310.575843;340.70;0.36;0.00;22.90
1488420;101116;234444.64;512022.0665N;091001.6656E;310.575843;340.30;0.36;0.00;22.90
1488591;101116;234445.62;512022.0665N;091001.6656E;310.575843;340.50;0.36;0.00;22.90
1488760;101116;234446.62;512022.0665N;091001.6656E;310.575843;340.90;0.36;0.00;22.90
1488931;101116;234447.63;512022.0665N;091001.6656E;310.575843;340.10;0.36;0.00;22.90
1489101;101116;234448.62;512022.0665N;091001.6656E;310.575843;341.10;0.36;0.00;22.90
1489272;101116;234449.62;512022.0665N;091001.6656E;310.575843;340.70;0.36;0.00;22.90
1489443;101116;234450.63;512022.0665N;091001.6656E;310.575843;340.80;0.36;0.00;22.90
1489614;101116;234451.62;512022.0665N;091001.6656E;310.575843;341.00;0.36;0.00;22.90
1489783;101116;234452.62;512022.0665N;091001.6656E;310.575843;340.40;0.36;0.00;23.00
1489954;101116;234453.67;512022.0665N;091001.6656E;310.575843;339.70;0.36;0.00;22.90
1490124;101116;234454.62;512022.0665N;091001.6656E;310.575843;340.90;0.36;0.00;22.90
1490295;101116;234455.62;512022.0665N;091001.6656E;310.575843;340.50;0.36;0.00;22.90
1490464;101116;234456.67;512022.0665N;091001.6656E;310.575843;340.60;0.36;0.00;22.90
1490635;101116;234457.62;512022.0665N;091001.6656E;310.575843;341.20;0.36;0.00;23.00
1490804;101116;234458.62;512022.0665N;091001.6656E;310.575843;340.60;0.36;0.00;22.90
1490976;101116;234459.67;512022.0665N;091001.6656E;310.575843;340.60;0.36;0.00;22.90
1491147;101116;234500.62;512022.0665N;091001.6656E;310.575843;340.40;0.36;0.00;22.90
1491318;101116;234501.62;512022.0665N;091001.6656E;310.575843;340.60;0.36;0.00;22.90
1491488;101116;234502.65;512022.0665N;091001.6656E;310.575843;340.50;0.36;0.00;22.90
1491659;101116;234503.62;512022.0665N;091001.6656E;310.575843;340.60;0.36;0.00;22.90
1491830;101116;234504.62;512022.0665N;091001.6656E;310.575843;340.10;0.36;0.00;22.90
1492002;101116;234505.62;512022.0665N;091001.6656E;310.575843;340.80;0.36;0.00;22.90
1492165;101116;234506.62;512022.0665N;091001.6656E;310.575843;340.70;0.36;0.00;22.90
1492336;101116;234507.62;512022.0665N;091001.6656E;310.575843;340.50;0.36;0.00;22.90
1492507;101116;234508.63;512022.0665N;091001.6656E;310.575843;340.70;0.36;0.00;22.90
1492666;101116;234509.62;512022.0665N;091001.6656E;310.575843;340.90;0.36;0.00;22.90
1492835;101116;234510.62;512022.0665N;091001.6656E;310.575843;340.50;0.36;0.00;23.00
1493006;101116;234511.63;512022.0665N;091001.6656E;310.575843;340.90;0.36;0.00;22.90
1493177;101116;234512.62;512022.0665N;091001.6656E;310.575843;340.90;0.36;0.00;22.90
1493348;101116;234513.62;512022.0665N;091001.6656E;310.575843;340.80;0.36;0.00;22.90
1493515;101116;234514.64;512022.0665N;091001.6656E;310.575843;340.70;0.36;0.00;22.90
1493686;101116;234515.62;512022.0665N;091001.6656E;310.575843;340.90;0.36;0.00;22.90
1493857;101116;234516.62;512022.0665N;091001.6656E;310.575843;340.60;0.36;0.00;22.90
1494028;101116;234517.66;512022.0665N;091001.6656E;310.575843;340.90;0.36;0.00;22.90
1494197;101116;234518.62;512022.0665N;091001.6656E;310.575843;340.90;0.36;0.00;22.90
1494368;101116;234519.62;512022.0665N;091001.6656E;310.575843;340.40;0.36;0.00;22.90
1494539;101116;234520.64;512022.0665N;091001.6656E;310.575843;340.50;0.36;0.00;22.90
1494710;101116;234521.62;512022.0665N;091001.6656E;310.575843;341.10;0.36;0.00;22.90
1494881;101116;234522.62;512022.0665N;091001.6656E;310.575843;340.90;0.36;0.00;22.90
1495052;101116;234523.62;512022.0665N;091001.6656E;310.575843;340.80;0.36;0.00;22.90
1495223;101116;234524.62;512022.0665N;091001.6656E;310.575843;340.90;0.36;0.00;22.90
1495381;101116;234525.62;512022.0665N;091001.6656E;310.575843;340.80;0.36;0.00;22.90
1495551;101116;234526.63;512022.0665N;091001.6656E;310.575843;340.40;0.36;0.00;22.90
1495722;101116;234527.62;512022.0665N;091001.6656E;310.575843;340.90;0.36;0.00;22.90
1495891;101116;234528.62;512022.0665N;091001.6656E;310.575843;340.90;0.36;0.00;22.90
1496062;101116;234529.64;512022.0665N;091001.6656E;310.575843;340.50;0.36;0.00;22.90
1496231;101116;234530.62;512022.0665N;091001.6656E;310.575843;340.90;0.36;0.00;22.90
1496402;101116;234531.62;512022.0665N;091001.6656E;310.575843;340.50;0.36;0.00;22.90
1496573;101116;234532.62;512022.0665N;091001.6656E;310.575843;341.10;0.36;0.00;22.90
1496744;101116;234533.62;512022.0665N;091001.6656E;310.575843;341.00;0.36;0.00;22.90
1496915;101116;234534.62;512022.0665N;091001.6656E;310.575843;340.40;0.36;0.00;22.90
1497086;101116;234535.66;512022.0665N;091001.6656E;310.575843;340.20;0.36;0.00;22.90
1497258;101116;234536.62;512022.0665N;091001.6656E;310.575843;341.00;0.36;0.00;22.80
1497429;101116;234537.62;512022.0665N;091001.6656E;310.575843;340.80;0.36;0.00;22.90
1497581;101116;234538.63;512022.0665N;091001.6656E;310.575843;340.50;0.36;0.00;22.90
1497752;101116;234539.66;512022.0665N;091001.6656E;310.575843;341.00;0.36;0.00;22.90
1497921;101116;234540.62;512022.0665N;091001.6656E;310.575843;340.90;0.36;0.00;22.90
1498083;101116;234541.64;512022.0665N;091001.6656E;310.575843;340.50;0.36;0.00;22.90
1498252;101116;234542.62;512022.0665N;091001.6656E;310.575843;341.30;0.36;0.00;22.90
1498423;101116;234543.62;512022.0665N;091001.6656E;310.575843;340.90;0.36;0.00;22.90
1498595;101116;234544.64;512022.0665N;091001.6656E;310.575843;340.40;0.36;0.00;22.90
1498766;101116;234545.62;512022.0665N;091001.6656E;310.575843;340.90;0.36;0.00;22.80
1498937;101116;234546.62;512022.0665N;091001.6656E;310.575843;340.80;0.36;0.00;22.90
1499107;101116;234547.66;512022.0665N;091001.6656E;310.575843;341.00;0.36;0.00;22.90
1499278;101116;234548.62;512022.0665N;091001.6656E;310.575843;340.80;0.36;0.00;22.90
1499449;101116;234549.62;512022.0665N;091001.6656E;310.575843;340.80;0.36;0.00;22.90
1499620;101116;234550.63;512022.0665N;091001.6656E;310.575843;340.90;0.36;0.00;22.90
1499791;101116;234551.62;512022.0665N;091001.6656E;310.575843;341.00;0.36;0.00;22.90
1499962;101116;234552.62;512022.0665N;091001.6656E;310.575843;340.60;0.36;0.00;22.90
1500134;101116;234553.62;512022.0665N;091001.6656E;310.575843;340.70;0.36;0.00;22.90
1500302;101116;234554.62;512022.0665N;091001.6656E;310.575843;341.20;0.36;0.00;22.90
1500473;101116;234555.62;512022.0665N;091001.6656E;310.575843;340.60;0.36;0.00;22.90
1500641;101116;234556.67;512022.0665N;091001.6656E;310.575843;340.00;0.36;0.00;22.90
1500812;101116;234557.62;512022.0665N;091001.6656E;310.575843;340.90;0.36;0.00;22.90
1500983;101116;234558.62;512022.0665N;091001.6656E;310.575843;341.00;0.36;0.00;22.90
1501154;101116;234559.62;512022.0665N;091001.6656E;310.575843;340.80;0.36;0.00;22.90
1501325;101116;234600.62;512022.0665N;091001.6656E;310.575843;340.90;0.36;0.00;22.90
1501496;101116;234601.62;512022.0665N;091001.6656E;310.575843;340.90;0.36;0.00;22.90
1501667;101116;234602.64;512022.0665N;091001.6656E;310.575843;340.60;0.36;0.00;22.90
1501838;101116;234603.62;512022.0665N;091001.6656E;310.575843;341.20;0.36;0.00;22.90
1502010;101116;234604.62;512022.0665N;091001.6656E;310.575843;340.90;0.36;0.00;22.90
1502145;101116;234605.65;512022.0665N;091001.6656E;310.575843;341.00;0.36;0.00;22.90
1502316;101116;234606.64;512022.0665N;091001.6656E;310.575843;341.20;0.36;0.00;22.90
1502487;101116;234607.62;512022.0665N;091001.6656E;310.575843;341.00;0.36;0.00;22.90
1502658;101116;234608.64;512022.0665N;091001.6656E;310.575843;340.30;0.36;0.00;22.90
1502825;101116;234609.74;512022.0665N;091001.6656E;310.575843;341.10;0.36;0.00;22.90
1502996;101116;234610.74;512022.0665N;091001.6656E;310.575843;341.00;0.36;0.00;22.90
1503166;101116;234611.74;512022.0665N;091001.6656E;310.575843;340.80;0.36;0.00;22.90
1503337;101116;234612.74;512022.0665N;091001.6656E;310.575843;341.00;0.36;0.00;22.90
1503508;101116;234613.74;512022.0665N;091001.6656E;310.575843;341.00;0.36;0.00;22.90
1503647;101116;234614.74;512022.0665N;091001.6656E;310.575843;340.70;0.36;0.01;22.90
1503818;101116;234615.74;512022.0665N;091001.6656E;310.575843;340.80;0.36;0.00;22.90
1503989;101116;234616.74;512022.0665N;091001.6656E;310.575843;341.20;0.36;0.00;22.90
1504158;101116;234617.74;512022.0665N;091001.6656E;310.575843;340.60;0.36;0.00;22.90
1504329;101116;234618.72;512022.0665N;091001.6656E;310.575843;341.00;0.36;0.00;22.90
1504499;101116;234619.72;512022.0665N;091001.6656E;310.575843;340.90;0.36;0.00;22.90
1504670;101116;234620.72;512022.0665N;091001.6656E;310.575843;341.20;0.36;0.00;22.90
1504836;101116;234621.72;512022.0665N;091001.6656E;310.575843;341.20;0.36;0.01;22.90
1505008;101116;234622.72;512022.0665N;091001.6656E;310.575843;341.10;0.36;0.00;22.90
1505179;101116;234623.72;512022.0665N;091001.6656E;310.575843;341.10;0.36;0.00;22.90
1505350;101116;234624.72;512022.0665N;091001.6656E;310.575843;341.30;0.36;0.00;22.90
1505521;101116;234625.72;512022.0665N;091001.6656E;310.575843;340.90;0.36;0.00;22.90
1505687;101116;234626.72;512022.0665N;091001.6656E;310.575843;340.80;0.36;0.00;22.90
1505857;101116;234627.72;512022.0665N;091001.6656E;310.575843;341.10;0.36;0.00;22.90
1506028;101116;234628.72;512022.0665N;091001.6656E;310.575843;340.90;0.36;0.00;22.90
1506181;101116;234629.72;512022.0665N;091001.6656E;310.575843;341.10;0.36;0.00;22.90
1506352;101116;234630.72;512022.0665N;091001.6656E;310.575843;340.80;0.36;0.00;22.90
1506523;101116;234631.72;512022.0665N;091001.6656E;310.575843;341.00;0.36;0.00;22.90
1506695;101116;234632.72;512022.0665N;091001.6656E;310.575843;340.80;0.36;0.00;22.80
1506865;101116;234633.72;512022.0665N;091001.6656E;310.575843;341.00;0.36;0.00;22.90
1507037;101116;234634.72;512022.0665N;091001.6656E;310.575843;340.90;0.36;0.00;22.90
1507207;101116;234635.72;512022.0665N;091001.6656E;310.575843;340.50;0.36;0.00;22.90
1507378;101116;234636.72;512022.0665N;091001.6656E;310.575843;340.80;0.36;0.00;22.90
1507549;101116;234637.72;512022.0665N;091001.6656E;310.575843;340.90;0.36;0.00;22.90
1507720;101116;234638.72;512022.0665N;091001.6656E;310.575843;340.80;0.36;0.00;22.90
1507892;101116;234639.72;512022.0665N;091001.6656E;310.575843;341.00;0.36;0.00;22.90
1508063;101116;234640.72;512022.0665N;091001.6656E;310.575843;340.70;0.36;0.00;22.90
1508234;101116;234641.72;512022.0665N;091001.6656E;310.575843;340.90;0.36;0.00;22.90
1508405;101116;234642.72;512022.0665N;091001.6656E;310.575843;341.10;0.36;0.00;22.90
1508576;101116;234643.72;512022.0665N;091001.6656E;310.575843;340.60;0.36;0.00;22.90
1508747;101116;234644.72;512022.0665N;091001.6656E;310.575843;340.70;0.36;0.00;22.90
1508918;101116;234645.72;512022.0665N;091001.6656E;310.575843;340.70;0.36;0.00;22.90
1509089;101116;234646.72;512022.0665N;091001.6656E;310.575843;340.80;0.36;0.00;22.90
1509260;101116;234647.72;512022.0665N;091001.6656E;310.575843;340.60;0.36;0.00;22.90
1509431;101116;234648.72;512022.0665N;091001.6656E;310.575843;340.90;0.36;0.00;22.90
1509602;101116;234649.72;512022.0665N;091001.6656E;310.575843;341.00;0.36;0.00;22.90
1509773;101116;234650.72;512022.0665N;091001.6656E;310.575843;340.90;0.36;0.00;22.90
1509944;101116;234651.72;512022.0665N;091001.6656E;310.575843;340.80;0.36;0.00;22.80
1510114;101116;234652.72;512022.0665N;091001.6656E;310.575843;340.70;0.36;0.00;22.90
1510286;101116;234653.72;512022.0665N;091001.6656E;310.575843;340.50;0.36;0.00;22.90
1510457;101116;234654.72;512022.0665N;091001.6656E;310.575843;341.00;0.36;0.00;22.90
1510628;101116;234655.72;512022.0665N;091001.6656E;310.575843;340.70;0.36;0.00;22.90
1510799;101116;234656.72;512022.0665N;091001.6656E;310.575843;340.30;0.36;0.00;22.90
1510970;101116;234657.72;512022.0665N;091001.6656E;310.575843;340.80;0.36;0.00;23.00
1511141;101116;234658.72;512022.0665N;091001.6656E;310.575843;340.80;0.36;0.00;22.90
1511312;101116;234659.72;512022.0665N;091001.6656E;310.575843;340.40;0.36;0.00;22.90
1511483;101116;234700.72;512022.0665N;091001.6656E;310.575843;340.70;0.36;0.00;22.90
1511654;101116;234701.72;512022.0665N;091001.6656E;310.575843;340.10;0.36;0.00;23.00
1511826;101116;234702.70;512022.0665N;091001.6656E;310.575843;340.10;0.36;0.00;22.90
1511997;101116;234703.69;512022.0665N;091001.6656E;310.575843;340.70;0.36;0.00;22.90
1512168;101116;234704.72;512022.0665N;091001.6656E;310.575843;341.00;0.36;0.00;22.90
1512342;101116;234705.77;512022.0665N;091001.6656E;310.575843;340.80;0.36;0.00;22.90
1512513;101116;234706.75;512022.0665N;091001.6656E;310.575843;340.80;0.36;0.01;22.90
1512684;101116;234707.72;512022.0665N;091001.6656E;310.575843;340.90;0.36;0.00;22.90
1512856;101116;234708.76;512022.0665N;091001.6656E;310.575843;340.80;0.36;0.00;22.90
1513027;101116;234709.74;512022.0665N;091001.6656E;310.575843;340.60;0.36;0.00;23.00
1513198;101116;234710.74;512022.0665N;091001.6656E;310.575843;341.20;0.36;0.00;23.00
1513369;101116;234711.72;512022.0665N;091001.6656E;310.575843;340.80;0.36;0.01;23.00
1513540;101116;234712.74;512022.0665N;091001.6656E;310.575843;340.90;0.36;0.00;22.90
1513711;101116;234713.72;512022.0665N;091001.6656E;310.575843;340.70;0.36;0.00;22.90
1513882;101116;234714.73;512022.0665N;091001.6656E;310.575843;340.40;0.36;0.00;22.90
1514053;101116;234715.72;512022.0665N;091001.6656E;310.575843;340.60;0.36;0.00;22.90
1514224;101116;234716.72;512022.0665N;091001.6656E;310.575843;340.50;0.36;0.00;22.90
1514396;101116;234717.77;512022.0665N;091001.6656E;310.575843;340.60;0.36;0.00;22.90
1514545;101116;234718.74;512022.0665N;091001.6656E;310.575843;341.10;0.36;0.00;22.90
1514716;101116;234719.72;512022.0665N;091001.6656E;310.575843;341.20;0.36;0.00;23.00
1514888;101116;234720.74;512022.0665N;091001.6656E;310.575843;340.80;0.36;0.00;23.00
1515028;101116;234721.72;512022.0665N;091001.6656E;310.575843;340.80;0.36;0.00;22.90
1515199;101116;234722.72;512022.0665N;091001.6656E;310.575843;340.50;0.36;0.00;22.90
1515369;101116;234723.76;512022.0665N;091001.6656E;310.575843;340.30;0.36;0.00;23.00
1515541;101116;234724.72;512022.0665N;091001.6656E;310.575843;340.70;0.36;0.01;22.90
1515712;101116;234725.72;512022.0665N;091001.6656E;310.575843;340.80;0.36;0.00;22.90
1515863;101116;234726.74;512022.0665N;091001.6656E;310.575843;340.50;0.36;0.00;23.00
1516034;101116;234727.72;512022.0665N;091001.6656E;310.575843;340.70;0.36;0.00;23.00
1516150;101116;234728.71;512022.0665N;091001.6656E;310.575843;340.30;0.36;0.00;23.00
1516318;101116;234729.72;512022.0665N;091001.6656E;310.575843;340.50;0.36;0.00;23.00
1516489;101116;234730.74;512022.0665N;091001.6656E;310.575843;340.90;0.36;0.00;23.00
1516660;101116;234731.72;512022.0665N;091001.6656E;310.575843;340.50;0.36;0.00;22.90
1516831;101116;234732.76;512022.0665N;091001.6656E;310.575843;340.50;0.36;0.00;22.90
1517002;101116;234733.72;512022.0665N;091001.6656E;310.575843;340.70;0.36;0.00;22.90
1517173;101116;234734.72;512022.0665N;091001.6656E;310.575843;340.60;0.36;0.00;22.90
1517312;101116;234735.74;512022.0665N;091001.6656E;310.575843;340.80;0.36;0.00;22.90
1517483;101116;234736.72;512022.0665N;091001.6656E;310.575843;340.90;0.36;0.00;22.90
1517655;101116;234737.72;512022.0665N;091001.6656E;310.575843;340.60;0.36;0.00;23.00
1517826;101116;234738.74;512022.0665N;091001.6656E;310.575843;340.10;0.36;0.00;23.00
1517997;101116;234739.77;512022.0665N;091001.6656E;310.575843;340.60;0.36;0.00;23.00
1518168;101116;234740.72;512022.0665N;091001.6656E;310.575843;340.90;0.36;0.00;23.00
1518339;101116;234741.72;512022.0665N;091001.6656E;310.575843;340.90;0.36;0.00;22.90
1518510;101116;234742.77;512022.0665N;091001.6656E;310.575843;340.00;0.36;0.00;22.90
1518682;101116;234743.72;512022.0665N;091001.6656E;310.575843;340.70;0.36;0.00;22.90
1518853;101116;234744.72;512022.0665N;091001.6656E;310.575843;340.50;0.36;0.00;23.00
1519024;101116;234745.76;512022.0665N;091001.6656E;310.575843;340.10;0.36;0.00;23.00
1519195;101116;234746.74;512022.0665N;091001.6656E;310.575843;340.60;0.36;0.00;22.90
1519366;101116;234747.74;512022.0665N;091001.6656E;310.575843;340.30;0.36;0.00;23.00
1519536;101116;234748.72;512022.0665N;091001.6656E;310.575843;340.40;0.36;0.00;23.00
1519708;101116;234749.72;512022.0665N;091001.6656E;310.575843;340.70;0.36;0.00;23.00
1519879;101116;234750.75;512022.0665N;091001.6656E;310.575843;340.50;0.36;0.00;23.00
1520050;101116;234751.72;512022.0665N;091001.6656E;310.575843;340.40;0.36;0.00;23.00
1520221;101116;234752.74;512022.0665N;091001.6656E;310.575843;340.30;0.36;0.01;23.00
1520392;101116;234753.73;512022.0665N;091001.6656E;310.575843;340.40;0.36;0.00;23.00
1520563;101116;234754.72;512022.0665N;091001.6656E;310.575843;340.80;0.36;0.00;23.00
1520734;101116;234755.72;512022.0665N;091001.6656E;310.575843;340.30;0.36;0.00;23.00
1520906;101116;234756.73;512022.0665N;091001.6656E;310.575843;340.20;0.36;0.00;23.00
1521077;101116;234757.74;512022.0665N;091001.6656E;310.575843;340.50;0.36;0.00;23.00
1521248;101116;234758.42;512022.0665N;091001.6656E;310.575843;340.10;0.36;0.00;23.00
1521419;101116;234759.76;512022.0665N;091001.6656E;310.575843;339.80;0.36;0.00;23.10
1521590;101116;234800.74;512022.0665N;091001.6656E;310.575843;339.90;0.36;0.00;23.10
1521761;101116;234801.42;512022.0665N;091001.6656E;310.575843;340.20;0.36;0.00;23.00
1521932;101116;234802.77;512022.0665N;091001.6656E;310.575843;340.10;0.36;0.00;23.10
1522103;101116;234803.74;512022.0665N;091001.6656E;310.575843;340.70;0.36;0.00;23.10
1522274;101116;234804.32;512022.0665N;091001.6656E;310.575843;340.00;0.36;0.00;23.10
1522446;101116;234805.77;512022.0665N;091001.6656E;310.575843;340.20;0.36;0.00;23.10
1522614;101116;234806.78;512022.0665N;091001.6656E;310.575843;340.30;0.36;0.00;23.10
1522785;101116;234807.76;512022.0665N;091001.6656E;310.575843;340.40;0.36;0.00;23.10
1522957;101116;234808.76;512022.0665N;091001.6656E;310.575843;339.70;0.36;0.00;23.10
1523128;101116;234809.76;512022.0665N;091001.6656E;310.575843;340.10;0.36;0.00;23.00
1523300;101116;234810.73;512022.0665N;091001.6656E;310.575843;339.80;0.36;0.00;23.10
1523471;101116;234811.77;512022.0665N;091001.6656E;310.575843;340.40;0.36;0.00;23.00
1523642;101116;234812.77;512022.0665N;091001.6656E;310.575843;340.90;0.36;0.00;23.00
1523814;101116;234813.73;512022.0665N;091001.6656E;310.575843;340.50;0.36;0.00;23.00
1523985;101116;234814.78;512022.0665N;091001.6656E;310.575843;340.60;0.36;0.00;23.00
1524156;101116;234815.76;512022.0665N;091001.6656E;310.575843;340.70;0.36;0.00;23.00
1524327;101116;234816.72;512022.0665N;091001.6656E;310.575843;339.90;0.36;0.00;23.00
1524500;101116;234817.76;512022.0665N;091001.6656E;310.575843;340.50;0.36;0.00;23.00
1524671;101116;234818.75;512022.0665N;091001.6656E;310.575843;340.80;0.36;0.00;23.00
1524842;101116;234819.72;512022.0665N;091001.6656E;310.575843;340.50;0.36;0.00;23.00
1525013;101116;234820.76;512022.0665N;091001.6656E;310.575843;340.70;0.36;0.00;23.00
1525183;101116;234821.74;512022.0665N;091001.6656E;310.575843;340.70;0.36;0.00;23.00
1525355;101116;234822.73;512022.0665N;091001.6656E;310.575843;340.80;0.36;0.00;23.00
1525527;101116;234823.78;512022.0665N;091001.6656E;310.575843;340.40;0.36;0.00;23.00
1525698;101116;234824.80;512022.0665N;091001.6656E;310.575843;340.10;0.35;0.00;23.00
1525869;101116;234825.73;512022.0665N;091001.6656E;310.575843;340.20;0.36;0.00;23.00
1526041;101116;234826.78;512022.0665N;091001.6656E;310.575843;340.00;0.36;0.00;23.00
1526212;101116;234827.82;512022.0665N;091001.6656E;310.575843;340.40;0.36;0.00;23.00
1526383;101116;234828.73;512022.0665N;091001.6656E;310.575843;340.00;0.36;0.00;23.00
1526555;101116;234829.82;512022.0665N;091001.6656E;310.575843;340.80;0.36;0.00;23.00
1526726;101116;234830.80;512022.0665N;091001.6656E;310.575843;340.10;0.36;0.00;23.00
1526897;101116;234831.73;512022.0665N;091001.6656E;310.575843;340.50;0.36;0.00;23.00
1527070;101116;234832.78;512022.0665N;091001.6656E;310.575843;339.90;0.36;0.00;23.00
1527241;101116;234833.82;512022.0665N;091001.6656E;310.575843;340.40;0.36;0.00;23.00
1527412;101116;234834.42;512022.0665N;091001.6656E;310.575843;340.50;0.36;0.00;23.00
1527583;101116;234835.81;512022.0665N;091001.6656E;310.575843;340.20;0.36;0.00;23.00
1527754;101116;234836.82;512022.0665N;091001.6656E;310.575843;340.40;0.36;0.00;23.00
1527925;101116;234837.42;512022.0665N;091001.6656E;310.575843;340.00;0.35;0.00;23.00
1528096;101116;234838.81;512022.0665N;091001.6656E;310.575843;340.20;0.36;0.00;23.00
1528267;101116;234839.83;512022.0665N;091001.6656E;310.575843;339.70;0.36;0.00;23.00
1528438;101116;234840.42;512022.0665N;091001.6656E;310.575843;340.30;0.36;0.00;23.00
1528610;101116;234841.81;512022.0665N;091001.6656E;310.575843;340.40;0.36;0.01;23.00
1528781;101116;234842.82;512022.0665N;091001.6656E;310.575843;340.80;0.36;0.00;23.00
1528950;101116;234843.73;512022.0665N;091001.6656E;310.575843;340.30;0.36;0.00;22.90
1529121;101116;234844.81;512022.0665N;091001.6656E;310.575843;339.80;0.36;0.00;23.00
1529292;101116;234845.82;512022.0665N;091001.6656E;310.575843;340.70;0.36;0.00;23.00
1529462;101116;234846.73;512022.0665N;091001.6656E;310.575843;340.20;0.36;0.00;23.00
1529633;101116;234847.83;512022.0665N;091001.6656E;310.575843;340.10;0.36;0.00;23.00
1529805;101116;234848.83;512022.0665N;091001.6656E;310.575843;340.00;0.36;0.00;23.00
1529976;101116;234849.42;512022.0665N;091001.6656E;310.575843;340.30;0.36;0.00;23.00
1530147;101116;234850.82;512022.0665N;091001.6656E;310.575843;340.10;0.36;0.00;23.00
1530322;101116;234851.84;512022.0665N;091001.6656E;310.575843;340.30;0.36;0.01;23.00
1530492;101116;234852.42;512022.0665N;091001.6656E;310.575843;339.80;0.36;0.00;23.00
1530664;101116;234853.84;512022.0665N;091001.6656E;310.575843;340.60;0.36;0.00;23.00
1530835;101116;234854.83;512022.0665N;091001.6656E;310.575843;340.40;0.36;0.00;23.00
1531006;101116;234855.42;512022.0665N;091001.6656E;310.575843;340.60;0.36;0.00;23.00
1531177;101116;234856.84;512022.0665N;091001.6656E;310.575843;340.70;0.36;0.00;23.00
1531348;101116;234857.82;512022.0665N;091001.6656E;310.575843;340.50;0.36;0.00;23.00
1531518;101116;234858.42;512022.0665N;091001.6656E;310.575843;340.10;0.36;0.00;23.00
1531689;101116;234859.84;512022.0665N;091001.6656E;310.575843;340.80;0.36;0.00;23.00
1531863;101116;234900.84;512022.0665N;091001.6656E;310.575843;340.00;0.36;0.00;23.00
1532035;101116;234901.42;512022.0665N;091001.6656E;310.575843;340.90;0.36;0.00;23.00
1532205;101116;234902.83;512022.0665N;091001.6656E;310.575843;340.30;0.36;0.00;23.00
1532376;101116;234903.85;512022.0665N;091001.6656E;310.575843;340.20;0.36;0.00;23.00
1532545;101116;234904.42;512022.0665N;091001.6656E;310.575843;340.50;0.36;0.00;23.00
1532716;101116;234905.84;512022.0665N;091001.6656E;310.575843;340.60;0.36;0.00;23.00
1532888;101116;234906.42;512022.0665N;091001.6656E;310.575843;340.00;0.36;0.00;23.00
1533059;101116;234907.42;512022.0665N;091001.6656E;310.575843;340.40;0.36;0.00;23.00
1533231;101116;234908.84;512022.0665N;091001.6656E;310.575843;340.20;0.36;0.00;23.00
1533402;101116;234909.84;512022.0665N;091001.6656E;310.575843;340.80;0.35;0.00;23.00
1533573;101116;234910.42;512022.0665N;091001.6656E;310.575843;340.70;0.36;0.00;23.00
1533745;101116;234911.85;512022.0665N;091001.6656E;310.575843;340.30;0.36;0.00;23.00
1533916;101116;234912.84;512022.0665N;091001.6656E;310.575843;339.90;0.35;0.00;23.00
1534087;101116;234913.42;512022.0665N;091001.6656E;310.575843;340.50;0.36;0.00;23.00
1534258;101116;234914.84;512022.0665N;091001.6656E;310.575843;340.30;0.36;0.00;23.00
1534429;101116;234915.84;512022.0665N;091001.6656E;310.575843;340.40;0.36;0.00;23.00
1534601;101116;234916.42;512022.0665N;091001.6656E;310.575843;340.20;0.36;0.00;23.00
1534772;101116;234917.84;512022.0665N;091001.6656E;310.575843;340.70;0.36;0.00;23.00
1534943;101116;234918.83;512022.0665N;091001.6656E;310.575843;340.70;0.36;0.00;23.00
1535115;101116;234919.52;512022.0665N;091001.6656E;310.575843;340.20;0.36;0.00;23.00
1535287;101116;234920.90;512022.0665N;091001.6656E;310.575843;339.40;0.36;0.00;23.00
1535463;101116;234921.89;512022.0665N;091001.6656E;310.575843;340.40;0.36;0.00;23.00
1535634;101116;234922.52;512022.0665N;091001.6656E;310.575843;340.20;0.36;0.00;23.00
1535806;101116;234923.90;512022.0665N;091001.6656E;310.575843;339.80;0.36;0.00;23.00
1535977;101116;234924.89;512022.0665N;091001.6656E;310.575843;340.00;0.36;0.00;23.00
1536149;101116;234925.52;512022.0665N;091001.6656E;310.575843;339.80;0.35;0.00;23.00
1536320;101116;234926.90;512022.0665N;091001.6656E;310.575843;340.10;0.36;0.00;23.00
1536492;101116;234927.92;512022.0665N;091001.6656E;310.575843;340.60;0.36;0.00;23.00
1536662;101116;234928.52;512022.0665N;091001.6656E;310.575843;340.60;0.36;0.00;23.00
1536834;101116;234929.85;512022.0665N;091001.6656E;310.575843;340.40;0.36;0.00;23.00
1537006;101116;234930.92;512022.0665N;091001.6656E;310.575843;340.50;0.36;0.00;23.00
1537173;101116;234931.52;512022.0665N;091001.6656E;310.575843;340.70;0.36;0.00;23.00
1537350;101116;234932.89;512022.0665N;091001.6656E;310.575843;340.30;0.36;0.00;23.00
1537521;101116;234933.92;512022.0665N;091001.6656E;310.575843;340.80;0.36;0.00;23.00
1537691;101116;234934.52;512022.0665N;091001.6656E;310.575843;340.50;0.36;0.00;23.00
1537863;101116;234935.92;512022.0665N;091001.6656E;310.575843;340.40;0.36;0.00;23.10
1538033;101116;234936.92;512022.0665N;091001.6656E;310.575843;340.70;0.36;0.00;23.00
1538205;101116;234937.52;512022.0665N;091001.6656E;310.575843;340.60;0.36;0.00;23.00
1538376;101116;234938.52;512022.0665N;091001.6656E;310.575843;340.00;0.36;0.00;23.10
1538546;101116;234939.85;512022.0665N;091001.6656E;310.575843;340.60;0.36;0.00;23.10
1538716;101116;234940.52;512022.0665N;091001.6656E;310.575843;340.20;0.36;0.00;23.10
1538887;101116;234941.92;512022.0665N;091001.6656E;310.575843;339.80;0.36;0.00;23.10
1539057;101116;234942.92;512022.0665N;091001.6656E;310.575843;340.90;0.36;0.00;23.10
1539229;101116;234943.52;512022.0665N;091001.6656E;310.575843;339.60;0.36;0.00;23.10
1539390;101116;234944.93;512022.0665N;091001.6656E;310.575843;340.10;0.36;0.00;23.10
1539560;101116;234945.92;512022.0665N;091001.6656E;310.575843;339.90;0.36;0.00;23.10
1539732;101116;234946.52;512022.0665N;091001.6656E;310.575843;341.20;0.36;0.00;23.10
1539902;101116;234947.93;512022.0665N;091001.6656E;310.575843;339.70;0.36;0.00;23.10
1540041;101116;234948.93;512022.0665N;091001.6656E;310.575843;340.10;0.36;0.00;23.10
1540212;101116;234949.52;512022.0665N;091001.6656E;310.575843;340.10;0.36;0.00;23.10
1540383;101116;234950.93;512022.0665N;091001.6656E;310.575843;340.10;0.36;0.00;23.10
1540555;101116;234951.92;512022.0665N;091001.6656E;310.575843;340.60;0.36;0.00;23.10
1540718;101116;234952.52;512022.0665N;091001.6656E;310.575843;340.70;0.36;0.00;23.10
1540889;101116;234953.92;512022.0665N;091001.6656E;310.575843;340.00;0.36;0.00;23.10
1541060;101116;234954.93;512022.0665N;091001.6656E;310.575843;339.80;0.36;0.00;23.10
1541232;101116;234955.52;512022.0665N;091001.6656E;310.575843;340.40;0.36;0.00;23.10
1541402;101116;234956.93;512022.0665N;091001.6656E;310.575843;340.90;0.36;0.00;23.10
1541573;101116;234957.92;512022.0665N;091001.6656E;310.575843;341.00;0.36;0.00;23.10
1541742;101116;234958.52;512022.0665N;091001.6656E;310.575843;340.40;0.36;0.00;23.10
1541914;101116;234959.93;512022.0665N;091001.6656E;310.575843;339.90;0.36;0.00;23.10
1542083;101116;235000.93;512022.0665N;091001.6656E;310.575843;340.30;0.36;0.00;23.10
